procs -----------memory---------- ---swap-- -----io---- -system-- ------cpu----- -----timestamp-----
 r  b   swpd   free   buff  cache   si   so    bi    bo   in   cs us sy id wa st                 UTC
 0  0      0 31165324  25348 476304    0    0     4     2  347  407 16  4 80  0  0 2026-10-01 10:11:22
 0  0      0 31151268  25356 476412    0    0     0    56 1940 1959  1  0 99  0  0 2026-10-01 10:11:23
 0  0      0 31150512  25356 476420    0    0     0     0  103  158  0  0 100  0  0 2026-10-01 10:11:24
 0  0      0 31150512  25356 476420    0    0     0     0   68  122  0  0 100  0  0 2026-10-01 10:11:25
 0  0      0 31151492  25356 476420    0    0     0     0 2948 2401  2  0 98  0  0 2026-10-01 10:11:26
 0  0      0 31150288  25356 476420    0    0     0     0  100  174  0  0 100  0  0 2026-10-01 10:11:27
 0  0      0 31150288  25364 476412    0    0     0    28  100  162  0  0 100  0  0 2026-10-01 10:11:28
 2  0      0 31105040  25364 476420    0    0     0     0 34121 38752 14  1 85  0  0 2026-10-01 10:11:29
 1  0      0 31048928  25364 476420    0    0     0     0 38460 45711 14  1 85  0  0 2026-10-01 10:11:30
13  0      0 30965544  25364 476452    0    0     0     0 49877 53728 21  2 77  0  0 2026-10-01 10:11:31
 2  0      0 30873172  25364 476868    0    0     0     0 53265 54176 22  2 76  0  0 2026-10-01 10:11:32
 3  0      0 30752468  25364 477780    0    0     0    12 62027 57502 28  3 69  0  0 2026-10-01 10:11:33
 0  0      0 30656940  25372 478692    0    0     0    28 60269 57575 27  3 71  0  0 2026-10-01 10:11:34
 0  0      0 30528860  25372 479812    0    0     0     0 68382 58686 32  3 64  0  0 2026-10-01 10:11:35
 0  0      0 30386404  25372 480612    0    0     0     0 71626 58556 33  4 64  0  0 2026-10-01 10:11:36
16  0      0 30276952  25372 481668    0    0     0     0 77231 62139 35  4 61  0  0 2026-10-01 10:11:37
 0  0      0 30144784  25372 482676    0    0     0     0 78422 58586 38  3 58  0  0 2026-10-01 10:11:38
 2  0      0 30085312  25372 483732    0    0     0     0 81248 62729 38  4 58  0  0 2026-10-01 10:11:39
 0  0      0 29922048  25380 484364    0    0     0    12 86039 57976 44  4 52  0  0 2026-10-01 10:11:40
10  0      0 29779032  25380 485428    0    0     0     0 83700 59849 40  3 57  0  0 2026-10-01 10:11:41
17  0      0 29671988  25380 486036    0    0     0     0 93443 66719 40  5 55  0  0 2026-10-01 10:11:42
procs -----------memory---------- ---swap-- -----io---- -system-- ------cpu----- -----timestamp-----
 r  b   swpd   free   buff  cache   si   so    bi    bo   in   cs us sy id wa st                 UTC
16  0      0 29592864  25380 486996    0    0     0    52 91058 60196 44  4 51  0  0 2026-10-01 10:11:43
 0  0      0 29407624  25380 487668    0    0     0     4 99769 63918 44  5 52  0  0 2026-10-01 10:11:44
 6  0      0 29401888  25380 488620    0    0     0     0 88563 60161 46  4 49  0  0 2026-10-01 10:11:45
13  0      0 29180420  25388 489484    0    0     0    20 103070 63933 47  5 48  0  0 2026-10-01 10:11:46
16  0      0 29171260  25388 490340    0    0     0     0 89996 56150 48  5 47  0  0 2026-10-01 10:11:47
15  0      0 28892660  25388 491068    0    0     0     0 107361 64155 47  6 48  0  0 2026-10-01 10:11:48
16  0      0 28882984  25388 491756    0    0     0     0 96418 60060 50  5 45  0  0 2026-10-01 10:11:49
11  0      0 28639332  25388 492500    0    0     0     4 102512 55440 46  5 49  0  0 2026-10-01 10:11:50
16  0      0 28637276  25388 493260    0    0     0     0 100409 53971 53  5 42  0  0 2026-10-01 10:11:51
16  0      0 28345968  25396 493652    0    0     0    12 114485 60984 48  6 47  0  0 2026-10-01 10:11:52
16  0      0 28332920  25396 494588    0    0     0   772 105168 64151 43  5 51  0  0 2026-10-01 10:11:53
 6  0      0 28330568  25396 495236    0    0     0     0 103111 52276 54  5 41  0  0 2026-10-01 10:11:54
 6  0      0 28158196  25396 495828    0    0     0     0 117294 50722 55  6 39  0  0 2026-10-01 10:11:55
 2  0      0 28113296  25396 496332    0    0     0     4 111586 53803 54  5 41  0  0 2026-10-01 10:11:56
16  0      0 28104888  25396 496796    0    0     0     0 110164 60927 43  5 53  0  0 2026-10-01 10:11:57
 8  0      0 28044956  25404 497508    0    0     0    28 122529 62419 49  6 45  0  0 2026-10-01 10:11:58
 4  0      0 28027684  25404 498052    0    0     0     0 120164 63009 52  6 42  0  0 2026-10-01 10:11:59
12  0      0 27935204  25404 498252    0    0     0     0 118621 54812 50  5 45  0  0 2026-10-01 10:12:00
 5  0      0 27924888  25404 499020    0    0     0     0 125858 76748 41  6 53  0  0 2026-10-01 10:12:01
 2  0      0 27855128  25404 499180    0    0     0     8 121822 57555 51  7 43  0  0 2026-10-01 10:12:02
 2  0      0 27767240  25412 499468    0    0     0    36 118986 58481 48  6 46  0  0 2026-10-01 10:12:03
procs -----------memory---------- ---swap-- -----io---- -system-- ------cpu----- -----timestamp-----
 r  b   swpd   free   buff  cache   si   so    bi    bo   in   cs us sy id wa st                 UTC
16  0      0 27763324  25412 500076    0    0     0     0 123106 69796 42  6 52  0  0 2026-10-01 10:12:04
 7  0      0 27751984  25412 500628    0    0     0     0 114470 59536 50  6 45  0  0 2026-10-01 10:12:05
 5  0      0 27641356  25412 500676    0    0     0     0 122753 64041 46  6 49  0  0 2026-10-01 10:12:06
 3  0      0 27639928  25412 501236    0    0     0     0 132175 83324 38  6 56  0  0 2026-10-01 10:12:07
 0  0      0 27548416  25412 501732    0    0     0     4 122094 48067 57  6 37  0  0 2026-10-01 10:12:08
 1  0      0 27487324  25420 502284    0    0     0    12 117696 59042 46  6 47  0  0 2026-10-01 10:12:09
 8  0      0 27484552  25420 502316    0    0     0     0 121427 77887 29  5 66  0  0 2026-10-01 10:12:10
11  0      0 27379756  25420 502948    0    0     0     0 122709 52679 56  6 38  0  0 2026-10-01 10:12:11
 0  0      0 27379280  25420 502956    0    0     0     0 125252 76133 33  6 61  0  0 2026-10-01 10:12:12
 0  0      0 27360272  25420 503484    0    0     0     0 115272 62028 50  6 44  0  0 2026-10-01 10:12:13
16  0      0 27312448  25428 503620    0    0     0    16 125505 72848 38  5 56  0  0 2026-10-01 10:12:14
 5  0      0 27238332  25428 504116    0    0     0     0 124925 60025 48  6 45  0  0 2026-10-01 10:12:15
 6  0      0 27194288  25428 504492    0    0     0    40 118685 59040 47  6 47  0  0 2026-10-01 10:12:16
 4  0      0 27188128  25428 504828    0    0     0     0 132394 85538 36  6 58  0  0 2026-10-01 10:12:17
 4  0      0 27073860  25428 505188    0    0     0     0 130298 61410 53  6 41  0  0 2026-10-01 10:12:18
 3  0      0 27069828  25428 505220    0    0     0     0 127586 86370 28  5 67  0  0 2026-10-01 10:12:19
 6  0      0 26996328  25436 505580    0    0     0    16 126415 61113 53  7 40  0  0 2026-10-01 10:12:20
16  0      0 26994704  25436 506020    0    0     0     0 126960 77712 35  7 58  0  0 2026-10-01 10:12:21
 0  0      0 26923164  25436 506756    0    0     0     0 107461 30065 52 26 22  0  0 2026-10-01 10:12:22
16  0      0 26922660  25436 506788    0    0     0     0 127485 76264 37 12 51  0  0 2026-10-01 10:12:23
 3  0      0 26842860  25436 506828    0    0     0     0 128075 61055 45 16 39  0  0 2026-10-01 10:12:24
procs -----------memory---------- ---swap-- -----io---- -system-- ------cpu----- -----timestamp-----
 r  b   swpd   free   buff  cache   si   so    bi    bo   in   cs us sy id wa st                 UTC
16  1      0 26777200  25444 507212    0    0     0    12 118367 50482 45 20 34  0  0 2026-10-01 10:12:25
 5  0      0 26758596  25444 507580    0    0     0     4 117380 61259 35 15 49  0  0 2026-10-01 10:12:26
16  0      0 26704668  25444 507580    0    0     0     0 128740 78399 32 14 54  0  0 2026-10-01 10:12:27
 0  0      0 26494372  25444 508332    0    0     0     0 117872 20986 54 33 12  0  0 2026-10-01 10:12:28
 0  0      0 26496688  25444 507996    0    0     0     0 85782 47593 16  5 79  0  0 2026-10-01 10:12:29
 0  0      0 31162428  25444 476756    0    0     0     0 49880 1895  0  3 97  0  0 2026-10-01 10:12:30
 0  0      0 31162556  25452 476432    0    0     0    28 21327  156  0  0 100  0  0 2026-10-01 10:12:31
 0  0      0 31162556  25452 476432    0    0     0     4  106  163  0  0 100  0  0 2026-10-01 10:12:32
 0  0      0 31163312  25452 476436    0    0     0   488  218  299  0  0 100  0  0 2026-10-01 10:12:33
