procs -----------memory---------- ---swap-- -----io---- -system-- ------cpu----- -----timestamp-----
 r  b   swpd   free   buff  cache   si   so    bi    bo   in   cs us sy id wa st                 UTC
 1  0      0 1329144  77268 904640    0    0   294  2922 10833 2044 39 10 49  2  0 2026-10-01 10:11:22
 0  1      0 1326788  77272 889108    0    0     0  4808  403  859  1  0 97  1  0 2026-10-01 10:11:23
 2  1      0 1652140  77504 582216    0    0     0 98796 6632 15419 34 10 29 26  0 2026-10-01 10:11:24
 0  0      0 1645568  77628 583868    0    0     0 11068 2629 5431 13  3 73 13  0 2026-10-01 10:11:25
 0  0      0 1645176  77644 584320    0    0     0   428 1002 1469  1  0 96  2  0 2026-10-01 10:11:26
 0  0      0 1645176  77644 584320    0    0     0     8   37   39  0  0 100  0  0 2026-10-01 10:11:27
 0  0      0 1645176  77644 584320    0    0     0   312   44   44  0  0 100  0  0 2026-10-01 10:11:28
 0  0      0 1639768  77656 586700    0    0     0  1176 4745 4495 16  2 77  5  0 2026-10-01 10:11:29
 0  1      0 1635360  77696 590088    0    0     0  1688 6299 6191 16  3 73  8  0 2026-10-01 10:11:30
 0  0      0 1633488  77752 594644    0    0     0  1584 10064 9683 27  4 63  6  0 2026-10-01 10:11:31
12  0      0 1631904  77792 600056    0    0     0  1636 13426 13298 33  6 56  6  0 2026-10-01 10:11:32
 0  0      0 1630236  77836 605668    0    0     0  1304 13537 12547 35  7 55  5  0 2026-10-01 10:11:33
 4  1      0 1626092  77848 611172    0    0     0   804 15615 14826 41  3 53  2  0 2026-10-01 10:11:34
 1  0      0 1619928  77884 617952    0    0     0  1296 18827 17505 47  6 43  4  0 2026-10-01 10:11:35
 9  0      0 1612508  77908 624400    0    0     0   936 19595 17688 45  7 45  3  0 2026-10-01 10:11:36
 8  0      0 1602620  77916 631884    0    0     0   768 22640 18931 54  7 38  1  0 2026-10-01 10:11:37
 3  0      0 1593196  77940 639000    0    0     0   844 21657 16111 60  8 29  2  0 2026-10-01 10:11:38
 4  0      0 1809080  77944 646812    0    0     0   488 26797 16088 59 11 29  1  0 2026-10-01 10:11:39
 1  0      0 1919432  77980 654952    0    0     0  1072 28308 19435 61 11 26  2  0 2026-10-01 10:11:40
 2  0      0 1917320  77996 663220    0    0     0   392 26336 18164 58 12 29  1  0 2026-10-01 10:11:41
 2  1      0 2050992  78000 671120    0    0     0   360 30295 16090 62 11 27  0  0 2026-10-01 10:11:42
procs -----------memory---------- ---swap-- -----io---- -system-- ------cpu----- -----timestamp-----
 r  b   swpd   free   buff  cache   si   so    bi    bo   in   cs us sy id wa st                 UTC
 6  0      0 2085368  78012 680160    0    0     0   720 26405 8750 77 12  9  2  0 2026-10-01 10:11:43
10  0      0 2084456  78020 688152    0    0     0   232 29060 18887 60 12 27  1  0 2026-10-01 10:11:44
 3  0      0 2083096  78024 697208    0    0     0   476 31538 18582 68 14 18  1  0 2026-10-01 10:11:45
 3  0      0 2081680  78032 704936    0    0     0   192 31222 18541 63 14 22  1  0 2026-10-01 10:11:46
 3  0      0 2079364  78040 714732    0    0     0   220 31145 10428 74 15 10  1  0 2026-10-01 10:11:47
 7  0      0 2027016  78040 722140    0    0     0   264 33246 19019 61 17 22  0  0 2026-10-01 10:11:48
 3  0      0 1967708  78044 731352    0    0     0   692 29140 3628 83 14  1  1  0 2026-10-01 10:11:49
 4  0      0 1959236  78052 737828    0    0     0   260 31621 14985 60 12 28  1  0 2026-10-01 10:11:50
 3  0      0 1945668  78052 747972    0    0     0     0 36366 10529 74 19  8  0  0 2026-10-01 10:11:51
 7  0      0 1936480  78052 755900    0    0     0   964 36333 15969 70 13 18  1  0 2026-10-01 10:11:52
 8  0      0 1927548  78052 763760    0    0     0     0 35895 14495 68 10 21  0  0 2026-10-01 10:11:53
 3  0      0 1842620  78052 771920    0    0     0     0 36137 12295 73 17 10  0  0 2026-10-01 10:11:54
11  0      0 1752024  78052 779800    0    0     0  3132 37235 13441 73 16 12  1  0 2026-10-01 10:11:55
 5  0      0 1708748  78052 786452    0    0     0     0 34285 6073 76 16  8  0  0 2026-10-01 10:11:56
 3  0      0 1702224  78052 792024    0    0     0     0 38225 17887 56 17 28  0  0 2026-10-01 10:11:57
 3  0      0 1695168  78052 798744    0    0     0     0 40768 20938 60 16 24  0  0 2026-10-01 10:11:58
 4  0      0 1687884  78052 805172    0    0     0   108 41742 18560 64 17 20  0  0 2026-10-01 10:11:59
 6  0      0 1680840  78052 810392    0    0     0 33844 42127 24732 47 17 35  1  0 2026-10-01 10:12:00
 3  0      0 1669568  78052 817644    0    0     0    16 40989 11976 74 14 12  0  0 2026-10-01 10:12:01
 1  0      0 1662064  78052 824432    0    0     0  1612 39528 15897 58 19 23  0  0 2026-10-01 10:12:02
 3  0      0 1621492  78052 827860    0    0     0     0 41939 25792 38 17 45  0  0 2026-10-01 10:12:03
procs -----------memory---------- ---swap-- -----io---- -system-- ------cpu----- -----timestamp-----
 r  b   swpd   free   buff  cache   si   so    bi    bo   in   cs us sy id wa st                 UTC
 4  0      0 1545596  78056 834336    0    0     0   244 39246 16054 59 16 24  1  0 2026-10-01 10:12:04
 5  0      0 1463456  78056 838460    0    0     0 80612 37592 12759 73 16 12  0  0 2026-10-01 10:12:05
 5  0      0 1455544  78056 843192    0    0     0 59928 41610 17564 52 17 31  0  0 2026-10-01 10:12:06
 5  0      0 1449552  78056 848240    0    0     0   212 45516 22825 58 18 24  0  0 2026-10-01 10:12:07
 4  0      0 1444264  78056 853288    0    0     0     0 43398 24318 56 15 30  0  0 2026-10-01 10:12:08
 4  0      0 1439500  78056 857792    0    0     0   156 38656 20348 56 11 33  0  0 2026-10-01 10:12:09
 3  0      0 1437232  78056 860080    0    0     0    96 44428 31574 33 15 51  0  0 2026-10-01 10:12:10
 3  0      0 1431464  78056 865364    0    0     0 45404 39709 19300 58 17 24  1  0 2026-10-01 10:12:11
 2  0      0 1427684  78056 869300    0    0     0     0 43052 26584 44 15 41  0  0 2026-10-01 10:12:12
 6  0      0 1422236  78056 871976    0    0     0   164 38334 20768 44 16 40  0  0 2026-10-01 10:12:13
 6  0      0 1417560  78056 875704    0    0     0     0 42692 27166 42 16 42  0  0 2026-10-01 10:12:14
 3  0      0 1413036  78056 879596    0    0     0   128 41079 24582 49 13 39  0  0 2026-10-01 10:12:15
 3  0      0 1360984  78064 883988    0    0     0 21704 40704 21831 57 16 27  1  0 2026-10-01 10:12:16
 4  0      0 1315372  78064 886892    0    0     0     0 48787 36376 35 20 45  0  0 2026-10-01 10:12:17
 3  0      0 1235512  78064 891376    0    0     0     0 35310 8869 76 19  6  0  0 2026-10-01 10:12:18
 0  0      0 1228736  78064 895024    0    0     0     8 47528 27343 41 18 41  0  0 2026-10-01 10:12:19
 4  0      0 1226216  78064 897032    0    0     0     0 43780 30284 30 16 54  0  0 2026-10-01 10:12:20
 7  0      0 1222212  78064 901132    0    0     0 10408 42246 17421 61 19 20  0  0 2026-10-01 10:12:21
 3  0      0 1216484  78064 906008    0    0     0     0 41100 22571 49 18 33  0  0 2026-10-01 10:12:22
 0  0      0 1210184  78064 909556    0    0     0     0 49846 29103 49 19 32  0  0 2026-10-01 10:12:23
 0  0      0 1206712  78064 912532    0    0     0     0 46442 31939 37 19 44  0  0 2026-10-01 10:12:24
procs -----------memory---------- ---swap-- -----io---- -system-- ------cpu----- -----timestamp-----
 r  b   swpd   free   buff  cache   si   so    bi    bo   in   cs us sy id wa st                 UTC
 2  0      0 1203952  78064 915204    0    0     0     8 42841 28351 40 18 42  0  0 2026-10-01 10:12:25
 6  0      0 1199344  78064 918280    0    0     0  1888 40844 24633 50 16 34  0  0 2026-10-01 10:12:26
 0  0      0 1195312  78064 921876    0    0     0     0 47401 36267 35 17 48  0  0 2026-10-01 10:12:27
 8  0      0 1191280  78064 925524    0    0     0     0 43368 27634 44 15 41  0  0 2026-10-01 10:12:28
 0  0      0 1190020  78064 926496    0    0    40     0 46036 30373 37 13 50  0  0 2026-10-01 10:12:29
 0  0      0 1190020  78064 924352    0    0     0     0 31184 22694  6 11 84  0  0 2026-10-01 10:12:30
 0  0      0 1231204  78064 914648    0    0     0 12132 25271 19105  5  8 86  1  0 2026-10-01 10:12:31
 0  0      0 1231204  78064 914652    0    0     0     0   34   36  0  0 100  0  0 2026-10-01 10:12:32
