procs -----------memory---------- ---swap-- -----io---- -system-- ------cpu----- -----timestamp-----
 r  b   swpd   free   buff  cache   si   so    bi    bo   in   cs us sy id wa st                 UTC
 1  0      0 595000  73844 967300    0    0   294   645 2332 6822 15 30 54  1  0 2026-10-01 10:11:22
 0  1      0 594244  73888 960920    0    0     0  2496 1211 2193  3  3 92  2  0 2026-10-01 10:11:23
 0  1      0 678332  74180 831000    0    0     0 45724 5462 11400  1  5 48 47  0 2026-10-01 10:11:24
 0  4      0 787452  74996 771980    0    0     0 38332 6482 12797 51  5 16 28  0 2026-10-01 10:11:25
 0  0      0 785720  75068 772528    0    0     0  2260 2032 2639  3  2 92  2  0 2026-10-01 10:11:26
 0  0      0 785720  75084 772528    0    0     0   504  504  800  1  0 98  1  0 2026-10-01 10:11:27
 0  0      0 785720  75092 772528    0    0     0    76  310  476  0  0 99  1  0 2026-10-01 10:11:28
 1  0      0 779628  75248 775776    0    0     0  1740 22918 18305 26 13 56  5  0 2026-10-01 10:11:29
 4  0      0 770256  75400 780288    0    0     0  3800 27236 21624 28 14 49  9  0 2026-10-01 10:11:30
 1  1      0 755204  75488 786452    0    0     0  3144 36566 27408 44 22 30  4  0 2026-10-01 10:11:31
 4  0      0 739144  75544 793024    0    0     0  2912 41886 31029 45 27 24  3  0 2026-10-01 10:11:32
 1  1      0 721516  75608 800964    0    0     0  2916 47397 32890 56 29 12  3  0 2026-10-01 10:11:33
 8  0      0 703312  75660 808264    0    0     0  3004 48776 31973 50 30 18  2  0 2026-10-01 10:11:34
 7  0      0 685092  75692 815944    0    0     0  2260 52146 26896 63 33  4  1  1 2026-10-01 10:11:35
 6  0      0 672128  75728 823248    0    0     0  2196 57974 31414 63 30  7  1  0 2026-10-01 10:11:36
 6  0      0 655804  75796 831224    0    0     0  2120 62565 29971 61 37  0  1  0 2026-10-01 10:11:37
 9  0      0 717368  75820 837708    0    0     0  2092 65376 29976 58 42  1  0  0 2026-10-01 10:11:38
 8  0      0 709432  75848 844160    0    0     0 51692 69642 34080 56 45  0  0  0 2026-10-01 10:11:39
16  0      0 726500  75924 850544    0    0     0  2928 71545 30110 57 43  1  1  0 2026-10-01 10:11:40
 9  0      0 749940  76020 855748    0    0     0  2368 68577 26998 54 45  1  0  0 2026-10-01 10:11:41
 6  0      0 743420  76100 860928    0    0     0  3316 75551 30261 50 49  0  1  0 2026-10-01 10:11:42
procs -----------memory---------- ---swap-- -----io---- -system-- ------cpu----- -----timestamp-----
 r  b   swpd   free   buff  cache   si   so    bi    bo   in   cs us sy id wa st                 UTC
 7  0      0 730580  76156 868204    0    0     0  2192 73652 25030 56 44  0  0  0 2026-10-01 10:11:43
 9  0      0 721528  76228 873212    0    0     0  2400 77071 26375 48 52  0  0  0 2026-10-01 10:11:44
 8  0      0 715856  76288 879288    0    0     0  1848 76624 22792 58 41  0  0  0 2026-10-01 10:11:45
14  0      0 706576  76352 884616    0    0     0  1868 80076 27828 50 50  0  1  0 2026-10-01 10:11:46
13  0      0 693572  76436 889956    0    0     0  2144 79776 19947 50 49  1  0  0 2026-10-01 10:11:47
 9  0      0 679128  76468 894600    0    0     0  1228 81764 27676 48 52  0  0  0 2026-10-01 10:11:48
 9  0      0 662708  76564 900040    0    0     0  2232 83535 20750 45 55  0  0  0 2026-10-01 10:11:49
 9  0      0 652676  76588 904528    0    0     0  1508 75945 16623 52 47  1  1  0 2026-10-01 10:11:50
 5  1      0 638676  76620 907956    0    0     0  1396 85272 14132 44 56  0  0  0 2026-10-01 10:11:51
 8  0      0 627160  76656 911968    0    0     0  1280 82739 19617 48 52  0  0  0 2026-10-01 10:11:52
15  0      0 614620  76672 917040    0    0     0  1620 83146 12425 43 57  0  0  0 2026-10-01 10:11:53
 7  0      0 607060  76680 920604    0    0     0 54492 83406 7649 41 59  0  0  0 2026-10-01 10:11:54
10  0      0 592992  76696 925764    0    0     0  1160 83020 7437 48 53  0  0  0 2026-10-01 10:11:55
11  0      0 583300  76700 930188    0    0     0   892 81273 6786 45 56  0  0  0 2026-10-01 10:11:56
 6  0      0 574096  76700 934100    0    0     0   872 79125 7481 46 54  0  0  0 2026-10-01 10:11:57
 8  0      0 547012  76704 938344    0    0     0   852 89184 6004 43 58  0  0  0 2026-10-01 10:11:58
 7  0      0 554892  76712 942112    0    0     0   736 92175 4575 43 57  0  0  0 2026-10-01 10:11:59
 9  0      0 530724  76712 945676    0    0     0   716 83331 5550 43 57  0  0  0 2026-10-01 10:12:00
 7  0      0 503160  76716 949580    0    0     0   700 89969 4936 41 59  0  0  0 2026-10-01 10:12:01
 9  0      0 495108  76720 953964    0    0     0   704 82313 4316 45 55  0  0  0 2026-10-01 10:12:02
16  0      0 485328  76728 956608    0    0     0   768 82623 8424 44 57  0  0  0 2026-10-01 10:12:03
procs -----------memory---------- ---swap-- -----io---- -system-- ------cpu----- -----timestamp-----
 r  b   swpd   free   buff  cache   si   so    bi    bo   in   cs us sy id wa st                 UTC
 5  0      0 442788  76736 960200    0    0     0   580 82274 4327 43 57  0  0  0 2026-10-01 10:12:04
 4  0      0 406800  76740 963452    0    0     0   612 83073 5372 42 59  0  0  0 2026-10-01 10:12:05
 5  0      0 390700  76740 965588    0    0     0   588 82903 6417 44 55  0  0  0 2026-10-01 10:12:06
 4  0      0 403012  76752 969308    0    0     0   516 91429 4390 39 61  0  0  0 2026-10-01 10:12:07
 7  0      0 397028  76752 973612    0    0     0   736 83083 4281 44 57  0  0  0 2026-10-01 10:12:08
 4  0      0 377148  76760 976484    0    0     0   652 79249 5515 46 54  0  0  0 2026-10-01 10:12:09
 4  0      0 368088  76772 979788    0    0     0   740 77869 4375 45 56  0  0  0 2026-10-01 10:12:10
 5  0      0 362100  76772 984852    0    0     0   708 81222 4613 43 58  0  0  0 2026-10-01 10:12:11
 8  0      0 353556  76772 988252    0    0     0   604 78837 3886 44 56  0  0  0 2026-10-01 10:12:12
 4  0      0 345036  76784 991776    0    0     0   652 79898 5214 43 58  0  0  0 2026-10-01 10:12:13
 6  0      0 341324  76784 994564    0    0     0  8996 80350 5065 46 54  0  0  0 2026-10-01 10:12:14
 4  0      0 336080  76792 999008    0    0     0 31860 80714 4497 40 60  0  0  0 2026-10-01 10:12:15
 4  0      0 324024  76800 1001448    0    0     0   724 82985 6589 39 61  0  0  0 2026-10-01 10:12:16
 5  0      0 319456  76800 1004476    0    0     0   792 91735 3789 39 61  0  0  0 2026-10-01 10:12:17
 4  0      0 260652  76800 1007332    0    0     0   604 91759 3776 40 60  0  0  0 2026-10-01 10:12:18
 4  0      0 219596  76812 1009568    0    0     0   684 84560 5970 41 59  0  0  0 2026-10-01 10:12:19
 5  0      0 181580  76816 1012800    0    0     0 22756 81879 8351 38 63  0  0  0 2026-10-01 10:12:20
 4  0      0 172080  76816 1015396    0    0     0   924 86297 4413 40 61  0  0  0 2026-10-01 10:12:21
 7  0      0 113596  76824 1017068    0    0     0   804 80281 3068 45 55  0  0  0 2026-10-01 10:12:22
 6  0      0 138976  76832 1019336    0    0     0   720 92066 3752 37 63  0  0  0 2026-10-01 10:12:23
 4  0      0 124212  76836 1021632    0    0     0   700 90494 4622 39 62  0  0  0 2026-10-01 10:12:24
procs -----------memory---------- ---swap-- -----io---- -system-- ------cpu----- -----timestamp-----
 r  b   swpd   free   buff  cache   si   so    bi    bo   in   cs us sy id wa st                 UTC
 7  0      0 131576  76848 1022500    0    0     0   728 80470 3483 41 59  0  0  0 2026-10-01 10:12:25
 4  0      0 111200  75676 1015928    0    0    24   844 83538 4818 44 56  0  0  0 2026-10-01 10:12:26
 5  0      0 112504  75680 1012728    0    0     0   588 88280 7639 42 59  0  0  0 2026-10-01 10:12:27
10  0      0 114964  75524 1007956    0    0     0   676 83985 5211 41 60  0  0  0 2026-10-01 10:12:28
 5  0      0 130500  75256 1004868    0    0   868   648 74606 16438 39 61  0  0  0 2026-10-01 10:12:29
 2  1      0 217552  75264 992404    0    0   764   528 44548 14749 16 41 42  1  0 2026-10-01 10:12:30
