procs -----------memory---------- ---swap-- -----io---- -system-- ------cpu----- -----timestamp-----
 r  b   swpd   free   buff  cache   si   so    bi    bo   in   cs us sy id wa st                 UTC
 1  0      0 1277816  81176 939784    0    0   254  2916 10974 2083 39 10 49  2  0 2026-10-01 10:11:22
 0  1      0 1291820  81176 918796    0    0     0  5752  564 1109  1  1 97  2  0 2026-10-01 10:11:23
 2  1      0 1605404  81408 641660    0    0     0 77688 6054 12059 39  9 25 26  0 2026-10-01 10:11:24
 0  0      0 1597340  81548 643296    0    0     0 11260 2839 5416 11  2 75 12  0 2026-10-01 10:11:25
 0  0      0 1809924  81548 643296    0    0     0     8  563  690  1  1 98  0  0 2026-10-01 10:11:26
 0  0      0 1876548  81548 643296    0    0     0     0  129  170  0  1 99  0  0 2026-10-01 10:11:27
 0  0      0 1876604  81548 643296    0    0     0     0   32   28  0  0 100  0  0 2026-10-01 10:11:28
 8  1      0 1928972  81612 647304    0    0     0  2056 13803 17184 25  4 63  8  0 2026-10-01 10:11:29
 0  0      0 1923232  81660 650852    0    0     0  1496 16678 21885 25  4 66  5  0 2026-10-01 10:11:30
 0  0      0 1919032  81680 654548    0    0     0   952 18157 22292 28  7 62  4  0 2026-10-01 10:11:31
 2  0      0 1913344  81704 658616    0    0     0   956 18839 23197 32  5 60  3  0 2026-10-01 10:11:32
 0  0      0 1907656  81732 663756    0    0     0   788 19605 20297 43  6 49  2  0 2026-10-01 10:11:33
 0  0      0 1912824  81768 668920    0    0     0  1284 20428 22282 36  8 53  4  0 2026-10-01 10:11:34
 0  0      0 2024216  81788 674820    0    0     0   640 23252 22161 45  9 44  2  0 2026-10-01 10:11:35
 2  0      0 2019064  81824 680920    0    0     0   900 24479 24023 46  9 43  3  0 2026-10-01 10:11:36
 0  0      0 2251664  81832 687100    0    0     0   672 25505 18983 55 10 34  2  0 2026-10-01 10:11:37
 1  1      0 2247520  81860 693688    0    0     0   824 25666 22938 52  9 39  1  0 2026-10-01 10:11:38
 3  0      0 2244132  81872 700608    0    0     0   820 27512 25334 55  8 36  2  0 2026-10-01 10:11:39
 3  0      0 2241456  81884 707356    0    0     0   384 27957 23416 55  9 35  0  0 2026-10-01 10:11:40
 3  0      0 2225928  81884 713556    0    0     0   168 26394 20754 54 13 33  1  0 2026-10-01 10:11:41
 3  0      0 2219528  81900 722188    0    0     0   768 28785 19011 64 13 20  3  0 2026-10-01 10:11:42
procs -----------memory---------- ---swap-- -----io---- -system-- ------cpu----- -----timestamp-----
 r  b   swpd   free   buff  cache   si   so    bi    bo   in   cs us sy id wa st                 UTC
 3  0      0 2212316  81904 728888    0    0     0   380 29696 23072 56 10 33  0  0 2026-10-01 10:11:43
 1  1      0 2202372  81904 736716    0    0     0   308 31105 21420 65 11 24  1  0 2026-10-01 10:11:44
 7  0      0 2170492  81924 744180    0    0     0   492 31181 21005 60 12 27  1  0 2026-10-01 10:11:45
 3  0      0 2094320  81928 752088    0    0     0   220 29881 15747 66 15 19  0  0 2026-10-01 10:11:46
 5  0      0 2063252  81928 759404    0    0     0     0 29548 15124 66 12 22  0  1 2026-10-01 10:11:47
 6  0      0 2052904  81940 767288    0    0     0   272 33429 18936 65 13 21  1  0 2026-10-01 10:11:48
 4  0      0 2044416  81940 774864    0    0     0     0 34109 19902 65 13 23  0  0 2026-10-01 10:11:49
 9  0      0 2037416  81940 780092    0    0     0     8 34447 24610 47 14 40  0  0 2026-10-01 10:11:50
 6  0      0 1979128  81944 790280    0    0     0   364 33681 9144 80 14  5  1  0 2026-10-01 10:11:51
 3  0      0 1914432  81948 795492    0    0     0   192 36256 24009 50 18 33  0  0 2026-10-01 10:11:52
 8  0      0 1850296  81956 802988    0    0     0   248 30851 8012 75 15 10  0  0 2026-10-01 10:11:53
 9  0      0 1842524  81956 810048    0    0     0 57384 35956 16512 63 12 22  2  0 2026-10-01 10:11:54
 7  0      0 1834976  81968 817324    0    0     0   308 37562 18547 63 14 24  0  0 2026-10-01 10:11:55
 9  0      0 1827260  81968 823912    0    0     0    12 36910 19864 61 15 24  0  0 2026-10-01 10:11:56
 3  0      0 1820524  81968 829036    0    0     0   200 37714 21429 52 12 35  1  0 2026-10-01 10:11:57
 7  0      0 1812124  81968 835888    0    0     0     0 38390 22588 61 13 26  0  0 2026-10-01 10:11:58
 3  1      0 1768176  81968 841128    0    0     0 46504 40340 22961 53 18 29  1  0 2026-10-01 10:11:59
 3  0      0 1713744  81968 845684    0    0     0 80632 38838 23814 43 18 39  0  0 2026-10-01 10:12:00
 3  0      0 1623372  81968 852096    0    0     0     0 34023 6154 78 17  6  0  0 2026-10-01 10:12:01
 3  0      0 1615448  81968 857096    0    0     0   152 38763 19183 54 16 30  0  0 2026-10-01 10:12:02
 2  0      0 1609804  81968 861072    0    0     0     0 41055 26047 42 15 43  0  0 2026-10-01 10:12:03
procs -----------memory---------- ---swap-- -----io---- -system-- ------cpu----- -----timestamp-----
 r  b   swpd   free   buff  cache   si   so    bi    bo   in   cs us sy id wa st                 UTC
 2  0      0 1603040  81968 867180    0    0     0     0 37350 17655 60 12 28  0  0 2026-10-01 10:12:04
 2  0      0 1598336  81968 871188    0    0     0     0 40230 21668 52 13 35  0  0 2026-10-01 10:12:05
 9  0      0 1592160  81968 876264    0    0     0   132 38003 22116 50 13 36  0  0 2026-10-01 10:12:06
 1  0      0 1586952  81968 880124    0    0     0   288 43999 30796 46 14 41  0  0 2026-10-01 10:12:07
 2  0      0 1581952  81968 884800    0    0     0     8 39629 24578 52 15 32  0  0 2026-10-01 10:12:08
 2  0      0 1576940  81968 889476    0    0     0     0 36253 19584 46 15 39  0  0 2026-10-01 10:12:09
 3  0      0 1556024  81968 891380    0    0     0     0 42146 30562 30 14 56  0  0 2026-10-01 10:12:10
 0  0      0 1500176  81968 895976    0    0     0     0 39246 24756 51 15 34  0  0 2026-10-01 10:12:11
 3  0      0 1442396  81968 899856    0    0     0    88 39675 24361 46 17 37  0  0 2026-10-01 10:12:12
 3  0      0 1397036  81968 902620    0    0     0     0 33389 14989 63 11 27  0  0 2026-10-01 10:12:13
 7  0      0 1393312  81968 905720    0    0     0    12 41453 29537 36 13 50  0  0 2026-10-01 10:12:14
 3  0      0 1390036  81968 908676    0    0     0     0 39447 26764 42 15 44  0  0 2026-10-01 10:12:15
 3  0      0 1385556  81968 912548    0    0     0     0 38257 23318 47 15 38  0  0 2026-10-01 10:12:16
 7  0      0 1381620  81968 915488    0    0     0    96 45077 34928 39 13 48  0  0 2026-10-01 10:12:17
 2  0      0 1374996  81968 920868    0    0     0     8 43620 25341 54 17 28  0  0 2026-10-01 10:12:18
 0  0      0 1373232  81968 922632    0    0     0     0 42354 34563 33 14 53  0  0 2026-10-01 10:12:19
 2  0      0 1370040  81968 924880    0    0     0     8 42887 30940 35 15 51  0  0 2026-10-01 10:12:20
 6  0      0 1365824  81968 928008    0    0     0     0 40557 28246 46 14 39  0  0 2026-10-01 10:12:21
 0  0      0 1360152  81968 932688    0    0     0    88 40503 24488 48 14 39  0  0 2026-10-01 10:12:22
 3  0      0 1354720  81968 935232    0    0     0     0 45169 31847 43 17 39  0  0 2026-10-01 10:12:23
 1  0      0 1351448  81968 938104    0    0     0     0 45223 32353 39 15 46  0  0 2026-10-01 10:12:24
procs -----------memory---------- ---swap-- -----io---- -system-- ------cpu----- -----timestamp-----
 r  b   swpd   free   buff  cache   si   so    bi    bo   in   cs us sy id wa st                 UTC
 0  0      0 1328292  81968 940876    0    0     0 21776 41572 27653 38 17 44  1  1 2026-10-01 10:12:25
 6  0      0 1284556  81968 943248    0    0     0     8 40555 29390 36 16 48  0  0 2026-10-01 10:12:26
 0  0      0 1237796  81972 945820    0    0     0   120 43833 34545 36 13 52  0  0 2026-10-01 10:12:27
 3  0      0 1200692  81972 949020    0    0     0    88 36913 17853 58 13 28  0  0 2026-10-01 10:12:28
 3  0      0 1198032  81972 950628    0    0   116     0 44703 30878 34 16 50  0  0 2026-10-01 10:12:29
 2  0      0 1198032  81972 948768    0    0     0 60452 29283 21864  6 12 79  3  0 2026-10-01 10:12:30
 0  0      0 1236012  81972 940052    0    0     0  7544 23271 17626  5  8 87  0  0 2026-10-01 10:12:31
