procs -----------memory---------- ---swap-- -----io---- -system-- ------cpu----- -----timestamp-----
 r  b   swpd   free   buff  cache   si   so    bi    bo   in   cs us sy id wa st                 UTC
 0  0      0 31147848  25060 476168    0    0     4     2  222  355 16  4 81  0  0 2026-10-01 10:07:47
 0  0      0 31134316  25060 476112    0    0     0   928 1887 1929  1  0 99  0  0 2026-10-01 10:07:48
 0  0      0 31134092  25060 476112    0    0     0     0   81  146  0  0 100  0  0 2026-10-01 10:07:49
 0  0      0 31134092  25060 476112    0    0     0     0   59  103  0  0 100  0  0 2026-10-01 10:07:50
 0  0      0 31134092  25068 476104    0    0     0    52   78  126  0  0 100  0  0 2026-10-01 10:07:51
 0  0      0 31133420  25068 476112    0    0     0     4 3411 2439  2  0 98  0  0 2026-10-01 10:07:52
 0  0      0 31132916  25068 476112    0    0     0     0  116  180  0  0 100  0  0 2026-10-01 10:07:53
 0  0      0 31132916  25068 476112    0    0     0     0   63  111  0  0 100  0  0 2026-10-01 10:07:54
 2  0      0 31101696  25068 476112    0    0     0     0 26665 28558 10  1 89  0  0 2026-10-01 10:07:55
 0  0      0 31031204  25068 476112    0    0     0     0 43491 51069 17  2 81  0  0 2026-10-01 10:07:56
 0  0      0 30931468  25076 476176    0    0     0    20 54955 56916 22  3 75  0  0 2026-10-01 10:07:57
 1  0      0 30811236  25076 476656    0    0     0     4 57389 55723 27  3 70  0  0 2026-10-01 10:07:58
 2  0      0 30648288  25076 477576    0    0     0     0 65681 55398 32  3 64  0  0 2026-10-01 10:07:59
11  0      0 30532760  25076 478800    0    0     0     0 68694 57561 35  3 63  0  0 2026-10-01 10:08:00
 1  0      0 30372860  25076 480216    0    0     0     0 69135 53782 37  3 60  0  0 2026-10-01 10:08:01
 3  0      0 30170916  25076 481392    0    0     0     0 77285 49348 46  4 50  0  0 2026-10-01 10:08:02
 8  0      0 30051980  25084 482432    0    0     0    32 77147 52443 40  4 56  0  0 2026-10-01 10:08:03
 2  0      0 29837472  25084 483784    0    0     0     4 86483 45228 51  5 45  0  0 2026-10-01 10:08:04
 1  0      0 29695176  25084 484832    0    0     0     0 90912 50747 47  5 48  0  0 2026-10-01 10:08:05
 4  0      0 29530664  25084 485992    0    0     0     0 94253 48169 50  4 46  0  0 2026-10-01 10:08:06
 1  0      0 29525112  25084 486976    0    0     0     0 89185 57733 44  4 52  0  0 2026-10-01 10:08:07
procs -----------memory---------- ---swap-- -----io---- -system-- ------cpu----- -----timestamp-----
 r  b   swpd   free   buff  cache   si   so    bi    bo   in   cs us sy id wa st                 UTC
16  0      0 29341996  25092 487896    0    0     0    20 104585 50118 51  5 44  0  0 2026-10-01 10:08:08
16  0      0 29226052  25092 488568    0    0     0     0 103016 54679 49  5 46  0  0 2026-10-01 10:08:09
16  0      0 29086056  25092 489360    0    0     0     4 107480 53660 50  5 45  0  0 2026-10-01 10:08:10
16  0      0 28998252  25092 490384    0    0     0     0 109963 58178 49  6 45  0  0 2026-10-01 10:08:11
 3  0      0 28932616  25092 491224    0    0     0     0 104373 53717 50  5 45  0  0 2026-10-01 10:08:12
 1  0      0 28823592  25092 491808    0    0     0     8 114449 57690 54  5 41  0  0 2026-10-01 10:08:13
13  0      0 28752596  25100 492744    0    0     0    12 115833 63736 50  6 44  0  0 2026-10-01 10:08:14
 0  0      0 28600040  25100 493544    0    0     0    44 105711 43264 51  5 44  0  0 2026-10-01 10:08:15
 1  0      0 28496904  25100 494072    0    0     0     4 113331 44069 63  6 31  0  0 2026-10-01 10:08:16
16  0      0 28303564  25100 495144    0    0     0     0 122878 59817 43  6 51  0  0 2026-10-01 10:08:17
16  0      0 28297856  25100 495624    0    0     0     0 100621 48177 56  5 39  0  0 2026-10-01 10:08:18
 2  0      0 28273952  25108 496280    0    0     0   608 134244 77047 44  7 48  0  0 2026-10-01 10:08:19
 4  0      0 28027048  25108 497008    0    0     0     0 110446 58281 51  5 43  0  0 2026-10-01 10:08:20
16  0      0 28017152  25108 497680    0    0     0     0 118270 46293 63  6 31  0  0 2026-10-01 10:08:21
16  0      0 27871312  25108 498440    0    0     0     4 126714 63520 46  7 47  0  0 2026-10-01 10:08:22
16  0      0 27823324  25108 498996    0    0     0     0 118585 59492 51  6 44  0  0 2026-10-01 10:08:23
 0  0      0 27801012  25116 499904    0    0     0    28 120851 56076 58  6 35  0  0 2026-10-01 10:08:24
16  0      0 27618900  25116 500576    0    0     0     0 133705 48732 64  6 30  0  0 2026-10-01 10:08:25
 1  0      0 27616312  25116 501872    0    0     0     0 124550 77156 39  5 55  0  0 2026-10-01 10:08:26
16  0      0 27500144  25116 501944    0    0     0     0 132261 44037 66  7 27  0  0 2026-10-01 10:08:27
 5  0      0 27369020  25116 503072    0    0     0     8 114500 43511 59  6 34  0  0 2026-10-01 10:08:28
procs -----------memory---------- ---swap-- -----io---- -system-- ------cpu----- -----timestamp-----
 r  b   swpd   free   buff  cache   si   so    bi    bo   in   cs us sy id wa st                 UTC
11  1      0 27367060  25120 503564    0    0     0    16 140594 100228 29  7 64  0  0 2026-10-01 10:08:29
16  0      0 27104560  25124 503568    0    0     0     4 125659 13961 89  7  3  0  0 2026-10-01 10:08:30
 3  0      0 27114676  25124 505808    0    0     0     0 118200 60207 49 17 34  0  0 2026-10-01 10:08:31
11  0      0 27110520  25124 505808    0    0     0     0 137776 96806 32  5 62  0  0 2026-10-01 10:08:32
16  0      0 26760188  25124 505808    0    0     0     0 137452 31709 68 17 16  0  0 2026-10-01 10:08:33
 9  0      0 26750764  25124 506664    0    0     0     4 90738 10873 43 48  9  0  0 2026-10-01 10:08:34
 6  0      0 26763196  25132 507304    0    0     0    12 125767 50032 58 12 30  0  0 2026-10-01 10:08:35
27  0      0 26478356  25132 507864    0    0     0     0 122193 24835 48 44  8  0  0 2026-10-01 10:08:36
16  0      0 26277848  25132 508496    0    0     0     0 130558 23362 62 27 11  0  0 2026-10-01 10:08:37
16  0      0 26251744  25132 508992    0    0     0     0 119453 30425 61 25 14  0  0 2026-10-01 10:08:38
16  0      0 26281512  25132 509480    0    0     0     0 116947 18621 52 39  9  0  0 2026-10-01 10:08:39
16  0      0 26233152  25132 510144    0    0     0     4 108967 40510 49 24 27  0  0 2026-10-01 10:08:40
16  0      0 26266960  25140 510352    0    0     0    12 120538 12155 55 39  6  0  0 2026-10-01 10:08:41
16  0      0 26250324  25140 511240    0    0     0     0 99204 6777 60 39  0  0  0 2026-10-01 10:08:42
 5  0      0 26258328  25140 511912    0    0     0     0 123542 30143 46 37 17  0  0 2026-10-01 10:08:43
16  0      0 26127556  25140 512368    0    0     0     0 134004 17954 64 31  5  0  0 2026-10-01 10:08:44
26  0      0 26091624  25140 512552    0    0     0     0 114708 6720 53 46  1  0  0 2026-10-01 10:08:45
16  0      0 25978252  25140 513408    0    0     0     4 128469 6351 55 44  0  0  0 2026-10-01 10:08:46
16  0      0 25939588  25148 513840    0    0     0    12 105848 5623 50 50  1  0  0 2026-10-01 10:08:47
16  0      0 25776988  25148 514568    0    0     0     0 145338 12430 64 35  1  0  0 2026-10-01 10:08:48
21  0      0 25750468  25148 515184    0    0     0     0 111635 7510 54 45  1  0  0 2026-10-01 10:08:49
procs -----------memory---------- ---swap-- -----io---- -system-- ------cpu----- -----timestamp-----
 r  b   swpd   free   buff  cache   si   so    bi    bo   in   cs us sy id wa st                 UTC
16  0      0 25766560  25148 515656    0    0     0     0 136772 11580 62 37  1  0  0 2026-10-01 10:08:50
16  0      0 25582892  25148 516184    0    0     0     0 112602 4484 53 46  1  0  0 2026-10-01 10:08:51
25  0      0 25540448  25156 516728    0    0     0    16 141886 11564 55 44  1  0  0 2026-10-01 10:08:52
24  0      0 25454588  25156 517392    0    0     0     0 89928 27561 43 55  1  0  0 2026-10-01 10:08:53
16  0      0 25341888  25156 518040    0    0     0    24 140189 13474 64 35  1  0  0 2026-10-01 10:08:54
 1  0      0 25313780  25156 518528    0    0     0     0 178819 95715 35 22 43  0  0 2026-10-01 10:08:55
 1  0      0 31017628  25156 509744    0    0     0     0 54143 11619  1  4 95  0  0 2026-10-01 10:08:56
 0  0      0 31166904  25164 476124    0    0     0    12 58153  536  0  1 99  0  0 2026-10-01 10:08:57
 0  0      0 31166904  25164 476128    0    0     0     8  102  150  0  0 100  0  0 2026-10-01 10:08:58
 0  0      0 31166904  25164 476128    0    0     0     0   77  132  0  0 100  0  0 2026-10-01 10:08:59
 0  0      0 31166904  25164 476128    0    0     0     0   88  138  0  0 100  0  0 2026-10-01 10:09:00
