procs -----------memory---------- ---swap-- -----io---- -system-- ------cpu----- -----timestamp-----
 r  b   swpd   free   buff  cache   si   so    bi    bo   in   cs us sy id wa st                 UTC
 2  0      0 235624  78612 1188232    0    0   304  2881 10901 1553 39 10 49  2  0 2026-10-01 10:07:47
 0  1      0 282620  78892 1088592    0    0     0 74376 3003 6093  1  4 69 26  0 2026-10-01 10:07:48
 0  1      0 452424  79076 908692    0    0     0 60292 5020 10990  2  4 49 45  0 2026-10-01 10:07:49
 0  1      0 655656  79252 727400    0    0     0 60912 6727 10714  1 10 46 44  0 2026-10-01 10:07:50
 0  0      0 769376  79564 649580    0    0     0 36624 5972 12150 44  7 19 30  0 2026-10-01 10:07:51
 0  0      0 768892  79584 649860    0    0     0   824  713  896  1  0 97  1  0 2026-10-01 10:07:52
 0  0      0 768892  79584 649940    0    0     0     8   42   48  0  0 100  0  0 2026-10-01 10:07:53
 0  0      0 768892  79584 649940    0    0     0     0   64   44  0  0 100  0  0 2026-10-01 10:07:54
 5  0      0 761112  79692 654632    0    0     0  2660 7669 7702 24  4 64  9  0 2026-10-01 10:07:55
 1  0      0 754392  79780 659540    0    0     0  2580 8657 8733 24  4 64  9  0 2026-10-01 10:07:56
 6  0      0 745764  79932 668248    0    0     0  3296 18059 16742 51  8 31 10  0 2026-10-01 10:07:57
 0  1      0 735628  80040 676240    0    0     0  2984 17501 16760 48  8 37  8  0 2026-10-01 10:07:58
 1  1      0 721540  80120 687444    0    0     0  2792 21603 14681 72  8 15  6  0 2026-10-01 10:07:59
 3  0      0 658200  80216 697368    0    0     0  2668 24441 21443 67 10 19  5  0 2026-10-01 10:08:00
 2  0      0 589212  80304 706608    0    0     0  2320 20861 11475 76  9 11  5  1 2026-10-01 10:08:01
 3  0      0 573084  80404 719956    0    0     0  3000 26790 9210 86 11  0  3  0 2026-10-01 10:08:02
 4  0      0 603560  80452 731588    0    0     0  1572 29333 8083 77 14  5  4  0 2026-10-01 10:08:03
 3  0      0 599592  80508 743360    0    0     0  1664 27866 6132 84 13  0  3  0 2026-10-01 10:08:04
 4  0      0 596564  80548 755972    0    0     0  1068 29366 4920 84 12  0  3  0 2026-10-01 10:08:05
 4  0      0 594516  80588 768380    0    0     0  1396 29996 3740 85 12  0  3  0 2026-10-01 10:08:06
11  0      0 589192  80636 780280    0    0     0 45236 31845 5161 79 17  0  4  0 2026-10-01 10:08:07
procs -----------memory---------- ---swap-- -----io---- -system-- ------cpu----- -----timestamp-----
 r  b   swpd   free   buff  cache   si   so    bi    bo   in   cs us sy id wa st                 UTC
 3  1      0 579136  80672 792032    0    0     0  1392 32600 1492 85 13  0  2  0 2026-10-01 10:08:08
 4  0      0 571896  80724 801664    0    0     0  1956 32058 3013 83 16  0  2  0 2026-10-01 10:08:09
 4  0      0 556456  80748 813840    0    0     0  1372 34921 1003 86 13  0  2  0 2026-10-01 10:08:10
 4  0      0 542856  80776 824392    0    0     0 110860 37697 3099 82 16  0  1  0 2026-10-01 10:08:11
 4  0      0 528080  80804 836256    0    0     0  1156 36851  928 82 17  0  2  0 2026-10-01 10:08:12
 5  0      0 512932  80816 847136    0    0     0  1112 39249  797 85 14  0  2  0 2026-10-01 10:08:13
 3  0      0 497264  80844 858364    0    0     0  1160 38735  876 84 15  0  1  0 2026-10-01 10:08:14
 5  0      0 489812  80848 866280    0    0     0   220 32715  597 88 11  0  0  0 2026-10-01 10:08:15
 3  0      0 549976  80860 877568    0    0     0  1236 45347 3123 79 19  1  1  0 2026-10-01 10:08:16
 4  0      0 608620  80868 887156    0    0     0   916 43565  837 83 16  0  1  0 2026-10-01 10:08:17
 3  0      0 639560  80868 896392    0    0     0     0 37309  614 86 14  0  0  0 2026-10-01 10:08:18
 3  0      0 698744  80892 907144    0    0     0  1324 51975  896 78 20  0  1  0 2026-10-01 10:08:19
 3  0      0 692780  80896 917168    0    0     0   264 39425  644 83 16  0  0  0 2026-10-01 10:08:20
 3  0      0 783624  80916 927532    0    0     0   968 48768  867 80 19  0  1  0 2026-10-01 10:08:21
 4  0      0 799504  80916 937012    0    0     0   380 43241  629 85 15  0  0  0 2026-10-01 10:08:22
 2  0      0 887716  80936 946756    0    0     0  1288 42854  871 81 18  0  1  0 2026-10-01 10:08:23
 2  0      0 870268  80940 953800    0    0     0   548 42317  709 81 18  0  0  0 2026-10-01 10:08:24
 2  0      0 856676  80956 966756    0    0     0   860 49360  817 82 18  0  1  0 2026-10-01 10:08:25
 2  0      0 838444  80956 972632    0    0     0     0 34545  770 87 13  0  0  0 2026-10-01 10:08:26
 2  0      0 822964  80976 984612    0    0     0 73000 58491 2833 71 25  0  4  0 2026-10-01 10:08:27
 2  0      0 832428  80976 992512    0    0     0    12 37099  613 84 16  1  0  0 2026-10-01 10:08:28
procs -----------memory---------- ---swap-- -----io---- -system-- ------cpu----- -----timestamp-----
 r  b   swpd   free   buff  cache   si   so    bi    bo   in   cs us sy id wa st                 UTC
 2  0      0 814648  80984 1002792    0    0     0   392 52650  854 78 21  0  1  0 2026-10-01 10:08:29
 4  0      0 803584  81048 1013860    0    0     0  1432 44285 7606 77 16  6  2  0 2026-10-01 10:08:30
 2  0      0 796064  81048 1019160    0    0     0   108 46620 5070 85 16  0  0  0 2026-10-01 10:08:31
 6  1      0 742024  81060 1030700    0    0     0 68500 49769 2156 76 22  0  3  0 2026-10-01 10:08:32
 2  0      0 658832  81076 1037396    0    0     0 61096 49002 3361 78 22  0  1  0 2026-10-01 10:08:33
 2  0      0 604904  81076 1043240    0    0     0    12 40017  674 83 17  0  0  0 2026-10-01 10:08:34
 2  0      0 592832  81512 1054300    0    0   444     0 52417 1069 78 22  0  0  0 2026-10-01 10:08:35
 2  0      0 579684  81512 1063632    0    0     0     0 48222  574 82 17  0  0  0 2026-10-01 10:08:36
 2  0      0 572388  81512 1071040    0    0     0     0 51041  692 79 21  0  0  0 2026-10-01 10:08:37
 2  0      0 561804  81516 1081124    0    0     0   652 54109 2758 74 23  3  2  0 2026-10-01 10:08:38
 3  0      0 554028  81516 1088952    0    0     0     0 50131  591 80 20  0  0  0 2026-10-01 10:08:39
 3  0      0 545824  81520 1096608    0    0     0   680 49030  966 80 19  0  1  0 2026-10-01 10:08:40
 2  0      0 537760  81528 1104864    0    0     0  1116 58221 10217 58 26 15  2  0 2026-10-01 10:08:41
 2  0      0 528712  81528 1112888    0    0     0   116 46670  630 81 20  0  0  0 2026-10-01 10:08:42
 2  0      0 444808  81528 1120440    0    0     0     0 50039  744 80 20  0  0  0 2026-10-01 10:08:43
 2  0      0 354856  81528 1128904    0    0     0   872 60623 12108 62 24 12  2  0 2026-10-01 10:08:44
 2  0      0 261112  81528 1137420    0    0     0     0 48519 2183 75 23  2  0  0 2026-10-01 10:08:45
 2  0      0 196232  81640 1140628    0    0     0 65572 39748 1426 84 16  0  0  0 2026-10-01 10:08:46
 2  0      0 189104  81644 1145764    0    0     0   416 47954  860 81 18  0  1  0 2026-10-01 10:08:47
 2  0      0 203952  81644 1156668    0    0     0   248 57852  742 77 23  0  0  0 2026-10-01 10:08:48
 2  0      0 185984  81644 1163640    0    0     0   244 48990  639 83 17  0  0  0 2026-10-01 10:08:49
procs -----------memory---------- ---swap-- -----io---- -system-- ------cpu----- -----timestamp-----
 r  b   swpd   free   buff  cache   si   so    bi    bo   in   cs us sy id wa st                 UTC
 2  0      0 172684  81644 1171176    0    0     0     0 57693  731 79 21  0  0  0 2026-10-01 10:08:50
 2  0      0 160712  81644 1179476    0    0     0 79812 53339 1947 76 24  0  0  0 2026-10-01 10:08:51
 5  0      0 154720  81644 1185044    0    0     0    12 66353 15725 55 24 21  0  0 2026-10-01 10:08:52
 2  0      0 141988  81644 1195932    0    0     0     0 43888 5228 80 15  4  0  0 2026-10-01 10:08:53
 2  0      0 120788  81644 1201556    0    0     0   356 52224  753 80 19  0  0  0 2026-10-01 10:08:54
 2  2      0 145184  81644 1205848    0    0     0   244 49536 1810 80 20  0  0  0 2026-10-01 10:08:55
 2  0      0 139100  81644 1206128    0    0    84     4 45488 11646 33 23 44  0  0 2026-10-01 10:08:56
 0  0      0 262580  81644 1186588    0    0     0     0 54346 36224 10 19 70  0  0 2026-10-01 10:08:57
 0  0      0 262580  81644 1186588    0    0     0     8   41   41  0  0 100  0  0 2026-10-01 10:08:58
