procs -----------memory---------- ---swap-- -----io---- -system-- ------cpu----- -----timestamp-----
 r  b   swpd   free   buff  cache   si   so    bi    bo   in   cs us sy id wa st                 UTC
 1  0      0 1117828  65748 763304    0    0   366   530 22122 6966 13 29 56  1  0 2026-10-01 10:07:47
 4  1      0 1157920  66384 761716    0    0     0 18512 4481 7605 38  7 46 10  0 2026-10-01 10:07:48
 0  0      0 1202076  67040 763596    0    0     0 13912 3303 6128 17  4 63 16  0 2026-10-01 10:07:49
 0  0      0 1202076  67040 763596    0    0     0   208  273  443  0  0 100  0  0 2026-10-01 10:07:50
 0  0      0 1202076  67040 763596    0    0     0     4  270  433  1  0 100  0  0 2026-10-01 10:07:51
 0  0      0 1202076  67044 763604    0    0     0    40 1519 1656  1  1 98  0  0 2026-10-01 10:07:52
 0  0      0 1202076  67056 763604    0    0     0   436  509  788  1  0 98  2  0 2026-10-01 10:07:53
 0  0      0 1202076  67068 763604    0    0     0    76  294  438  0  1 100  0  0 2026-10-01 10:07:54
 2  0      0 1201628  67072 763612    0    0     0    28 21225 19573 10 11 78  1  0 2026-10-01 10:07:55
 0  0      0 1195432  67156 764392    0    0     0  2544 37378 36759 25 21 51  2  0 2026-10-01 10:07:56
 1  0      0 1183028  67184 766392    0    0     0   520 49653 40375 23 26 51  1  0 2026-10-01 10:07:57
 4  0      0 1169084  67200 768592    0    0     0   856 52717 41071 24 27 48  1  0 2026-10-01 10:07:58
 5  0      0 1152628  67264 771364    0    0     0  1776 60630 40532 27 29 41  2  1 2026-10-01 10:07:59
 3  0      0 1137868  67320 774120    0    0     0  2220 65700 42708 27 32 40  1  0 2026-10-01 10:08:00
 0  0      0 1124636  67392 776696    0    0     0  2272 65844 39959 28 37 35  2  0 2026-10-01 10:08:01
 4  0      0 1114396  67416 779496    0    0     0  3436 74101 38458 23 40 35  1  0 2026-10-01 10:08:02
 3  0      0 1105320  67476 781728    0    0     0  2036 75774 37271 27 43 30  1  0 2026-10-01 10:08:03
 1  0      0 1095784  67524 784196    0    0     0  1780 80356 35689 26 44 28  2  0 2026-10-01 10:08:04
 4  0      0 1085632  67556 786528    0    0     0  1728 82521 36032 25 47 27  1  0 2026-10-01 10:08:05
 0  0      0 1077200  67600 788916    0    0     0  1704 82760 32229 26 52 22  1  0 2026-10-01 10:08:06
 3  0      0 1070664  67632 790664    0    0     0  1664 84229 35854 26 48 25  1  0 2026-10-01 10:08:07
procs -----------memory---------- ---swap-- -----io---- -system-- ------cpu----- -----timestamp-----
 r  b   swpd   free   buff  cache   si   so    bi    bo   in   cs us sy id wa st                 UTC
 1  0      0 1062980  67660 792588    0    0     0  1620 89808 34111 30 47 23  0  0 2026-10-01 10:08:08
 3  0      0 1056236  67676 794228    0    0     0  1480 90307 33026 25 53 21  1  0 2026-10-01 10:08:09
 3  0      0 1049516  67696 796028    0    0     0  1388 91235 32830 26 52 22  0  0 2026-10-01 10:08:10
 3  0      0 1041472  67708 797464    0    0     0  1416 93863 32147 23 56 20  1  0 2026-10-01 10:08:11
 5  0      0 1029980  67728 799440    0    0     0  1476 91144 30500 25 58 18  0  0 2026-10-01 10:08:12
 5  0      0 1017704  67740 801232    0    0     0  1316 95711 30440 26 55 18  1  0 2026-10-01 10:08:13
 4  0      0 1006480  67756 802676    0    0     0  4724 96194 30995 27 56 16  1  0 2026-10-01 10:08:14
 6  0      0 989880  67784 804136    0    0     0  1332 88689 30431 25 53 22  0  0 2026-10-01 10:08:15
 4  0      0 980792  67788 806856    0    0     0  1240 94029 28065 22 58 19  1  1 2026-10-01 10:08:16
 7  0      0 973428  67824 807060    0    0     0  1160 93096 29378 24 60 17  0  0 2026-10-01 10:08:17
 6  0      0 969076  67848 808936    0    0     0  1040 89983 28757 26 56 17  1  0 2026-10-01 10:08:18
 3  0      0 964740  67872 810088    0    0     0  1052 97830 23418 25 66  8  0  0 2026-10-01 10:08:19
 7  0      0 960108  67896 811888    0    0     0   972 91869 33140 23 52 24  1  0 2026-10-01 10:08:20
 4  0      0 951360  67916 813736    0    0     0   888 95754 22921 28 62 10  0  0 2026-10-01 10:08:21
 4  0      0 949492  67940 814744    0    0     0   856 95886 30131 27 56 17  0  0 2026-10-01 10:08:22
 6  0      0 943360  67956 816696    0    0     0   800 93589 27352 30 55 15  1  0 2026-10-01 10:08:23
 6  0      0 936832  67964 817476    0    0     0   900 98839 24942 24 62 14  0  0 2026-10-01 10:08:24
 5  0      0 918336  67996 819676    0    0     0   892 96114 22274 19 66 15  0  0 2026-10-01 10:08:25
 6  0      0 916244  68016 820796    0    0     0   740 98073 29725 28 59 13  1  0 2026-10-01 10:08:26
 4  0      0 912996  68044 822676    0    0     0   840 92745 21278 26 63 12  0  0 2026-10-01 10:08:27
 7  0      0 909292  68060 824240    0    0     0   776 93989 29438 24 58 18  0  0 2026-10-01 10:08:28
procs -----------memory---------- ---swap-- -----io---- -system-- ------cpu----- -----timestamp-----
 r  b   swpd   free   buff  cache   si   so    bi    bo   in   cs us sy id wa st                 UTC
 5  0      0 903380  68320 824456    0    0   260   792 96353 22714 27 65  8  0  0 2026-10-01 10:08:29
 3  0      0 895412  68332 829080    0    0     0   876 92817 25585 15 61 25  0  0 2026-10-01 10:08:30
 6  0      0 890452  68344 829564    0    0     0   860 93349 24197 28 59 12  0  1 2026-10-01 10:08:31
 2  0      0 889556  68356 829608    0    0     0   776 94553 26310 27 62 11  1  0 2026-10-01 10:08:32
 3  0      0 887100  68356 830300    0    0     0   808 92657 20769 19 67 15  0  0 2026-10-01 10:08:33
 3  0      0 875524  68380 832368    0    0     0   756 92973 22062 22 55 23  1  0 2026-10-01 10:08:34
 5  0      0 873924  68384 832904    0    0     0   696 93115 26202 24 61 16  0  0 2026-10-01 10:08:35
 2  0      0 870652  68400 834680    0    0     0   708 94509 22197 16 68 16  0  0 2026-10-01 10:08:36
 4  0      0 858520  68416 835688    0    0     0   624 91520 22089 16 65 19  0  0 2026-10-01 10:08:37
 2  0      0 828488  68436 836024    0    0     0  1072 94541 17824 20 66 13  0  0 2026-10-01 10:08:38
 2  0      0 825824  68436 838320    0    0     0   796 94000 22887 21 63 16  0  0 2026-10-01 10:08:39
 4  0      0 824704  68452 838764    0    0     0   772 90312 26977 21 59 20  0  0 2026-10-01 10:08:40
 2  0      0 834884  68472 840208    0    0     0   768 90854 10248 22 70  7  0  0 2026-10-01 10:08:41
 3  0      0 830776  68492 841304    0    0     0   772 92142 25543 13 61 26  1  0 2026-10-01 10:08:42
 2  0      0 824452  68528 842680    0    0     0   728 96011 23189 20 66 13  0  0 2026-10-01 10:08:43
 5  0      0 797856  68544 842756    0    0     0   612 92683 15540 23 69  8  0  0 2026-10-01 10:08:44
 1  0      0 783252  68560 844884    0    0     0   740 93519 21446 18 63 20  0  0 2026-10-01 10:08:45
 2  0      0 778836  68584 845480    0    0     0   720 92574 21776 18 64 17  1  1 2026-10-01 10:08:46
 3  0      0 765060  68592 847828    0    0     0   644 91969 27121 11 61 28  0  0 2026-10-01 10:08:47
 2  0      0 748832  68620 848716    0    0     0   764 90027 10207 23 74  4  0  0 2026-10-01 10:08:48
 1  0      0 740448  68644 849848    0    0     0   700 98864 26274 16 64 19  1  0 2026-10-01 10:08:49
procs -----------memory---------- ---swap-- -----io---- -system-- ------cpu----- -----timestamp-----
 r  b   swpd   free   buff  cache   si   so    bi    bo   in   cs us sy id wa st                 UTC
 2  0      0 734676  68652 850432    0    0     0   712 84499 11041 18 76  6  0  0 2026-10-01 10:08:50
 1  0      0 742504  68676 851736    0    0     0   768 96477 20305 23 63 13  0  0 2026-10-01 10:08:51
 0  0      0 733480  68684 852904    0    0     0   732 86458 14680 16 73 11  0  0 2026-10-01 10:08:52
 2  0      0 715956  68700 854564    0    0     0   684 89410 32564 10 46 44  1  0 2026-10-01 10:08:53
 4  0      0 632072  68712 855552    0    0     0   648 88943 13525 17 74  8  0  0 2026-10-01 10:08:54
 3  0      0 690000  68720 855304    0    0     0   656 86815 5243 21 79  0  0  0 2026-10-01 10:08:55
 4  0      0 671992  68728 850676    0    0     0   564 44440 1908  7 32 60  1  0 2026-10-01 10:08:56
 0  0      0 1076304  68752 765904    0    0     0  1092 48063 1907 24 48 28  0  0 2026-10-01 10:08:57
