procs -----------memory---------- ---swap-- -----io---- -system-- ------cpu----- -----timestamp-----
 r  b   swpd   free   buff  cache   si   so    bi    bo   in   cs us sy id wa st                 UTC
 1  0      0 262920  75872 1129024    0    0   335  2885 10773 1590 39 10 49  2  0 2026-10-01 10:07:47
 0  1      0 282512  75976 1051100    0    0     0 32700 2653 5746  1  2 77 21  0 2026-10-01 10:07:48
 0  1      0 439492  76120 898048    0    0     0 61308 5085 11317  1  5 49 45  0 2026-10-01 10:07:49
 0  1      0 589128  76332 746084    0    0     0 61284 5139 11261  2  4 49 45  0 2026-10-01 10:07:50
 2  1      0 775480  76544 586964    0    0     0 54768 5782 12086 31  6 29 35  0 2026-10-01 10:07:51
 0  0      0 769900  76708 589160    0    0     0 13368 3252 6098 26  1 60 13  0 2026-10-01 10:07:52
 0  0      0 950404  76708 589160    0    0     0   456  251  275  0  2 98  0  0 2026-10-01 10:07:53
 0  0      0 1154288  76708 589160    0    0     0     0  228  276  0  2 98  0  0 2026-10-01 10:07:54
 2  0      0 1176876  76764 591804    0    0     0  1632 5095 5204 16  5 74  6  0 2026-10-01 10:07:55
 3  1      0 1267656  76936 599776    0    0     0  4316 16064 15703 41  6 39 14  0 2026-10-01 10:07:56
 0  1      0 1257576  77048 607112    0    0     0  2768 16140 15954 45  6 42  8  0 2026-10-01 10:07:57
 1  0      0 1348052  77132 616348    0    0     0  2604 20799 15745 55 10 28  7  0 2026-10-01 10:07:58
 0  0      0 1389168  77216 625408    0    0     0  2240 21317 19123 60  8 27  5  0 2026-10-01 10:07:59
 8  0      0 1367844  77284 635768    0    0     0  2120 24028 17961 70 12 14  3  0 2026-10-01 10:08:00
 0  0      0 1314204  77356 646264    0    0     0  1456 22029 12013 66 10 20  4  0 2026-10-01 10:08:01
 3  0      0 1278216  77416 657472    0    0     0  1844 25756 13370 77 13  7  4  0 2026-10-01 10:08:02
 3  0      0 1230540  77488 668728    0    0     0  2280 25486 9079 84 11  1  5  0 2026-10-01 10:08:03
 3  0      0 1216900  77548 680556    0    0     0  1688 28626 9945 81 14  1  5  0 2026-10-01 10:08:04
 3  0      0 1240560  77576 692856    0    0     0  2204 28735 3477 80 15  0  5  0 2026-10-01 10:08:05
 3  0      0 1229412  77604 705312    0    0     0  1980 31162 6311 82 13  0  5  0 2026-10-01 10:08:06
 4  0      0 1353620  77620 714620    0    0     0  1088 29987 1076 87 10  0  3  0 2026-10-01 10:08:07
procs -----------memory---------- ---swap-- -----io---- -system-- ------cpu----- -----timestamp-----
 r  b   swpd   free   buff  cache   si   so    bi    bo   in   cs us sy id wa st                 UTC
 3  0      0 1431804  77648 726052    0    0     0  1232 36305 4082 81 16  0  2  0 2026-10-01 10:08:08
 3  0      0 1516940  77692 737880    0    0     0  1708 37267 4143 81 15  0  4  0 2026-10-01 10:08:09
 7  0      0 1549228  77724 748596    0    0     0  1184 35357 1541 84 14  0  3  1 2026-10-01 10:08:10
 3  0      0 1586016  77748 760344    0    0     0  1532 38914 4444 77 19  0  4  0 2026-10-01 10:08:11
 3  0      0 1527928  77780 770316    0    0     0  1384 33443 2425 84 13  0  3  0 2026-10-01 10:08:12
 3  0      0 1512824  77788 780104    0    0     0  1200 37507  886 82 15  0  4  0 2026-10-01 10:08:13
 4  0      0 1503664  77808 791544    0    0     0  1540 38072 3582 80 17  0  4  0 2026-10-01 10:08:14
 3  0      0 1493048  77844 800884    0    0     0  1744 37617 4147 80 16  0  3  0 2026-10-01 10:08:15
 3  0      0 1481228  77868 813528    0    0     0 82672 42877 2224 76 21  0  3  0 2026-10-01 10:08:16
 3  0      0 1459892  77880 822560    0    0     0   964 40510 2512 83 15  0  2  0 2026-10-01 10:08:17
 3  0      0 1393640  77924 831080    0    0     0  1640 35669 2364 80 16  0  3  0 2026-10-01 10:08:18
 3  0      0 1350812  77936 842128    0    0     0  1308 47821 7569 75 22  0  3  0 2026-10-01 10:08:19
 4  0      0 1301444  77940 849136    0    0     0  1164 32014 2997 83 15  1  2  0 2026-10-01 10:08:20
 4  0      0 1286632  77952 859448    0    0     0  1768 46768 4505 80 18  0  3  0 2026-10-01 10:08:21
 2  1      0 1275096  77980 869984    0    0     0 169020 44952 9724 74 23  0  3  0 2026-10-01 10:08:22
 4  0      0 1260492  77992 877196    0    0     0   976 42862 4832 82 17  0  2  0 2026-10-01 10:08:23
 5  0      0 1238608  78020 890200    0    0     0  1300 47649 1563 77 21  0  3  0 2026-10-01 10:08:24
 3  0      0 1228396  78032 897472    0    0     0   624 41714 1548 85 13  0  1  0 2026-10-01 10:08:25
 2  0      0 1184364  78044 909272    0    0     0  1276 47722 1388 76 23  0  2  0 2026-10-01 10:08:26
 2  0      0 1076168  78060 920264    0    0     0  1348 45163 5425 79 19  0  3  0 2026-10-01 10:08:27
 2  0      0 973124  78060 925076    0    0     0     0 39709  620 84 15  0  0  0 2026-10-01 10:08:28
procs -----------memory---------- ---swap-- -----io---- -system-- ------cpu----- -----timestamp-----
 r  b   swpd   free   buff  cache   si   so    bi    bo   in   cs us sy id wa st                 UTC
 2  0      0 910824  78068 933892    0    0     0   380 39025  878 79 21  0  1  0 2026-10-01 10:08:29
 2  0      0 927416  78100 945336    0    0     0  1672 50703 3494 73 23  1  3  0 2026-10-01 10:08:30
 2  0      0 896916  78100 954388    0    0     0     0 38224  618 84 16  0  0  0 2026-10-01 10:08:31
 2  0      0 890724  78100 959356    0    0     0     8 37396  700 83 17  0  0  0 2026-10-01 10:08:32
 2  0      0 873620  78172 973480    0    0     0  2384 55304 2385 69 23  1  6  0 2026-10-01 10:08:33
 3  0      0 864824  78172 982164    0    0     0     0 41143  560 87 13  0  0  1 2026-10-01 10:08:34
 2  1      0 855480  78316 988676    0    0   336     0 38404  797 86 15  0  0  0 2026-10-01 10:08:35
 1  1      0 842380  78352 1001764    0    0    20  1288 53746 1004 74 24  0  1  0 2026-10-01 10:08:36
 2  0      0 760924  78360 1009312    0    0     0   504 45974  695 78 22  0  1  0 2026-10-01 10:08:37
 2  0      0 661144  78360 1018180    0    0     0 61180 50067 1373 75 25  0  0  0 2026-10-01 10:08:38
 2  0      0 566392  78360 1027548    0    0     0     0 53710  728 73 28  0  0  0 2026-10-01 10:08:39
 2  0      0 505952  78360 1032480    0    0     0     0 38703  585 84 17  0  0  0 2026-10-01 10:08:40
 2  0      0 498404  78368 1039676    0    0     0   996 53209 1015 82 17  0  1  0 2026-10-01 10:08:41
 2  0      0 484208  78380 1049584    0    0     0   684 48246 1628 77 22  0  0  0 2026-10-01 10:08:42
 2  0      0 472752  78380 1055728    0    0     0 127036 53130 2465 78 22  0  0  0 2026-10-01 10:08:43
 2  0      0 460152  78380 1065672    0    0     0   460 53915  832 79 20  0  1  0 2026-10-01 10:08:44
 2  0      0 448584  78380 1073272    0    0     0     0 49531  601 79 21  0  0  0 2026-10-01 10:08:45
 2  0      0 469884  78380 1082988    0    0     0     0 64504  770 72 28  0  0  0 2026-10-01 10:08:46
 2  0      0 449016  78380 1091944    0    0     0   132 44755  610 80 20  0  0  0 2026-10-01 10:08:47
 2  0      0 426952  78380 1096516    0    0     0     0 48682  657 83 17  0  0  0 2026-10-01 10:08:48
 2  0      0 411648  78380 1105964    0    0     0   248 51362  709 79 21  1  0  0 2026-10-01 10:08:49
procs -----------memory---------- ---swap-- -----io---- -system-- ------cpu----- -----timestamp-----
 r  b   swpd   free   buff  cache   si   so    bi    bo   in   cs us sy id wa st                 UTC
 2  0      0 320900  78392 1115648    0    0     0   984 65360 1541 71 28  0  2  0 2026-10-01 10:08:50
 2  0      0 214356  78392 1124224    0    0     0     0 45295  637 79 21  0  0  0 2026-10-01 10:08:51
 2  0      0 107548  78392 1130592    0    0     0     0 63095  815 70 30  0  0  0 2026-10-01 10:08:52
 2  0      0 108200  78316 1093604    0    0     0     0 24531  560 90 11  0  0  0 2026-10-01 10:08:53
 2  0      0 109492  78060 1089444    0    0   172     0 61197  788 76 25  0  0  0 2026-10-01 10:08:54
 0  0      0 139112  78060 1100036    0    0   440  2612 60336 13832 60 24 16  1  0 2026-10-01 10:08:55
 1  0      0 142164  78060 1099428    0    0     0  1504 25871 17041  5 10 83  1  0 2026-10-01 10:08:56
 0  0      0 215752  78060 1079972    0    0     0     0 61479 35495 11 28 61  0  0 2026-10-01 10:08:57
 0  0      0 215752  78064 1079968    0    0     4 29176  490  989  0  1 95  5  0 2026-10-01 10:08:58
 1  0      0 214120  78064 1080076    0    0   104     0   45   45  0  0 100  0  0 2026-10-01 10:08:59
