procs -----------memory---------- ---swap-- -----io---- -system-- ------cpu----- -----timestamp-----
 r  b   swpd   free   buff  cache   si   so    bi    bo   in   cs us sy id wa st                 UTC
 1  0      0 1144560  47104 589700    0    0   237   481 1801 1807  9 10 80  1  0 2026-10-01 09:38:40
 1  3      0 1242048  47612 454308    0    0     0 29560 3701 7469 15  7 62 16  0 2026-10-01 09:38:41
 0  0      0 1241616  48452 456976    0    0     0 20120 6042 10945 37  6 39 19  0 2026-10-01 09:38:42
 0  0      0 1241616  48456 456976    0    0     0   224  631  813  0  0 99  1  0 2026-10-01 09:38:43
 0  0      0 1241616  48456 456976    0    0     0     0  288  505  1  1 99  0  0 2026-10-01 09:38:44
 6  0      0 1241616  48496 457256    0    0     0   556 2167 2200  2  2 94  2  0 2026-10-01 09:38:45
 1  0      0 1239344  48560 459332    0    0     0  1648 24087 17943 19 10 68  4  0 2026-10-01 09:38:46
 2  0      0 1235472  48644 461912    0    0     0  2632 26845 18634 17 11 69  3  0 2026-10-01 09:38:47
 0  0      0 1230448  48700 465024    0    0     0  1256 35510 23406 21 18 59  2  0 2026-10-01 09:38:48
 7  0      0 1224276  48772 469484    0    0     0  1456 40730 28399 32 21 43  3  0 2026-10-01 09:38:49
 5  0      0 1217372  48968 474692    0    0     0  2196 43482 29864 34 22 40  4  0 2026-10-01 09:38:50
 0  0      0 1209532  49080 478876    0    0     0  1608 49887 31919 32 26 39  3  0 2026-10-01 09:38:51
10  0      0 1201220  49208 484612    0    0     0  1960 51977 32332 43 28 27  1  0 2026-10-01 09:38:52
 5  0      0 1174996  49348 489800    0    0     0  2596 59364 33919 51 38 11  0  0 2026-10-01 09:38:53
 6  0      0 1163908  49432 495324    0    0     0  1832 60300 34987 45 37 18  1  0 2026-10-01 09:38:54
 5  0      0 1148704  49468 501972    0    0     0  1772 63623 31554 50 41  8  1  0 2026-10-01 09:38:55
 3  1      0 1134480  49492 507080    0    0     0 25832 68111 34219 45 37 17  1  1 2026-10-01 09:38:56
10  0      0 1120928  49572 513176    0    0     0 13036 71715 35025 58 42  0  0  0 2026-10-01 09:38:57
 1  0      0 1103708  49600 518836    0    0     0  1380 71736 33161 50 39 11  0  0 2026-10-01 09:38:58
15  0      0 1091456  49628 524688    0    0     0  1616 74039 29708 51 49  0  0  0 2026-10-01 09:38:59
 6  0      0 1077304  49656 530272    0    0     0  1336 75987 32488 51 49  1  0  0 2026-10-01 09:39:00
procs -----------memory---------- ---swap-- -----io---- -system-- ------cpu----- -----timestamp-----
 r  b   swpd   free   buff  cache   si   so    bi    bo   in   cs us sy id wa st                 UTC
 6  0      0 1062016  49716 535688    0    0     0  1560 77703 29101 51 48  1  0  0 2026-10-01 09:39:01
 6  0      0 1048288  49736 540296    0    0     0  1160 78823 28156 53 48  0  0  0 2026-10-01 09:39:02
10  0      0 1037620  49752 545844    0    0     0  1216 79382 28365 47 53  0  0  0 2026-10-01 09:39:03
 7  0      0 1027880  49808 550548    0    0     0  1156 79437 20044 53 47  0  0  0 2026-10-01 09:39:04
 6  0      0 1020964  49848 556252    0    0     0  1268 81745 26812 48 51  0  0  0 2026-10-01 09:39:05
 6  0      0 1014220  49888 560044    0    0     0   976 80621 17297 45 55  0  0  0 2026-10-01 09:39:06
 7  0      0 1008760  49928 565408    0    0     0   908 85246 18134 50 50  0  0  0 2026-10-01 09:39:07
 6  0      0 999068  49984 568856    0    0     0  1016 80070 15727 45 56  0  0  0 2026-10-01 09:39:08
 6  0      0 990976  50048 574400    0    0     0   980 86872 12653 45 55  0  0  0 2026-10-01 09:39:09
 7  0      0 981656  50084 578184    0    0     0   792 80915 15903 47 53  0  0  0 2026-10-01 09:39:10
 6  0      0 970896  50124 581176    0    0     0   808 81679 7199 45 54  0  0  0 2026-10-01 09:39:11
 8  0      0 964008  50160 584512    0    0     4 51320 85725 7640 42 58  0  0  0 2026-10-01 09:39:12
 5  0      0 990724  50236 587792    0    0     0  1232 78203 6892 45 55  0  0  0 2026-10-01 09:39:13
 8  0      0 984696  50288 591856    0    0     0   996 86061 9044 39 61  0  0  0 2026-10-01 09:39:14
 7  0      0 968180  50312 594972    0    0     0   996 81027 6347 39 62  0  0  0 2026-10-01 09:39:15
 7  0      0 964940  50348 598468    0    0     0   952 85921 7326 38 62  0  0  0 2026-10-01 09:39:16
10  0      0 958860  50372 602628    0    0     0  1040 85616 6519 39 61  0  0  0 2026-10-01 09:39:17
 8  0      0 945908  50404 604820    0    0     0   824 80363 9242 42 58  0  0  0 2026-10-01 09:39:18
 8  0      0 928776  50440 608716    0    0     0   736 87395 8228 40 61  0  0  0 2026-10-01 09:39:19
 5  0      0 912420  50468 611696    0    0     0   744 77778 8412 34 67  0  0  0 2026-10-01 09:39:20
 5  0      0 896004  50484 614948    0    0     0   696 87159 9549 40 60  0  0  0 2026-10-01 09:39:21
procs -----------memory---------- ---swap-- -----io---- -system-- ------cpu----- -----timestamp-----
 r  b   swpd   free   buff  cache   si   so    bi    bo   in   cs us sy id wa st                 UTC
 7  0      0 881140  50496 618092    0    0     0   768 81645 4075 40 60  0  0  0 2026-10-01 09:39:22
14  0      0 873592  50508 619688    0    0     0   700 91352 18590 33 67  0  0  0 2026-10-01 09:39:23
 8  0      0 854416  50520 622520    0    0     0   680 85200 6695 41 59  0  0  0 2026-10-01 09:39:24
 7  0      0 833508  50528 625284    0    0     0   636 77059 4805 40 60  0  0  0 2026-10-01 09:39:25
 7  0      0 827988  50556 627668    0    0     0   600 88009 12635 36 63  0  0  0 2026-10-01 09:39:26
 6  0      0 812888  50568 630860    0    0     0   556 80490 4525 40 60  0  0  0 2026-10-01 09:39:27
13  0      0 806852  50568 632904    0    0     0   556 88855 13409 34 66  0  0  0 2026-10-01 09:39:28
 6  0      0 803348  50576 636028    0    0     0   548 83531 6869 40 60  0  0  0 2026-10-01 09:39:29
 8  0      0 798356  50592 638072    0    0     0   600 84881 16575 35 66  0  0  0 2026-10-01 09:39:30
 7  0      0 793392  50600 641040    0    0     0   808 86495 8156 41 59  0  0  0 2026-10-01 09:39:31
10  0      0 764508  50608 644012    0    0     0 42468 82097 7217 32 68  0  0  0 2026-10-01 09:39:32
 9  0      0 759668  50624 645336    0    0     0   572 92573 14393 35 65  0  0  0 2026-10-01 09:39:33
 8  0      0 775992  50632 648700    0    0     0   556 84753 4399 42 58  0  0  0 2026-10-01 09:39:34
 4  0      0 748320  50660 650812    0    0     0   524 84395 14704 34 66  0  0  0 2026-10-01 09:39:35
 5  0      0 740424  50684 652996    0    0     0   532 87044 9430 37 63  0  0  0 2026-10-01 09:39:36
 5  0      0 731348  50704 655648    0    0     0  1880 82739 8940 37 63  0  0  0 2026-10-01 09:39:37
 5  0      0 724352  50720 657996    0    0     0   508 88069 9695 37 63  0  0  0 2026-10-01 09:39:38
 9  0      0 683304  50736 660300    0    0     0   452 83963 4518 38 62  0  0  0 2026-10-01 09:39:39
 4  0      0 648784  50768 662544    0    0     0   472 83037 4231 35 65  0  0  0 2026-10-01 09:39:40
 4  0      0 631172  50788 663860    0    0     0   408 78715 6837 42 58  0  0  0 2026-10-01 09:39:41
 4  0      0 617576  50812 665640    0    0     0   556 77647 9198 34 65  0  0  0 2026-10-01 09:39:42
procs -----------memory---------- ---swap-- -----io---- -system-- ------cpu----- -----timestamp-----
 r  b   swpd   free   buff  cache   si   so    bi    bo   in   cs us sy id wa st                 UTC
 4  0      0 610064  50844 668540    0    0     0   620 85288 6906 37 63  0  0  0 2026-10-01 09:39:43
 6  0      0 602504  50872 670464    0    0     0   572 81323 10108 36 65  0  0  0 2026-10-01 09:39:44
 7  0      0 580584  50900 673336    0    0     0   576 85667 11150 38 62  0  0  0 2026-10-01 09:39:45
 0  0      0 679904  50936 673228    0    0   524   476 56256 15241 21 47 32  0  0 2026-10-01 09:39:46
 3  0      0 807028  50956 630596    0    0    44   544 63556 22383 21 63 16  1  0 2026-10-01 09:39:47
