procs -----------memory---------- ---swap-- -----io---- -system-- ------cpu----- -----timestamp-----
 r  b   swpd   free   buff  cache   si   so    bi    bo   in   cs us sy id wa st                 UTC
 1  0      0 857532  81692 1345908    0    0    61   625  586 1591 11  3 85  0  0 2026-10-01 09:38:40
 0  1      0 1049332  81696 1155196    0    0     0 27476 2021 4560  1  4 78 17  0 2026-10-01 09:38:41
 0  0      0 1151008  81828 1058168    0    0     0 39892 6080 12524 45  7 17 31  0 2026-10-01 09:38:42
 0  0      0 1151008  81828 1058240    0    0     0     0   52   48  0  0 100  0  0 2026-10-01 09:38:43
 0  0      0 1151008  81828 1058240    0    0     0     0   34   42  0  0 100  0  0 2026-10-01 09:38:44
 0  0      0 1151008  81828 1058240    0    0     0     0   49   60  0  0 100  0  0 2026-10-01 09:38:45
 1  0      0 1170724  81852 1061228    0    0     0  3160 5412 5474 14  3 75  8  0 2026-10-01 09:38:46
 0  0      0 1162396  81900 1065776    0    0     0  2280 7204 6121 23  2 66 10  0 2026-10-01 09:38:47
 3  0      0 1157200  81924 1068988    0    0     0   868 9244 9615 21  2 74  3  0 2026-10-01 09:38:48
 7  0      0 1148504  81948 1074988    0    0     0  1664 14001 13690 38  5 52  6  0 2026-10-01 09:38:49
 0  0      0 1143084  81956 1079328    0    0     0   564 12575 12269 28  6 65  2  0 2026-10-01 09:38:50
 1  0      0 1135632  81972 1084900    0    0     0   616 16390 15738 38  6 54  2  0 2026-10-01 09:38:51
 1  1      0 1129948  81972 1089700    0    0     0   660 15136 14467 33  5 60  2  0 2026-10-01 09:38:52
10  0      0 1121292  81996 1096604    0    0     0   964 19646 16396 46  9 42  3  0 2026-10-01 09:38:53
 5  0      0 1117372  82000 1101204    0    0     0   356 18307 16518 34  6 60  1  0 2026-10-01 09:38:54
 1  0      0 1085452  82012 1108260    0    0     0   708 23316 19892 50  9 38  2  1 2026-10-01 09:38:55
 1  0      0 1036228  82020 1114428    0    0     0   668 21099 15413 55 10 32  2  0 2026-10-01 09:38:56
 4  0      0 1112760  82020 1121132    0    0     0     0 26132 18679 51 10 39  0  0 2026-10-01 09:38:57
 1  0      0 1111088  82028 1127196    0    0     0   236 25522 21550 46 10 43  0  0 2026-10-01 09:38:58
 6  0      0 1109168  82028 1133548    0    0     0     0 25900 20412 49 10 41  0  0 2026-10-01 09:38:59
 4  0      0 1104728  82028 1139896    0    0     0   540 27819 22411 50 10 39  1  0 2026-10-01 09:39:00
procs -----------memory---------- ---swap-- -----io---- -system-- ------cpu----- -----timestamp-----
 r  b   swpd   free   buff  cache   si   so    bi    bo   in   cs us sy id wa st                 UTC
11  0      0 1099868  82044 1147488    0    0     0   672 28294 20736 57 11 31  2  0 2026-10-01 09:39:01
 7  0      0 1091632  82044 1154580    0    0     0   176 28963 20227 53 13 34  0  0 2026-10-01 09:39:02
 4  0      0 1084408  82052 1161092    0    0     0   244 30107 23169 52 13 35  1  0 2026-10-01 09:39:03
 3  0      0 1075528  82056 1168148    0    0     0   304 26528 11709 68  9 23  1  0 2026-10-01 09:39:04
 2  0      0 1070096  82060 1175380    0    0     0   204 30431 18631 59 12 28  0  0 2026-10-01 09:39:05
 4  0      0 1141888  82060 1181844    0    0     0     8 34050 20085 57 12 32  0  0 2026-10-01 09:39:06
 0  0      0 1182156  82060 1189172    0    0     0     0 34293 18800 60 13 27  0  0 2026-10-01 09:39:07
 6  0      0 1264324  82060 1193764    0    0     0     0 34913 23446 44 13 43  0  0 2026-10-01 09:39:08
 3  0      0 1291872  82060 1202820    0    0     0     0 33237 12511 70 15 16  0  0 2026-10-01 09:39:09
 3  0      0 1292912  82060 1206892    0    0     0    88 35277 26621 42 12 46  0  0 2026-10-01 09:39:10
 3  0      0 1291508  82060 1212936    0    0     0   328 33785 17722 59 13 29  0  0 2026-10-01 09:39:11
 3  0      0 1290276  82060 1219484    0    0     0 58988 33147 13451 62 18 20  0  0 2026-10-01 09:39:12
 5  0      0 1290276  82060 1223124    0    0     0     0 35372 25049 35 15 50  0  0 2026-10-01 09:39:13
 0  0      0 1287220  82060 1230848    0    0     0     0 35381 14095 66 13 20  0  0 2026-10-01 09:39:14
 1  0      0 1286968  82060 1234664    0    0     0     0 35456 23737 41 12 48  0  0 2026-10-01 09:39:15
 0  0      0 1285260  82060 1240864    0    0     0   168 37375 19768 56 13 30  0  0 2026-10-01 09:39:16
 0  0      0 1281280  82064 1247048    0    0     0 114980 37054 19922 52 19 29  1  0 2026-10-01 09:39:17
 0  0      0 1279796  82064 1249616    0    0     0     0 38687 29259 29 15 57  0  0 2026-10-01 09:39:18
 2  0      0 1265472  82064 1257308    0    0     0     0 34622 11205 68 15 16  0  0 2026-10-01 09:39:19
 0  0      0 1219412  82064 1260936    0    0     0     0 36784 25548 37 17 46  0  0 2026-10-01 09:39:20
 2  0      0 1164728  82064 1264788    0    0     0     0 37300 19645 57 15 29  0  0 2026-10-01 09:39:21
procs -----------memory---------- ---swap-- -----io---- -system-- ------cpu----- -----timestamp-----
 r  b   swpd   free   buff  cache   si   so    bi    bo   in   cs us sy id wa st                 UTC
 6  0      0 1156788  82064 1271148    0    0     0   112 34322 14483 57 14 29  0  0 2026-10-01 09:39:22
 3  0      0 1152576  82064 1274212    0    0     0     0 42815 29838 43 14 44  0  0 2026-10-01 09:39:23
 2  0      0 1145800  82064 1280736    0    0     0  2556 37172 21161 55 13 32  0  0 2026-10-01 09:39:24
 1  0      0 1142536  82064 1283612    0    0     0   236 36243 25982 35 11 53  1  0 2026-10-01 09:39:25
 6  0      0 1137132  82064 1288140    0    0     0     0 42418 28876 43 13 43  0  0 2026-10-01 09:39:26
 0  0      0 1131376  82064 1293120    0    0     0     0 36658 21629 56 14 30  0  0 2026-10-01 09:39:27
 2  0      0 1129108  82064 1295352    0    0     0     0 44404 35302 28 15 57  0  0 2026-10-01 09:39:28
 0  0      0 1125076  82064 1298880    0    0     0     0 38441 25791 44 13 43  0  0 2026-10-01 09:39:29
 3  0      0 1120008  82064 1302360    0    0     0    84 39209 27694 44 14 42  0  0 2026-10-01 09:39:30
 3  0      0 1075820  82064 1307036    0    0     0     0 41422 28330 46 16 38  0  0 2026-10-01 09:39:31
 0  0      0 1035080  82064 1310040    0    0     0     0 35816 26214 34 15 51  0  0 2026-10-01 09:39:32
 2  0      0 984820  82064 1312516    0    0     0     0 43402 28281 47 18 35  0  0 2026-10-01 09:39:33
 1  0      0 963204  82064 1316688    0    0     0     0 36303 19568 59 15 27  0  0 2026-10-01 09:39:34
 2  0      0 959088  82068 1319592    0    0     0    84 37241 24972 41 14 45  0  0 2026-10-01 09:39:35
 0  0      0 954916  82068 1322976    0    0     0     0 42267 31716 35 16 50  0  0 2026-10-01 09:39:36
 3  0      0 952424  82068 1325148    0    0     0     0 37515 28701 27 11 62  0  0 2026-10-01 09:39:37
 0  0      0 947016  82068 1328200    0    0     0   212 39943 25059 47 17 36  0  0 2026-10-01 09:39:38
 0  0      0 941136  82068 1332120    0    0     0     0 42086 29996 37 15 48  0  0 2026-10-01 09:39:39
 2  0      0 936768  82068 1334548    0    0     0     0 38909 23050 46 14 41  0  0 2026-10-01 09:39:40
 4  0      0 933548  82068 1337488    0    0     0     0 41108 30676 33 11 56  0  0 2026-10-01 09:39:41
 9  0      0 932288  82068 1338852    0    0     0    20 37804 28970 26 14 60  0  0 2026-10-01 09:39:42
procs -----------memory---------- ---swap-- -----io---- -system-- ------cpu----- -----timestamp-----
 r  b   swpd   free   buff  cache   si   so    bi    bo   in   cs us sy id wa st                 UTC
 2  0      0 929544  82068 1341296    0    0     0 22028 41311 30901 37 15 46  1  0 2026-10-01 09:39:43
 6  0      0 924444  82068 1344752    0    0     0     0 37600 25161 43 15 43  0  0 2026-10-01 09:39:44
 2  0      0 920048  82068 1347756    0    0     0     0 40516 29990 38 14 48  0  0 2026-10-01 09:39:45
 0  0      0 919040  82068 1348060    0    0     0     0 37571 24831 26 13 61  0  0 2026-10-01 09:39:46
 0  0      0 919040  82068 1343804    0    0     0    92 38040 28722  6 14 80  0  0 2026-10-01 09:39:47
 0  0      0 955456  82072 1337448    0    0     0 42884 9891 7857  2  4 91  4  0 2026-10-01 09:39:48
