procs -----------memory---------- ---swap-- -----io---- -system-- ------cpu----- -----timestamp-----
 r  b   swpd   free   buff  cache   si   so    bi    bo   in   cs us sy id wa st                 UTC
 0  0      0 31213376  20292 441992    0    0     5     2  272  607 13  2 85  0  0 2026-10-01 09:38:40
 0  0      0 31203052  20292 442008    0    0     0     0 1932 1915  1  0 99  0  0 2026-10-01 09:38:41
 1  0      0 31200672  20292 442008    0    0     0     0 2277 1638  1  0 99  0  0 2026-10-01 09:38:42
 0  0      0 31200112  20292 442008    0    0     0     0  722  725  1  0 99  0  0 2026-10-01 09:38:43
 0  0      0 31200112  20292 442008    0    0     0     0   94  141  0  0 100  0  0 2026-10-01 09:38:44
 0  0      0 31200112  20292 442008    0    0     0     0   79  147  0  0 100  0  0 2026-10-01 09:38:45
 3  0      0 31159568  20300 442012    0    0     0  1164 36765 42446 12  1 86  0  0 2026-10-01 09:38:46
 0  0      0 31107208  20300 442012    0    0     0     0 37264 45217 12  1 87  0  0 2026-10-01 09:38:47
 0  0      0 31044332  20300 442076    0    0     0     0 45084 49695 18  2 81  0  0 2026-10-01 09:38:48
 0  0      0 30948712  20300 442556    0    0     0     0 48221 48847 20  2 78  0  0 2026-10-01 09:38:49
 0  0      0 30851048  20300 443292    0    0     0     0 53177 52317 24  2 73  0  0 2026-10-01 09:38:50
 1  0      0 30768588  20308 444036    0    0     0    36 56945 56705 26  2 72  0  0 2026-10-01 09:38:51
 2  0      0 30688276  20308 444972    0    0     0     4 61836 57310 28  2 69  0  0 2026-10-01 09:38:52
 3  0      0 30546384  20308 445724    0    0     0    40 70579 58092 33  3 64  0  0 2026-10-01 09:38:53
 0  0      0 30435784  20308 446684    0    0     0     0 68332 59852 32  3 65  0  0 2026-10-01 09:38:54
12  0      0 30357112  20308 447436    0    0     0     0 75248 60059 38  4 58  0  0 2026-10-01 09:38:55
 4  0      0 30191764  20308 448492    0    0     0     0 75782 60014 39  4 58  0  0 2026-10-01 09:38:56
16  0      0 30135180  20316 449368    0    0     0    12 81857 64936 37  4 59  0  0 2026-10-01 09:38:57
 7  0      0 29919752  20316 450264    0    0     0     4 87261 64654 39  4 57  0  0 2026-10-01 09:38:58
 9  0      0 29804280  20316 451088    0    0     0     0 87219 60261 45  4 50  0  0 2026-10-01 09:38:59
 4  0      0 29655076  20316 451976    0    0     0     0 92359 67988 41  5 54  0  0 2026-10-01 09:39:00
procs -----------memory---------- ---swap-- -----io---- -system-- ------cpu----- -----timestamp-----
 r  b   swpd   free   buff  cache   si   so    bi    bo   in   cs us sy id wa st                 UTC
 0  0      0 29649032  20332 452984    0    0     0    64 84806 62418 43  4 53  0  0 2026-10-01 09:39:01
 3  0      0 29382360  20332 453520    0    0     0     0 95906 63380 45  6 49  0  0 2026-10-01 09:39:02
 1  0      0 29372120  20332 454520    0    0     0     0 94009 65860 47  5 49  0  0 2026-10-01 09:39:03
 3  0      0 29123816  20332 455168    0    0     0     4 98008 53046 49  5 45  0  0 2026-10-01 09:39:04
 4  0      0 29115860  20332 456064    0    0     0     8 95551 63087 48  5 47  0  0 2026-10-01 09:39:05
16  0      0 28821108  20332 456640    0    0     0     0 106549 61990 45  5 50  0  0 2026-10-01 09:39:06
 1  0      0 28815680  20340 457544    0    0     0   232 99706 52899 56  5 39  0  0 2026-10-01 09:39:07
12  0      0 28643640  20340 458080    0    0     0     0 111098 62965 42  6 52  0  0 2026-10-01 09:39:08
15  0      0 28636624  20340 458648    0    0     0     0 103307 51318 59  5 36  0  0 2026-10-01 09:39:09
11  0      0 28442152  20340 459536    0    0     0     4 117784 60608 49  6 46  0  0 2026-10-01 09:39:10
16  0      0 28429484  20340 459792    0    0     0     0 109564 65950 38  5 56  0  0 2026-10-01 09:39:11
 5  0      0 28422040  20348 460408    0    0     0    12 107931 54706 52  5 43  0  0 2026-10-01 09:39:12
16  0      0 28425604  20348 460760    0    0     0     0 106337 58135 44  6 51  0  0 2026-10-01 09:39:13
 7  0      0 28353416  20348 461328    0    0     0     0 116017 52720 55  6 40  0  0 2026-10-01 09:39:14
 6  0      0 28337540  20348 461888    0    0     0     8 107685 55351 48  6 46  0  0 2026-10-01 09:39:15
16  0      0 28332684  20348 462172    0    0     0     8 127525 75778 40  6 54  0  0 2026-10-01 09:39:16
 4  0      0 28071048  20348 463068    0    0     0     0 126311 55867 52  6 42  0  0 2026-10-01 09:39:17
 1  0      0 28064164  20356 463120    0    0     0    32 113211 62628 43  6 52  0  0 2026-10-01 09:39:18
16  0      0 28036496  20356 463752    0    0     0     0 118528 56472 52  6 42  0  0 2026-10-01 09:39:19
16  0      0 27938912  20356 464304    0    0     0     0 122876 66181 38  5 57  0  0 2026-10-01 09:39:20
16  0      0 27932072  20356 464424    0    0     0     0 117027 57306 55  5 39  0  0 2026-10-01 09:39:21
procs -----------memory---------- ---swap-- -----io---- -system-- ------cpu----- -----timestamp-----
 r  b   swpd   free   buff  cache   si   so    bi    bo   in   cs us sy id wa st                 UTC
 6  0      0 27853036  20356 465256    0    0     0     4 124486 63082 49  6 45  0  0 2026-10-01 09:39:22
 7  0      0 27848024  20356 465256    0    0     0     0 126788 83144 33  6 61  0  0 2026-10-01 09:39:23
16  0      0 27786180  20364 465800    0    0     0    12 116670 50002 55  6 39  0  0 2026-10-01 09:39:24
16  0      0 27781984  20364 466312    0    0     0     0 110790 66796 34  4 62  0  0 2026-10-01 09:39:25
16  0      0 27716680  20364 466320    0    0     0     0 132178 66775 50  7 44  0  0 2026-10-01 09:39:26
 4  0      0 27598076  20364 466968    0    0     0    40 121552 53427 51  6 43  0  0 2026-10-01 09:39:27
 0  0      0 27596272  20364 467408    0    0     0     4 130576 83488 30  6 64  0  0 2026-10-01 09:39:28
 0  0      0 27476648  20372 467432    0    0     0    12 127043 57652 52  7 41  0  0 2026-10-01 09:39:29
16  0      0 27455316  20372 467968    0    0     0     0 117606 61835 44  7 49  0  0 2026-10-01 09:39:30
16  0      0 27462172  20372 468480    0    0     0     0 107315 33714 44 33 23  0  0 2026-10-01 09:39:31
 2  0      0 27428184  20372 468752    0    0     0     0 103514 36663 47 23 30  0  0 2026-10-01 09:39:32
16  0      0 27426004  20372 469000    0    0     0     0 134294 79957 37 14 49  0  0 2026-10-01 09:39:33
 0  0      0 27304972  20380 469384    0    0     0    16 114437 19488 51 35 13  0  0 2026-10-01 09:39:34
16  0      0 27217336  20380 469736    0    0     0     0 116772 45349 47 18 35  0  0 2026-10-01 09:39:35
 5  0      0 27215712  20380 469856    0    0     0     0 125222 75935 33 15 53  0  0 2026-10-01 09:39:36
16  0      0 27178952  20380 469856    0    0     0     0 103365 33503 49 29 22  0  0 2026-10-01 09:39:37
16  0      0 27176072  20380 470696    0    0     0     0 116885 52810 34 26 40  0  0 2026-10-01 09:39:38
 9  0      0 27030504  20388 470728    0    0     0    12 127801 38340 52 25 23  0  0 2026-10-01 09:39:39
16  0      0 27027064  20388 471360    0    0     0     4 114894 52243 35 29 35  0  0 2026-10-01 09:39:40
 0  0      0 27021380  20388 471368    0    0     0     0 119034 63442 45  9 45  0  0 2026-10-01 09:39:41
16  0      0 27020904  20388 471368    0    0     0     0 105519 50654 33 30 37  0  0 2026-10-01 09:39:42
procs -----------memory---------- ---swap-- -----io---- -system-- ------cpu----- -----timestamp-----
 r  b   swpd   free   buff  cache   si   so    bi    bo   in   cs us sy id wa st                 UTC
 0  1      0 26952384  20396 471856    0    0     0    12 117765 33302 52 32 16  0  0 2026-10-01 09:39:43
16  0      0 26906100  20396 472232    0    0     0     0 121068 59323 46 13 40  0  0 2026-10-01 09:39:44
 1  0      0 26898508  20396 472840    0    0     0     0 105151 35389 36 40 25  0  0 2026-10-01 09:39:45
 0  0      0 26914272  20396 472808    0    0     0     4 65672 28230  8  4 88  0  0 2026-10-01 09:39:46
 0  0      0 31240560  20404 442208    0    0     0    24 58163 1321  0  5 95  0  0 2026-10-01 09:39:47
 0  0      0 31240560  20404 442208    0    0     0     0 7968  106  0  0 100  0  0 2026-10-01 09:39:48
 0  0      0 31240560  20404 442208    0    0     0     0   81  129  0  0 100  0  0 2026-10-01 09:39:49
 0  0      0 31240560  20404 442208    0    0     0     0   66  112  0  0 100  0  0 2026-10-01 09:39:50
