procs -----------memory---------- ---swap-- -----io---- -system-- ------cpu----- -----timestamp-----
 r  b   swpd   free   buff  cache   si   so    bi    bo   in   cs us sy id wa st                 UTC
 1  0      0 529788  78116 1353020    0    0    64   650  677 1548 12  3 85  0  0 2026-10-01 09:38:40
 1  0      0 905552  78184 984552    0    0     0 49936 2904 6795  3  8 76 13  0 2026-10-01 09:38:41
 0  0      0 925716  78320 961224    0    0     0 30192 6201 12229 46  7 25 23  0 2026-10-01 09:38:42
 0  0      0 925736  78320 961340    0    0     0   432  372  487  1  1 99  1  0 2026-10-01 09:38:43
 0  0      0 925736  78320 961340    0    0     0     0   73  118  0  0 100  0  0 2026-10-01 09:38:44
 5  0      0 925736  78320 961340    0    0     0     8  145  169  0  0 100  0  0 2026-10-01 09:38:45
 0  1      0 917860  78356 965408    0    0     0  3240 15004 18704 30  5 57  9  0 2026-10-01 09:38:46
 5  0      0 913432  78384 968984    0    0     0  1704 15640 19947 24  4 66  6  0 2026-10-01 09:38:47
 5  0      0 909288  78404 975580    0    0     0  2000 19982 21903 44  9 42  6  0 2026-10-01 09:38:48
 3  0      0 905392  78416 979932    0    0     0  1240 18497 21323 33  7 56  4  0 2026-10-01 09:38:49
 6  0      0 900992  78424 986320    0    0     0   744 20905 20904 46  9 43  2  1 2026-10-01 09:38:50
 3  0      0 896344  78452 992336    0    0     0  1216 21287 21597 44  8 46  3  0 2026-10-01 09:38:51
 4  0      0 889676  78460 999448    0    0     0   908 23627 21124 50 11 36  3  0 2026-10-01 09:38:52
 4  0      0 881568  78464 1005912    0    0     0   440 24465 22678 51  9 39  2  0 2026-10-01 09:38:53
 6  0      0 872396  78472 1013892    0    0     0  1140 25085 19198 62  9 26  4  0 2026-10-01 09:38:54
 1  0      0 862816  78500 1021008    0    0     0   668 25702 20354 52 13 33  2  0 2026-10-01 09:38:55
10  0      0 854512  78512 1029344    0    0     0   836 28299 20365 64 11 24  1  0 2026-10-01 09:38:56
 7  0      0 839236  78524 1037476    0    0     0  1168 29583 24300 60 12 25  3  0 2026-10-01 09:38:57
 3  0      0 730004  78524 1046392    0    0     0   616 27680 12616 74 17  9  1  0 2026-10-01 09:38:58
 4  0      0 715636  78528 1055340    0    0     0   616 27043 11659 72 12 15  2  0 2026-10-01 09:38:59
 1  1      0 705484  78536 1064056    0    0     0   528 29576 14426 72  9 18  2  0 2026-10-01 09:39:00
procs -----------memory---------- ---swap-- -----io---- -system-- ------cpu----- -----timestamp-----
 r  b   swpd   free   buff  cache   si   so    bi    bo   in   cs us sy id wa st                 UTC
 6  0      0 695220  78536 1073032    0    0     0   300 32107 18655 70 13 16  1  0 2026-10-01 09:39:01
 7  0      0 684028  78536 1082644    0    0     0   484 31552 13937 72 15 13  0  0 2026-10-01 09:39:02
 2  0      0 673596  78540 1091856    0    0     0   648 31599 12670 69 15 15  1  0 2026-10-01 09:39:03
 6  0      0 661020  78540 1101008    0    0     0   112 30578 8195 76 11 13  0  0 2026-10-01 09:39:04
 5  0      0 649452  78540 1110280    0    0     0   228 32110 8368 73 14 12  1  0 2026-10-01 09:39:05
 3  0      0 640464  78544 1117244    0    0     0   400 33657 14609 73 13 14  1  0 2026-10-01 09:39:06
 4  0      0 627972  78548 1128012    0    0     0 12292 33445  859 84 16  0  1  0 2026-10-01 09:39:07
 3  0      0 741188  78548 1134860    0    0     0 41092 37916 12588 58 18 25  0  0 2026-10-01 09:39:08
 3  0      0 721192  78548 1144592    0    0     0   328 38210 8270 80 15  4  1  0 2026-10-01 09:39:09
 4  0      0 811516  78548 1153616    0    0     0     0 40121 6535 72 18 10  0  0 2026-10-01 09:39:10
 3  0      0 840744  78548 1159800    0    0     0   140 41231 18268 54 19 27  0  0 2026-10-01 09:39:11
 3  0      0 898156  78556 1168928    0    0     0   332 39081 5644 79 14  6  1  1 2026-10-01 09:39:12
 3  0      0 894320  78556 1174336    0    0     0 140252 39729 16786 49 19 32  1  0 2026-10-01 09:39:13
 3  0      0 891308  78556 1180764    0    0     0     0 36322 5765 79 13  8  0  0 2026-10-01 09:39:14
 3  0      0 888296  78556 1189336    0    0     0     0 39646 8985 76 15  9  0  0 2026-10-01 09:39:15
 5  0      0 884852  78556 1195344    0    0     0   352 43666 18027 59 17 24  0  0 2026-10-01 09:39:16
 3  0      0 879360  78556 1203204    0    0     0     0 41997 15700 66 17 17  0  0 2026-10-01 09:39:17
 2  0      0 876392  78556 1208040    0    0     0     0 40520 17957 54 17 29  0  0 2026-10-01 09:39:18
 2  0      0 865904  78556 1216052    0    0     0     0 41545 10680 74 16 11  0  0 2026-10-01 09:39:19
 2  0      0 863900  78556 1220004    0    0     0     0 40623 24015 45 15 40  0  0 2026-10-01 09:39:20
 2  0      0 860144  78556 1228016    0    0     0  2820 41874 12486 67 16 17  1  0 2026-10-01 09:39:21
procs -----------memory---------- ---swap-- -----io---- -system-- ------cpu----- -----timestamp-----
 r  b   swpd   free   buff  cache   si   so    bi    bo   in   cs us sy id wa st                 UTC
 0  0      0 852780  78556 1234484    0    0     0     0 39669 12440 61 15 24  0  0 2026-10-01 09:39:22
 3  0      0 848860  78556 1237636    0    0     0     0 44386 22610 53 19 29  0  0 2026-10-01 09:39:23
 2  0      0 840556  78556 1244848    0    0     0     0 39274 4762 78 16  6  0  0 2026-10-01 09:39:24
 0  0      0 835276  78556 1250096    0    0     0     0 39736 14827 65 13 22  0  0 2026-10-01 09:39:25
 9  0      0 831244  78556 1253952    0    0     0   112 49151 29539 46 17 37  0  0 2026-10-01 09:39:26
 0  0      0 824464  78556 1260152    0    0     0     0 40389 16650 66 16 18  0  0 2026-10-01 09:39:27
 3  0      0 820180  78556 1264528    0    0     0     0 48477 28979 46 18 36  0  0 2026-10-01 09:39:28
10  0      0 815140  78556 1269564    0    0     0     0 42802 18927 64 15 21  0  0 2026-10-01 09:39:29
 3  0      0 810672  78556 1273224    0    0     0     0 42961 24201 48 15 37  0  0 2026-10-01 09:39:30
14  0      0 804260  78564 1278800    0    0     0   260 46631 23992 57 19 24  0  0 2026-10-01 09:39:31
 5  0      0 797272  78564 1283480    0    0     0     0 39837 21339 49 14 38  0  0 2026-10-01 09:39:32
 0  0      0 791336  78564 1288084    0    0     0     0 48151 20994 58 20 22  0  0 2026-10-01 09:39:33
 3  0      0 755760  78564 1292940    0    0     0     0 43424 21347 54 19 27  0  0 2026-10-01 09:39:34
 2  0      0 703736  78564 1295888    0    0     0     0 39744 19098 53 15 31  0  0 2026-10-01 09:39:35
 3  0      0 669088  78564 1300108    0    0     0   120 42246 12300 65 18 17  0  0 2026-10-01 09:39:36
 0  0      0 666064  78564 1302732    0    0     0     0 42412 26810 37 18 45  0  0 2026-10-01 09:39:37
 3  0      0 660532  78564 1307648    0    0     0 16860 43757 11263 73 17 10  0  0 2026-10-01 09:39:38
 0  0      0 654848  78564 1312348    0    0     0  4016 48055 27881 43 19 39  0  0 2026-10-01 09:39:39
 0  0      0 649988  78564 1315552    0    0     0     0 44782 19027 54 15 30  0  0 2026-10-01 09:39:40
 0  0      0 645508  78564 1319576    0    0     0   156 47221 27561 43 18 39  0  0 2026-10-01 09:39:41
 2  0      0 642500  78564 1321996    0    0     0    20 41255 25567 39 14 47  0  0 2026-10-01 09:39:42
procs -----------memory---------- ---swap-- -----io---- -system-- ------cpu----- -----timestamp-----
 r  b   swpd   free   buff  cache   si   so    bi    bo   in   cs us sy id wa st                 UTC
 2  0      0 638468  78564 1326108    0    0     0    76 45932 22660 55 16 29  0  0 2026-10-01 09:39:43
 0  0      0 633596  78564 1329628    0    0     0 89788 43478 24845 48 19 32  1  0 2026-10-01 09:39:44
 2  0      0 628008  78564 1333372    0    0     0     0 46905 27567 45 19 36  0  0 2026-10-01 09:39:45
 0  0      0 627280  78564 1333648    0    0     0   176 41855 23116 33 17 50  0  0 2026-10-01 09:39:46
 0  0      0 662424  78564 1327328    0    0     0     0 46124 32483  9 13 78  0  0 2026-10-01 09:39:47
 0  0      0 685724  78564 1319908    0    0     0    12 9723 7210  2  3 95  0  0 2026-10-01 09:39:48
 0  0      0 685472  78564 1319912    0    0     0 46880  457  657  0  0 96  4  0 2026-10-01 09:39:49
