procs -----------memory---------- ---swap-- -----io---- -system-- ------cpu----- -----timestamp-----
 r  b   swpd   free   buff  cache   si   so    bi    bo   in   cs us sy id wa st                 UTC
 1  0      0 1081592  51680 758540    0    0   495   415 17179 5466 11 23 65  1  0 2026-10-01 10:04:03
 3  1      0 1077536  52564 757144    0    0     0 21236 5378 9656 34  9 47  9  0 2026-10-01 10:04:04
 0  0      0 1079832  53360 758840    0    0     0 11472 2629 5102 21  3 68  9  0 2026-10-01 10:04:05
 0  0      0 1079832  53360 758840    0    0     0     0  341  516  1  0 99  0  0 2026-10-01 10:04:06
 0  0      0 1079832  53368 758840    0    0     0    28 1508 1637  1  1 98  0  0 2026-10-01 10:04:07
 0  0      0 1079832  53396 758812    0    0     0   412  362  584  0  0 99  1  0 2026-10-01 10:04:08
 0  0      0 1079832  53404 758840    0    0     0    52  444  695  0  1 99  1  0 2026-10-01 10:04:09
 0  0      0 1079160  53428 758816    0    0     0   100 15208 13802  8  7 84  1  0 2026-10-01 10:04:10
 1  0      0 1078936  53564 758712    0    0     0  2128 37255 36422 23 18 58  2  0 2026-10-01 10:04:11
 2  0      0 1077816  53600 758860    0    0     0   536 46427 39654 28 23 48  1  0 2026-10-01 10:04:12
 3  0      0 1071436  53700 760304    0    0     0  1484 53274 41299 24 29 46  2  0 2026-10-01 10:04:13
 4  0      0 1063216  53824 762880    0    0     0  3016 59691 41079 24 30 44  2  0 2026-10-01 10:04:14
 6  0      0 1053760  53912 765516    0    0     0  2176 62962 40596 27 34 37  1  0 2026-10-01 10:04:15
 5  0      0 1043604  53988 768556    0    0     0  2152 70090 41054 27 38 35  1  0 2026-10-01 10:04:16
 7  0      0 1034068  54084 771260    0    0     0  1960 72502 39949 24 39 35  1  0 2026-10-01 10:04:17
 5  0      0 1023420  54204 773768    0    0     0  1872 76453 37030 27 43 29  1  0 2026-10-01 10:04:18
 5  0      0 1013672  54312 776416    0    0     0  1788 79887 35110 27 43 29  1  0 2026-10-01 10:04:19
 7  0      0 1005272  54404 778656    0    0     0  1680 80608 35362 31 43 25  1  0 2026-10-01 10:04:20
 6  0      0 997404  54500 780728    0    0     0  1664 81757 35022 26 46 27  1  0 2026-10-01 10:04:21
10  0      0 990000  54572 782548    0    0     0  1500 85997 31930 27 51 21  1  0 2026-10-01 10:04:22
 7  0      0 981924  54624 784164    0    0     0  1492 88755 34481 26 48 26  1  1 2026-10-01 10:04:23
procs -----------memory---------- ---swap-- -----io---- -system-- ------cpu----- -----timestamp-----
 r  b   swpd   free   buff  cache   si   so    bi    bo   in   cs us sy id wa st                 UTC
 8  0      0 974912  54660 786108    0    0     0  1360 92172 34317 24 51 24  1  0 2026-10-01 10:04:24
 6  0      0 967536  54716 787788    0    0     0  1316 90911 30190 30 52 18  0  0 2026-10-01 10:04:25
 8  0      0 962808  54764 789360    0    0     0  1244 91585 31611 22 55 22  1  0 2026-10-01 10:04:26
 3  0      0 955600  54808 791172    0    0     0  1336 93533 32868 25 53 21  0  0 2026-10-01 10:04:27
 7  0      0 949540  54860 792856    0    0     0  1372 89259 31481 28 52 20  0  0 2026-10-01 10:04:28
 5  0      0 942284  54928 795556    0    0     0  1316 88161 32669 24 48 27  1  0 2026-10-01 10:04:29
 2  0      0 935012  54992 796720    0    0     0  4776 94532 28991 23 60 16  1  0 2026-10-01 10:04:30
 4  0      0 922056  55028 797604    0    0     0  1184 93798 26956 29 56 15  0  0 2026-10-01 10:04:31
 3  0      0 917692  55056 799196    0    0     0  1128 93678 30956 22 57 21  0  0 2026-10-01 10:04:32
 5  0      0 912416  55116 800668    0    0     0  1096 97411 28731 24 59 16  1  0 2026-10-01 10:04:33
 2  0      0 903976  55164 802828    0    0     0  1020 95264 24407 29 58 12  0  0 2026-10-01 10:04:34
 3  0      0 902008  55176 803712    0    0     0  1192 93385 29277 25 57 18  0  0 2026-10-01 10:04:35
 7  0      0 892748  55196 804880    0    0     0   848 96201 27655 24 61 14  1  0 2026-10-01 10:04:36
 6  0      0 883380  55224 807328    0    0     0   744 91587 27895 26 57 17  0  0 2026-10-01 10:04:37
 6  0      0 881572  55248 807500    0    0     0   720 95095 23069 27 63 10  0  0 2026-10-01 10:04:38
 2  0      0 875548  55268 809900    0    0     0   720 95032 28725 22 58 19  0  0 2026-10-01 10:04:39
 4  0      0 868332  55296 811048    0    0     0   692 97193 28344 22 61 16  1  0 2026-10-01 10:04:40
 2  0      0 856496  55316 811748    0    0     0   636 96799 21314 25 64 12  0  0 2026-10-01 10:04:41
 2  0      0 849532  55332 814788    0    0     0   616 96800 25539 24 64 12  1  0 2026-10-01 10:04:42
 3  0      0 847248  55360 814996    0    0     0   596 98309 25348 22 63 14  1  0 2026-10-01 10:04:43
 2  0      0 832672  55380 817368    0    0     0   648 97055 21356 27 60 13  0  0 2026-10-01 10:04:44
procs -----------memory---------- ---swap-- -----io---- -system-- ------cpu----- -----timestamp-----
 r  b   swpd   free   buff  cache   si   so    bi    bo   in   cs us sy id wa st                 UTC
 3  0      0 830804  55396 818304    0    0     0   640 95455 26963 23 65 12  0  0 2026-10-01 10:04:45
 6  0      0 826936  55408 818976    0    0     0   640 96012 23994 20 68 12  0  0 2026-10-01 10:04:46
 0  0      0 816196  55436 821708    0    0     0   612 94156 21870 27 59 13  0  0 2026-10-01 10:04:47
 1  0      0 808392  55460 822316    0    0     0   572 92958 23301 24 60 17  0  0 2026-10-01 10:04:48
 4  0      0 803380  55496 822428    0    0     0   560 96067 23310 25 62 13  1  0 2026-10-01 10:04:49
 4  0      0 822120  55528 823948    0    0     0   608 90464 18832 16 65 19  0  0 2026-10-01 10:04:50
 2  0      0 804984  55552 825524    0    0     0   552 93849 19684 18 69 14  0  0 2026-10-01 10:04:51
 1  0      0 800140  55588 827560    0    0     0   588 94836 26845 18 60 22  0  0 2026-10-01 10:04:52
 2  0      0 798048  55604 828516    0    0     0   648 93592 19939 17 67 16  0  0 2026-10-01 10:04:53
 2  0      0 787132  55640 830008    0    0     0   700 98535 16520 22 69  9  0  1 2026-10-01 10:04:54
 1  0      0 785920  55672 831220    0    0     0   680 90318 15958 24 67  8  0  0 2026-10-01 10:04:55
 3  0      0 784948  55720 832156    0    0     0   736 94196 31313 14 54 32  1  0 2026-10-01 10:04:56
 4  0      0 771412  55764 834020    0    0     0   668 94449 16804 26 66  8  0  0 2026-10-01 10:04:57
 3  0      0 770292  55796 834128    0    0     0   632 93773 22379 19 65 16  1  0 2026-10-01 10:04:58
 1  0      0 768360  55824 835756    0    0     0   600 93192 23420 18 61 21  0  0 2026-10-01 10:04:59
 4  0      0 768112  55844 836024    0    0     0   772 90729 19566 18 68 14  0  0 2026-10-01 10:05:00
 4  0      0 744248  55876 836656    0    0     0   856 90970 10337 24 73  3  0  0 2026-10-01 10:05:01
 2  0      0 743096  55932 837240    0    0     0   808 92807 21881 16 66 18  0  0 2026-10-01 10:05:02
 0  0      0 740288  55968 838580    0    0     0   784 91575 27744 13 60 27  0  0 2026-10-01 10:05:03
 2  0      0 754040  55988 840300    0    0     0   652 92413 23232 22 59 19  0  0 2026-10-01 10:05:04
 2  0      0 746288  56004 841928    0    0     0   596 93503 24373 18 60 22  0  0 2026-10-01 10:05:05
procs -----------memory---------- ---swap-- -----io---- -system-- ------cpu----- -----timestamp-----
 r  b   swpd   free   buff  cache   si   so    bi    bo   in   cs us sy id wa st                 UTC
 2  0      0 737056  56008 842448    0    0     0   616 85624 13152 16 76  9  0  0 2026-10-01 10:05:06
 3  0      0 727012  56024 843408    0    0     0   588 93441 17247 24 68  8  0  0 2026-10-01 10:05:07
 2  0      0 718776  56056 843864    0    0     0   572 83779 7277 19 79  1  0  0 2026-10-01 10:05:08
 2  0      0 716612  56072 845024    0    0     0   536 97041 27941 16 59 25  0  0 2026-10-01 10:05:09
 3  0      0 708692  56104 845080    0    0     0   576 84802 16927 19 64 18  0  1 2026-10-01 10:05:10
 2  0      0 734544  56136 844080    0    0     0   684 49096 3077 13 41 46  0  0 2026-10-01 10:05:11
 1  0      0 1056960  56152 759196    0    0     0   680 48730 1849 25 53 22  0  0 2026-10-01 10:05:12
