procs -----------memory---------- ---swap-- -----io---- -system-- ------cpu----- -----timestamp-----
 r  b   swpd   free   buff  cache   si   so    bi    bo   in   cs us sy id wa st                 UTC
 1  0      0 226344  64108 1196600    0    0   409  2209 8450 1249 31  8 59  2  0 2026-10-01 10:04:03
 2  0      0 321196  64588 1068796    0    0     0 43928 2801 6514  2  3 76 19  0 2026-10-01 10:04:04
 0  1      0 543588  65268 842272    0    0     0 72808 5287 12026  1  5 50 44  0 2026-10-01 10:04:05
 3  0      0 802504  65880 652296    0    0     0 55624 5684 11980 18  6 37 39  0 2026-10-01 10:04:06
 0  0      0 799732  66424 654876    0    0     0 18024 3993 8127 29  3 49 19  0 2026-10-01 10:04:07
 0  0      0 799732  66424 654876    0    0     0     0   33   34  0  0 100  0  0 2026-10-01 10:04:08
 0  0      0 799732  66424 654876    0    0     0     0   30   34  0  1 100  0  0 2026-10-01 10:04:09
 0  1      0 796708  66536 656964    0    0     0  1116 4388 5010 10  1 86  3  0 2026-10-01 10:04:10
 0  0      0 786936  66908 663340    0    0     0  3804 11521 12294 32  5 50 14  0 2026-10-01 10:04:11
 2  0      0 781084  67252 670716    0    0     0  3436 14195 13840 40  6 43 12  0 2026-10-01 10:04:12
 3  0      0 774724  67496 679588    0    0     0  2920 19165 17924 54  9 31  7  0 2026-10-01 10:04:13
 6  0      0 766388  67764 688792    0    0     0  2592 21025 18956 59  8 28  5  0 2026-10-01 10:04:14
 6  0      0 753544  67928 698988    0    0     0  2356 23068 18016 65 11 20  5  0 2026-10-01 10:04:15
 3  0      0 738952  68112 710608    0    0     0  2380 24280 15199 73 12 11  4  0 2026-10-01 10:04:16
 3  1      0 723660  68260 722884    0    0     0  2400 24279 10908 78 10  7  6  0 2026-10-01 10:04:17
 3  0      0 706120  68472 735176    0    0     0  2512 26467 9530 81 13  2  4  0 2026-10-01 10:04:18
 3  0      0 690688  68604 748056    0    0     0  1668 28152 8111 85 12  0  3  0 2026-10-01 10:04:19
 3  0      0 623568  68688 759816    0    0     0  1404 28036 4245 84 12  0  5  0 2026-10-01 10:04:20
 4  0      0 504844  68792 770512    0    0     0  1436 28804 3796 80 16  1  4  0 2026-10-01 10:04:21
 3  0      0 487484  68848 781916    0    0     0 53136 31061 1950 82 15  0  2  0 2026-10-01 10:04:22
 5  0      0 468472  68912 793540    0    0     0  1796 32284 1206 83 15  0  2  0 2026-10-01 10:04:23
procs -----------memory---------- ---swap-- -----io---- -system-- ------cpu----- -----timestamp-----
 r  b   swpd   free   buff  cache   si   so    bi    bo   in   cs us sy id wa st                 UTC
 4  0      0 453572  68968 805516    0    0     0  1008 33653  843 84 14  1  2  0 2026-10-01 10:04:24
 3  0      0 439288  69056 816544    0    0     0   972 34624  840 85 14  0  1  0 2026-10-01 10:04:25
 3  0      0 420244  69168 828920    0    0     0 93364 37153 1972 77 19  0  3  0 2026-10-01 10:04:26
 4  0      0 404812  69220 839868    0    0     0  1076 35445 1974 83 16  1  1  0 2026-10-01 10:04:27
 4  0      0 390892  69296 849684    0    0     0   900 33715  867 82 17  1  2  0 2026-10-01 10:04:28
 4  0      0 374704  69340 860992    0    0     0  1164 34824 1059 87 11  0  1  0 2026-10-01 10:04:29
 4  0      0 360368  69396 870920    0    0     0  1072 42679 2134 82 16  0  2  0 2026-10-01 10:04:30
 4  0      0 348788  69436 881584    0    0     0  1300 37198  794 85 14  0  2  0 2026-10-01 10:04:31
 5  0      0 332668  69464 891940    0    0     0  1244 38939  828 84 15  0  2  0 2026-10-01 10:04:32
 3  0      0 317744  69484 903016    0    0     0   576 42395  693 84 16  1  1  0 2026-10-01 10:04:33
 6  0      0 305168  69508 913784    0    0     0 22412 40323  982 81 18  0  1  0 2026-10-01 10:04:34
 4  0      0 291772  69524 924268    0    0     0 10620 43065  903 80 19  0  2  0 2026-10-01 10:04:35
 3  0      0 276160  69604 934720    0    0     0  1744 42793 1018 81 17  0  2  0 2026-10-01 10:04:36
 4  0      0 264592  69644 945040    0    0     0 76192 40394 1698 83 17  0  1  0 2026-10-01 10:04:37
 4  0      0 252256  69668 950528    0    0     0 24520 40303 1507 82 16  0  1  0 2026-10-01 10:04:38
 2  0      0 248740  69700 961784    0    0     0  1100 42771  823 81 17  0  1  0 2026-10-01 10:04:39
 2  0      0 348444  69704 970080    0    0     0   560 45236  664 84 15  0  0  0 2026-10-01 10:04:40
 2  0      0 384684  69748 982356    0    0     0  1572 52093 1017 75 23  0  2  0 2026-10-01 10:04:41
 2  0      0 439972  69760 992636    0    0     0   192 45069  653 85 15  0  1  0 2026-10-01 10:04:42
 2  0      0 461928  69780 1000384    0    0     0   360 49856  816 83 17  0  1  0 2026-10-01 10:04:43
 2  0      0 531156  69824 1011172    0    0     0  1156 48474  911 79 19  0  1  0 2026-10-01 10:04:44
procs -----------memory---------- ---swap-- -----io---- -system-- ------cpu----- -----timestamp-----
 r  b   swpd   free   buff  cache   si   so    bi    bo   in   cs us sy id wa st                 UTC
 2  0      0 534936  69828 1020288    0    0     0   320 45370  685 81 19  0  0  0 2026-10-01 10:04:45
 2  1      0 515024  69860 1031136    0    0     0  1108 49535  922 76 23  0  2  0 2026-10-01 10:04:46
 2  0      0 505460  69876 1039044    0    0     0   688 39807  680 86 14  0  1  0 2026-10-01 10:04:47
 2  0      0 494144  69876 1044112    0    0     0     0 44858  849 84 16  0  0  0 2026-10-01 10:04:48
 1  1      0 482048  69896 1055716    0    0     0  1448 47488 1038 79 19  0  1  0 2026-10-01 10:04:49
 2  0      0 470736  69908 1065984    0    0     0   228 52494  691 78 22  0  0  0 2026-10-01 10:04:50
 2  0      0 463200  69912 1072828    0    0     0   244 52295  716 81 19  0  0  0 2026-10-01 10:04:51
 2  0      0 453888  70020 1081444    0    0     0 60924 47419 1383 83 18  0  0  0 2026-10-01 10:04:52
 3  0      0 443316  70076 1090804    0    0     0  1196 56472  951 76 23  0  2  0 2026-10-01 10:04:53
 2  0      0 432504  70076 1100832    0    0     0     0 48492  691 80 20  0  0  0 2026-10-01 10:04:54
 2  0      0 419180  70076 1108976    0    0     0     0 55647  775 79 20  0  0  0 2026-10-01 10:04:55
 2  0      0 405680  70092 1118220    0    0     0   552 50537 4272 78 20  2  1  0 2026-10-01 10:04:56
 2  1      0 394040  70120 1125480    0    0     0 24020 52140  908 82 18  0  0  0 2026-10-01 10:04:57
 2  0      0 364820  70212 1132696    0    0     0 80788 50439 1603 77 23  0  0  0 2026-10-01 10:04:58
 2  0      0 277376  70236 1138896    0    0     0   416 43668  764 78 22  0  0  0 2026-10-01 10:04:59
 2  0      0 261752  70248 1146308    0    0     0   468 58266  789 77 23  0  1  0 2026-10-01 10:05:00
 2  0      0 253436  70248 1154180    0    0     0     0 52945  732 75 25  0  0  0 2026-10-01 10:05:01
 2  0      0 244564  70248 1161912    0    0    16     0 59784  803 78 22  0  0  0 2026-10-01 10:05:02
 2  0      0 267692  70248 1168076    0    0     0     0 53520 14774 60 21 19  0  0 2026-10-01 10:05:03
 2  0      0 258592  70248 1172456    0    0     0     0 50941 14682 72 18 11  0  0 2026-10-01 10:05:04
 2  0      0 239308  70248 1179812    0    0     0   284 48792  688 82 18  0  0  0 2026-10-01 10:05:05
procs -----------memory---------- ---swap-- -----io---- -system-- ------cpu----- -----timestamp-----
 r  b   swpd   free   buff  cache   si   so    bi    bo   in   cs us sy id wa st                 UTC
 2  0      0 223152  70248 1189424    0    0     0     0 56205  767 78 21  0  0  0 2026-10-01 10:05:06
 2  0      0 212336  70256 1197656    0    0     0   396 54768  753 79 20  0  1  0 2026-10-01 10:05:07
 2  0      0 203276  70260 1205836    0    0     0  2228 61073 3473 76 21  3  1  0 2026-10-01 10:05:08
 3  0      0 195968  70260 1212396    0    0     0     0 59186 12457 67 22 12  0  0 2026-10-01 10:05:09
 0  0      0 185132  70260 1218304    0    0    88     0 64093 23567 50 26 25  0  0 2026-10-01 10:05:10
 1  0      0 185132  70260 1218344    0    0     0     8 40315 28204  7 14 78  0  0 2026-10-01 10:05:11
 0  0      0 309440  70260 1198080    0    0     0     0 62580 38798 12 28 60  0  0 2026-10-01 10:05:12
 0  0      0 308684  70264 1198076    0    0     0  1344  235  332  0  0 99  1  0 2026-10-01 10:05:13
 0  0      0 308684  70264 1198088    0    0     0     0   35   36  0  0 100  0  0 2026-10-01 10:05:14
