procs -----------memory---------- ---swap-- -----io---- -system-- ------cpu----- -----timestamp-----
 r  b   swpd   free   buff  cache   si   so    bi    bo   in   cs us sy id wa st                 UTC
 1  0      0 266136  64232 1175152    0    0   418  2261 8360 1269 31  8 60  2  0 2026-10-01 10:04:02
 0  1      0 343332  64556 1080756    0    0     0 19644 2127 4442  1  3 78 19  0 2026-10-01 10:04:03
 1  1      0 558028  65168 866460    0    0     0 46484 4605 9894  2  6 49 43  0 2026-10-01 10:04:04
 5  0      0 821576  65776 643196    0    0     0 46668 5200 10758 20  7 37 36  0 2026-10-01 10:04:05
 0  0      0 996768  66240 646024    0    0     0 17284 6973 9406 38  5 43 15  0 2026-10-01 10:04:06
 0  0      0 996768  66240 646024    0    0     0     0   62   59  1  0 100  0  0 2026-10-01 10:04:08
 0  0      0 1268512  66240 646024    0    0     0     0  288  377  0  2 98  0  0 2026-10-01 10:04:09
 2  1      0 1355480  66460 648804    0    0     0  1752 7197 5876 13  4 78  6  0 2026-10-01 10:04:10
 0  0      0 1358592  66876 656024    0    0     0  3964 13334 14503 35  7 45 13  0 2026-10-01 10:04:11
 0  0      0 1429960  67132 663552    0    0     0  2820 17271 15689 45  7 39  9  0 2026-10-01 10:04:12
 0  1      0 1429736  67412 671976    0    0     0  2804 19064 17926 54  8 31  7  0 2026-10-01 10:04:13
 2  0      0 1428116  67672 681616    0    0     0  2408 21479 17539 64 10 21  5  0 2026-10-01 10:04:14
 4  0      0 1421548  67928 691552    0    0     0  2372 21960 16527 67  7 21  5  0 2026-10-01 10:04:15
 7  1      0 1412316  68048 702892    0    0     0  1908 24390 14831 76 12  9  5  0 2026-10-01 10:04:16
 4  0      0 1381592  68192 713936    0    0     0  1604 26335 15348 76 12 10  2  0 2026-10-01 10:04:17
 8  0      0 1314584  68252 724180    0    0     0  1116 23194 4662 82 13  3  2  0 2026-10-01 10:04:18
11  0      0 1349880  68416 736772    0    0     0  1808 28614 4209 83 13  0  3  0 2026-10-01 10:04:19
11  0      0 1425652  68552 748524    0    0     0  1892 30876 7479 82 14  0  4  0 2026-10-01 10:04:20
 3  0      0 1421084  68660 760612    0    0     0  1508 31544 8222 85 14  0  2  0 2026-10-01 10:04:21
 3  0      0 1499880  68776 770308    0    0     0  1448 30310 3542 83 12  1  3  0 2026-10-01 10:04:22
 3  0      0 1566232  68828 780848    0    0     0  1192 33429 2354 84 13  0  2  0 2026-10-01 10:04:23
procs -----------memory---------- ---swap-- -----io---- -system-- ------cpu----- -----timestamp-----
 r  b   swpd   free   buff  cache   si   so    bi    bo   in   cs us sy id wa st                 UTC
 5  0      0 1571432  68936 792396    0    0     0  1892 36624 6631 80 15  0  5  0 2026-10-01 10:04:24
 3  0      0 1569624  68988 804404    0    0     0  1728 34650 1781 82 14  0  4  0 2026-10-01 10:04:25
 3  0      0 1567044  69052 814148    0    0     0  1284 36535 6105 82 16  1  2  0 2026-10-01 10:04:26
 3  0      0 1523500  69104 826448    0    0     0   788 38112  755 81 17  0  2  0 2026-10-01 10:04:27
 3  0      0 1475436  69128 833808    0    0     0   292 31722  848 85 14  0  1  0 2026-10-01 10:04:28
 4  0      0 1462632  69236 845496    0    0     0  1440 34951 1769 80 15  1  3  0 2026-10-01 10:04:29
 4  0      0 1448280  69352 856192    0    0     0  2216 42238 3155 79 18  0  4  0 2026-10-01 10:04:30
 4  0      0 1436952  69392 867184    0    0     0  1132 38362 3055 78 20  0  1  0 2026-10-01 10:04:31
 3  0      0 1424896  69416 876028    0    0     0 79404 39994 2575 81 17  0  2  0 2026-10-01 10:04:32
 3  0      0 1376872  69500 886556    0    0     0  1612 41224 2947 77 20  0  4  0 2026-10-01 10:04:33
10  0      0 1323600  69572 896512    0    0     0  1612 44249 8579 80 16  0  3  0 2026-10-01 10:04:34
 4  0      0 1226856  69616 905616    0    0     0   776 36610 1487 82 17  0  2  0 2026-10-01 10:04:35
 4  0      0 1214900  69696 915676    0    0     0  1260 45042 1133 80 17  0  4  0 2026-10-01 10:04:36
 5  0      0 1202156  69696 923152    0    0     0 172144 37744 5338 81 19  0  0  0 2026-10-01 10:04:37
 8  1      0 1187552  69744 933976    0    0     0  1344 49991 2855 78 20  1  2  0 2026-10-01 10:04:38
 2  0      0 1176488  69796 944164    0    0     0  1480 41063 4375 84 13  0  3  0 2026-10-01 10:04:39
 4  0      0 1165804  69816 953048    0    0     0   392 47239  951 79 21  0  1  0 2026-10-01 10:04:40
 3  0      0 1154508  69876 964132    0    0     0  1312 43056 1371 79 17  0  3  0 2026-10-01 10:04:41
 2  0      0 1114676  69884 973260    0    0     0   316 44801  658 82 17  0  1  0 2026-10-01 10:04:42
 2  0      0 1027900  69928 982600    0    0     0  1340 47893 5692 74 24  0  2  0 2026-10-01 10:04:43
 3  0      0 938712  69952 991136    0    0     0  1168 44660 2534 77 21  0  3  0 2026-10-01 10:04:44
procs -----------memory---------- ---swap-- -----io---- -system-- ------cpu----- -----timestamp-----
 r  b   swpd   free   buff  cache   si   so    bi    bo   in   cs us sy id wa st                 UTC
 2  0      0 872132  69968 996708    0    0     0   536 39998  941 83 16  0  2  0 2026-10-01 10:04:45
 2  0      0 859784  70036 1008088    0    0     0  1752 47301 2126 76 20  0  3  0 2026-10-01 10:04:46
 5  1      0 848664  70044 1017608    0    0     0   400 47681 3338 81 19  0  1  0 2026-10-01 10:04:47
 2  0      0 833388  70064 1024952    0    0     0   180 47922 4264 76 24  0  1  0 2026-10-01 10:04:48
 2  0      0 816684  70120 1035500    0    0     0  1276 47458 1087 78 19  0  4  0 2026-10-01 10:04:49
 2  0      0 804444  70148 1043716    0    0     0   524 47209 1037 81 18  0  1  0 2026-10-01 10:04:50
 2  0      0 823364  70148 1052072    0    0     0     0 58794 5886 74 21  4  0  0 2026-10-01 10:04:51
 2  0      0 805060  70148 1061652    0    0     0    12 43243  600 85 15  0  0  0 2026-10-01 10:04:52
 2  0      0 733616  70148 1068252    0    0     0     0 49227  697 79 21  0  0  0 2026-10-01 10:04:53
 5  0      0 628572  70160 1078168    0    0     0 47512 53298 1475 78 22  0  1  0 2026-10-01 10:04:54
 2  0      0 529884  70160 1086236    0    0     0   220 51334  865 76 24  0  1  0 2026-10-01 10:04:55
 5  0      0 435408  70164 1091256    0    0     0   356 34807  726 86 14  0  0  0 2026-10-01 10:04:56
 2  0      0 426084  70164 1099344    0    0     0 46736 57051 2524 74 26  0  0  0 2026-10-01 10:04:57
 2  0      0 438428  70176 1109024    0    0     0   388 49778  716 77 22  0  1  0 2026-10-01 10:04:58
 2  0      0 421976  70176 1116648    0    0     0   128 54397  728 80 20  0  0  0 2026-10-01 10:04:59
 2  0      0 405184  70192 1123700    0    0     0  2116 40456  929 85 14  1  1  0 2026-10-01 10:05:00
 2  0      0 391828  70248 1134868    0    0     0   940 63604 1260 70 28  0  2  0 2026-10-01 10:05:01
 2  0      0 385528  70248 1140396    0    0     0 108408 57430 15101 56 27 16  2  0 2026-10-01 10:05:02
 4  0      0 409764  70248 1146352    0    0     0     0 52905 5829 75 18  7  0  0 2026-10-01 10:05:03
 2  0      0 395804  70248 1150648    0    0     0     8 43082 14823 70 17 13  0  0 2026-10-01 10:05:04
 2  0      0 371172  70248 1158856    0    0     0    56 46314  602 81 19  0  0  0 2026-10-01 10:05:05
procs -----------memory---------- ---swap-- -----io---- -system-- ------cpu----- -----timestamp-----
 r  b   swpd   free   buff  cache   si   so    bi    bo   in   cs us sy id wa st                 UTC
 2  0      0 360380  70260 1168140    0    0     0   412 55320  839 75 25  0  0  0 2026-10-01 10:05:06
 2  0      0 285004  70260 1175892    0    0     0   248 48072  713 79 22  0  0  0 2026-10-01 10:05:07
 3  0      0 186248  70272 1183108    0    0     0   372 68452 3496 62 32  6  1  0 2026-10-01 10:05:08
 3  0      0 136976  70272 1187972    0    0     0     0 50699 9119 71 21  7  0  0 2026-10-01 10:05:09
 2  0      0 113576  69292 1130556    0    0    44    12 40738 2292 82 19  0  0  0 2026-10-01 10:05:10
 0  0      0 112824  69292 1133536    0    0   196     0 40163 2114 42 17 41  0  0 2026-10-01 10:05:11
 0  0      0 215252  69292 1115068    0    0     0     0 59828 39542 14 21 65  0  0 2026-10-01 10:05:12
 0  0      0 215252  69292 1115068    0    0     0   272   42   59  0  0 100  0  0 2026-10-01 10:05:13
 0  0      0 215252  69292 1115068    0    0     0     0   31   32  0  0 100  0  0 2026-10-01 10:05:14
 0  0      0 215252  69292 1115072    0    0     0     0   31   46  0  0 100  0  0 2026-10-01 10:05:15
