procs -----------memory---------- ---swap-- -----io---- -system-- ------cpu----- -----timestamp-----
 r  b   swpd   free   buff  cache   si   so    bi    bo   in   cs us sy id wa st                 UTC
 0  0      0 31155340  24740 475880    0    0     4     2    7  283 15  3 82  0  0 2026-10-01 10:04:02
 0  0      0 31143496  24740 475864    0    0     0     0 1674 1706  1  0 99  0  0 2026-10-01 10:04:03
 0  0      0 31143244  24740 475864    0    0     0     0   72  130  0  0 100  0  0 2026-10-01 10:04:04
 0  0      0 31143244  24740 475864    0    0     0     0   65  115  0  0 100  0  0 2026-10-01 10:04:05
 0  0      0 31138876  24740 475864    0    0     0     0 3430 2111  2  0 98  0  0 2026-10-01 10:04:06
 0  0      0 31137308  24740 475864    0    0     0     0  118  202  0  0 100  0  0 2026-10-01 10:04:07
 0  0      0 31137308  24748 475864    0    0     0    44   88  126  0  0 100  0  0 2026-10-01 10:04:08
12  0      0 31113368  24748 475864    0    0     0     0 18172 18977  6  0 94  0  0 2026-10-01 10:04:09
 0  0      0 31046980  24748 475864    0    0     0     0 43148 47936 18  1 81  0  0 2026-10-01 10:04:10
12  0      0 30954356  24748 475864    0    0     0     0 51170 54063 21  2 77  0  0 2026-10-01 10:04:11
 2  0      0 30843056  24748 476440    0    0     0     0 55676 52127 26  3 71  0  0 2026-10-01 10:04:12
 2  0      0 30704368  24748 477304    0    0     0     0 64228 57031 31  3 65  0  0 2026-10-01 10:04:13
 2  0      0 30538900  24756 478392    0    0     0    12 69099 54699 36  3 62  0  0 2026-10-01 10:04:14
 1  0      0 30395124  24756 479696    0    0     0     0 76086 55057 40  3 57  0  0 2026-10-01 10:04:15
10  0      0 30226932  24756 481128    0    0     0     0 79542 57460 43  4 53  0  0 2026-10-01 10:04:16
 0  0      0 30069680  24756 482328    0    0     0     0 78340 52749 42  4 54  0  0 2026-10-01 10:04:18
16  0      0 29787836  24756 483696    0    0     0     0 88352 47642 51  5 45  0  0 2026-10-01 10:04:19
 7  0      0 29747604  24756 484840    0    0     0     0 83426 53980 46  4 50  0  0 2026-10-01 10:04:20
 1  0      0 29563280  24764 485816    0    0     0    12 93531 54931 45  5 50  0  0 2026-10-01 10:04:21
16  0      0 29486320  24764 486632    0    0     0     0 91956 54450 45  4 51  0  0 2026-10-01 10:04:22
 4  0      0 29333524  24764 487512    0    0     0     4 98183 49937 48  5 47  0  0 2026-10-01 10:04:23
procs -----------memory---------- ---swap-- -----io---- -system-- ------cpu----- -----timestamp-----
 r  b   swpd   free   buff  cache   si   so    bi    bo   in   cs us sy id wa st                 UTC
16  0      0 29262828  24764 488496    0    0     0     0 100489 50237 53  5 42  0  0 2026-10-01 10:04:24
 5  0      0 29102472  24764 489264    0    0     0    36 108302 55017 48  5 46  0  0 2026-10-01 10:04:25
16  0      0 28973892  24764 490232    0    0     0     0 108747 48773 51  5 44  0  0 2026-10-01 10:04:26
16  0      0 28944880  24772 491312    0    0     0    20 104213 50900 54  6 41  0  0 2026-10-01 10:04:27
 3  0      0 28834336  24772 491976    0    0     0    12 107893 54021 47  5 48  0  0 2026-10-01 10:04:28
 7  0      0 28727864  24772 492568    0    0     0     4 100197 35540 59  5 36  0  0 2026-10-01 10:04:29
 1  0      0 28635820  24772 493536    0    0     0     0 121026 55388 54  5 40  0  0 2026-10-01 10:04:30
16  0      0 28500220  24772 494048    0    0     0     0 120300 63503 48  6 47  0  0 2026-10-01 10:04:31
 0  0      0 28245512  24772 494728    0    0     0     0 119674 47464 57  6 37  0  0 2026-10-01 10:04:32
16  0      0 28237376  24780 495400    0    0     0  1032 114633 56989 55  6 39  0  0 2026-10-01 10:04:33
16  0      0 28230188  24780 495952    0    0     0     0 116172 64064 48  6 47  0  0 2026-10-01 10:04:34
 0  0      0 28114068  24780 497056    0    0     0     4 123137 55672 52  6 42  0  0 2026-10-01 10:04:35
16  0      0 28052132  24780 497560    0    0     0     0 123024 52757 57  6 37  0  0 2026-10-01 10:04:36
 0  0      0 27974264  24780 498480    0    0     0     0 107393 47482 59  6 35  0  0 2026-10-01 10:04:37
16  0      0 27975344  24780 498944    0    0     0     0 133113 85801 34  6 60  0  0 2026-10-01 10:04:38
 4  0      0 27734056  24788 499420    0    0     0    28 119989 35822 67  6 27  0  0 2026-10-01 10:04:39
16  0      0 27689176  24788 500628    0    0     0     0 125490 61007 55  6 39  0  0 2026-10-01 10:04:40
16  0      0 27538744  24788 500724    0    0     0     8 139280 68256 53  7 40  0  0 2026-10-01 10:04:41
 2  0      0 27482220  24788 502068    0    0     0     0 124414 54384 57  6 37  0  0 2026-10-01 10:04:42
16  0      0 27442188  24788 502564    0    0     0     0 135139 72806 53  6 40  0  0 2026-10-01 10:04:43
16  0      0 27307656  24796 502852    0    0     0    20 127133 47793 66  7 27  0  0 2026-10-01 10:04:44
procs -----------memory---------- ---swap-- -----io---- -system-- ------cpu----- -----timestamp-----
 r  b   swpd   free   buff  cache   si   so    bi    bo   in   cs us sy id wa st                 UTC
 6  0      0 27300684  24796 504020    0    0     0     0 131031 81489 38  6 56  0  0 2026-10-01 10:04:45
 1  0      0 27141628  24796 504188    0    0     0     0 144065 56027 61  8 31  0  0 2026-10-01 10:04:46
15  0      0 27101408  24796 504908    0    0     0     4 123332 45259 60 10 30  0  0 2026-10-01 10:04:47
17  0      0 27010996  24796 505972    0    0     0     0 127983 48283 48 25 27  0  0 2026-10-01 10:04:48
16  0      0 26686268  24796 506052    0    0     0     0 145777 58543 49 18 32  0  0 2026-10-01 10:04:49
16  0      0 26672020  24804 506516    0    0     0    12 108578 5759 54 44  3  0  0 2026-10-01 10:04:50
16  0      0 26686892  24804 507412    0    0     0     0 119280 8902 67 32  1  0  0 2026-10-01 10:04:51
16  0      0 26673472  24804 508060    0    0     0     0 106268 26917 45 40 16  0  0 2026-10-01 10:04:52
16  0      0 26494692  24804 508692    0    0     0     4 134608 8303 65 34  1  0  0 2026-10-01 10:04:53
16  0      0 26485416  24804 509316    0    0     0     0 107669 9550 66 31  2  0  0 2026-10-01 10:04:54
16  0      0 26480308  24812 509932    0    0     0    12 137275 48218 48 27 25  0  0 2026-10-01 10:04:55
16  0      0 26387772  24812 510556    0    0     0     0 109651 10042 57 42  1  0  0 2026-10-01 10:04:56
18  0      0 26406248  24812 511172    0    0     0    40 121464 19994 48 41 10  0  0 2026-10-01 10:04:57
16  0      0 26044264  24812 511692    0    0     0     0 139134 29338 61 26 13  0  0 2026-10-01 10:04:58
16  0      0 26042672  24812 512092    0    0     0     4 109558 13495 46 48  6  0  0 2026-10-01 10:04:59
 4  0      0 26058980  24820 512580    0    0     0    12 118671 29908 59 25 16  0  0 2026-10-01 10:05:00
16  0      0 25955244  24820 512676    0    0     0     0 143857 53084 43 34 23  0  0 2026-10-01 10:05:01
16  0      0 25639064  24820 513244    0    0     0     0 142171 7888 57 43  1  0  0 2026-10-01 10:05:02
20  0      0 25579848  24820 513836    0    0     0     0 114891 21019 45 54  1  0  0 2026-10-01 10:05:03
16  0      0 25636700  24820 514652    0    0     0     0 95930 14322 67 32  1  0  0 2026-10-01 10:05:04
16  0      0 25674112  24828 515132    0    0     0    36 109947 15129 51 48  1  0  0 2026-10-01 10:05:05
procs -----------memory---------- ---swap-- -----io---- -system-- ------cpu----- -----timestamp-----
 r  b   swpd   free   buff  cache   si   so    bi    bo   in   cs us sy id wa st                 UTC
16  0      0 25622632  24828 515452    0    0     0     0 128028 10575 65 34  1  0  0 2026-10-01 10:05:06
16  0      0 25652228  24828 516084    0    0     0   184 125862 33966 52 34 14  0  0 2026-10-01 10:05:07
16  0      0 25534528  24828 516340    0    0     0     0 160058 16857 62 37  1  0  0 2026-10-01 10:05:08
16  0      0 25429424  24828 516852    0    0     0     0 113910 5238 50 49  0  0  0 2026-10-01 10:05:09
10  0      0 25465340  24836 517276    0    0     0    12 154432 67495 51 29 20  0  0 2026-10-01 10:05:10
 1  0      0 31006784  24836 517276    0    0     0     4 64397 27366  5  3 92  0  0 2026-10-01 10:05:11
 0  0      0 31165644  24836 475724    0    0     0     0 75918  562  0  2 98  0  0 2026-10-01 10:05:12
 0  0      0 31165644  24836 475724    0    0     0     0   76  132  0  0 100  0  0 2026-10-01 10:05:13
 0  0      0 31165644  24836 475728    0    0     0     0   81  125  0  0 100  0  0 2026-10-01 10:05:14
 0  0      0 31165644  24844 475728    0    0     0    28   86  134  0  0 100  0  0 2026-10-01 10:05:15
 0  0      0 31165644  24844 475728    0    0     0     0   78  130  0  0 100  0  0 2026-10-01 10:05:16
