procs -----------memory---------- ---swap-- -----io---- -system-- ------cpu----- -----timestamp-----
 r  b   swpd   free   buff  cache   si   so    bi    bo   in   cs us sy id wa st                 UTC
 1  0      0 547048  77116 823560    0    0   254   974 7365 6679 19 32 48  1  0 2026-10-01 10:15:13
 0  1      0 571456  77224 755252    0    0  3988 17728 3414 6564  4  5 69 22  0 2026-10-01 10:15:14
 3  0      0 724588  77324 670416    0    0  8176 37936 5773 11374 26  8 32 36  0 2026-10-01 10:15:15
 0  0      0 715832  77492 672844    0    0     0 14904 4842 8521 25  4 55 16  0 2026-10-01 10:15:16
 0  0      0 715832  77504 672844    0    0     0   432  366  607  0  0 98  1  0 2026-10-01 10:15:17
 0  0      0 715832  77504 672844    0    0     0    48  386  641  0  0 100  1  0 2026-10-01 10:15:18
 2  0      0 707108  77536 674964    0    0     0  1332 13418 10593 16  8 71  4  0 2026-10-01 10:15:19
 1  0      0 695452  77652 680460    0    0     0  4256 28116 24984 36 16 40  8  0 2026-10-01 10:15:20
 0  1      0 686172  77712 685556    0    0     0  1708 34497 25932 36 18 43  4  0 2026-10-01 10:15:21
 0  0      0 672032  77760 692688    0    0     0  2836 38912 30293 56 21 19  3  0 2026-10-01 10:15:22
14  0      0 658980  77776 699736    0    0     0  2196 46359 33859 54 27 16  2  0 2026-10-01 10:15:23
 8  0      0 641268  77796 708008    0    0     0  3584 46951 31624 62 28  7  3  0 2026-10-01 10:15:24
15  0      0 621720  77828 716848    0    0     0  3628 54073 33915 63 36  0  0  0 2026-10-01 10:15:25
 3  0      0 580088  77840 725044    0    0     0  2948 55836 30941 64 35  0  0  0 2026-10-01 10:15:26
10  0      0 527924  77852 731908    0    0     0  2924 60892 34433 61 39  0  1  0 2026-10-01 10:15:27
 4  0      0 467800  77860 737720    0    0     0  3696 60832 30924 61 38  0  0  0 2026-10-01 10:15:28
 5  0      0 455116  77888 743912    0    0     0  2856 66062 31359 58 42  0  1  0 2026-10-01 10:15:29
 7  0      0 438312  77900 750596    0    0     0  2708 68037 32003 59 40  0  0  0 2026-10-01 10:15:30
 8  0      0 428104  77932 756856    0    0     0 62348 73248 32989 56 45  0  0  0 2026-10-01 10:15:31
15  0      0 415424  77984 761916    0    0     0  2024 73214 32036 56 43  0  0  0 2026-10-01 10:15:32
 4  0      0 403988  78040 767108    0    0     0  2692 76236 32547 54 46  0  0  0 2026-10-01 10:15:33
procs -----------memory---------- ---swap-- -----io---- -system-- ------cpu----- -----timestamp-----
 r  b   swpd   free   buff  cache   si   so    bi    bo   in   cs us sy id wa st                 UTC
 3  0      0 388868  78064 773648    0    0     0  1928 75881 28773 55 45  0  0  0 2026-10-01 10:15:34
12  0      0 369452  78124 779272    0    0     0  1872 75912 24248 51 49  0  1  0 2026-10-01 10:15:35
 6  0      0 363100  78148 784108    0    0     0  1268 80362 31116 53 47  0  0  0 2026-10-01 10:15:36
 9  0      0 349688  78164 789248    0    0     0  1484 80309 28004 43 58  0  0  0 2026-10-01 10:15:37
 3  0      0 334152  78216 793504    0    0     0  2080 80198 21716 51 49  0  0  0 2026-10-01 10:15:38
 4  0      0 328216  78236 799092    0    0     0  1864 82244 25654 46 55  0  0  0 2026-10-01 10:15:39
 4  0      0 311448  78272 803164    0    0     0  1836 83408 19515 48 52  1  0  0 2026-10-01 10:15:40
 3  0      0 303324  78288 806416    0    0     0  1236 80010 20822 53 48  0  0  0 2026-10-01 10:15:41
 6  0      0 291636  78312 811544    0    0     0  1732 82794 11208 45 55  0  0  0 2026-10-01 10:15:42
10  0      0 275816  78332 817144    0    0     0  1420 86531 11457 43 57  0  0  0 2026-10-01 10:15:43
 6  0      0 265280  78340 820976    0    0     0  1048 82779 15093 46 54  0  0  0 2026-10-01 10:15:44
 4  0      0 247500  78344 824364    0    0     0   992 86326 13063 44 56  0  0  0 2026-10-01 10:15:45
 3  0      0 241908  78344 829724    0    0     0 52304 83968 10026 39 60  0  0  0 2026-10-01 10:15:46
 6  0      0 235964  78352 833492    0    0     0  1440 88224 11504 48 52  0  0  0 2026-10-01 10:15:47
 5  0      0 221176  78356 836432    0    0     0   820 81701 5983 42 58  0  0  0 2026-10-01 10:15:48
 4  0      0 216940  78356 841288    0    0     0   824 85652 7966 43 57  0  0  0 2026-10-01 10:15:49
 4  0      0 236452  78356 844876    0    0     0   880 91996 4941 39 62  0  0  0 2026-10-01 10:15:50
 4  1      0 210420  78360 843940    0    0   324   876 84053 8781 44 56  0  0  0 2026-10-01 10:15:51
 9  0      0 175436  78360 847388    0    0     0   820 88019 4778 39 61  0  0  0 2026-10-01 10:15:52
 5  0      0 171928  78360 849712    0    0     0   864 81890 4511 48 53  0  0  0 2026-10-01 10:15:53
 6  0      0 195440  78372 848640    0    0    64   884 83292 5378 43 58  0  0  0 2026-10-01 10:15:54
procs -----------memory---------- ---swap-- -----io---- -system-- ------cpu----- -----timestamp-----
 r  b   swpd   free   buff  cache   si   so    bi    bo   in   cs us sy id wa st                 UTC
 6  0      0 207936  78372 852424    0    0     0   760 82143 8257 41 60  0  0  0 2026-10-01 10:15:55
 5  0      0 165120  78372 855316    0    0     0   668 88159 9549 44 56  0  0  0 2026-10-01 10:15:56
14  0      0 206840  78372 857456    0    0     0   636 88245 5349 41 59  0  0  0 2026-10-01 10:15:57
 5  0      0 258556  78372 861040    0    0     0   660 92522 4759 40 61  0  0  0 2026-10-01 10:15:58
 5  0      0 223084  78380 865528    0    0     0   744 93506 3584 34 66  0  0  0 2026-10-01 10:15:59
 6  0      0 212540  78384 868300    0    0     0   652 87282 4035 35 65  0  0  0 2026-10-01 10:16:00
 8  0      0 204400  78388 871300    0    0     0 21140 79962 5479 43 57  0  0  1 2026-10-01 10:16:01
 6  0      0 226240  78388 875668    0    0     0  3924 91297 4447 38 62  0  0  0 2026-10-01 10:16:02
 7  0      0 203132  78388 878924    0    0     0   912 92111 3941 36 64  0  0  0 2026-10-01 10:16:03
 6  0      0 194548  78392 880484    0    0     0   716 84482 9158 46 55  0  0  0 2026-10-01 10:16:04
 6  0      0 199816  78392 883416    0    0     0   792 90733 4266 39 61  0  0  0 2026-10-01 10:16:05
 6  0      0 178944  78400 887412    0    0     0   724 90605 3713 39 61  0  0  0 2026-10-01 10:16:06
 5  0      0 156876  78428 890100    0    0     0 22396 81302 4808 44 57  0  0  0 2026-10-01 10:16:07
 9  0      0 167044  78432 892556    0    0     0   660 91885 4312 39 61  0  0  0 2026-10-01 10:16:08
 8  0      0 136180  78432 896928    0    0     0   608 90901 4176 39 62  0  0  0 2026-10-01 10:16:09
 6  0      0 115992  78432 898796    0    0     0   564 79941 6180 44 57  0  0  0 2026-10-01 10:16:10
 6  0      0 128476  78436 899572    0    0     0   528 79656 3782 46 54  0  0  0 2026-10-01 10:16:11
 6  0      0 115196  78436 902352    0    0     0   572 83092 4949 45 55  0  0  0 2026-10-01 10:16:12
 8  0      0 119580  78444 906416    0    0     0   760 79830 3978 42 58  0  0  0 2026-10-01 10:16:13
 5  0      0 114748  78448 902376    0    0     0   816 77564 6860 40 60  0  0  0 2026-10-01 10:16:14
 7  0      0 103196  78448 905548    0    0     0   716 81957 5163 36 64  0  0  0 2026-10-01 10:16:15
procs -----------memory---------- ---swap-- -----io---- -system-- ------cpu----- -----timestamp-----
 r  b   swpd   free   buff  cache   si   so    bi    bo   in   cs us sy id wa st                 UTC
 4  0      0 107908  78456 901716    0    0     0   676 81157 4852 43 57  0  0  1 2026-10-01 10:16:16
 4  0      0 115372  78476 860104    0    0  1112 20256 78271 6529 40 60  0  0  0 2026-10-01 10:16:17
 6  0      0 106896  78484 862516    0    0    52   716 80745 4304 42 58  0  0  0 2026-10-01 10:16:18
 3  0      0 142916  78488 864896    0    0   136   716 80873 13404 40 60  0  0  0 2026-10-01 10:16:19
 4  0      0 168068  78488 863460    0    0   376   620 28086 11796 16 27 57  0  0 2026-10-01 10:16:20
 0  0      0 542196  78496 797784    0    0  7224   512 74109 28006 21 63 16  0  0 2026-10-01 10:16:21
