procs -----------memory---------- ---swap-- -----io---- -system-- ------cpu----- -----timestamp-----
 r  b   swpd   free   buff  cache   si   so    bi    bo   in   cs us sy id wa st                 UTC
 1  0      0 1299900  83336 931440    0    0   209  2853 11528 3363 39 10 49  2  0 2026-10-01 10:15:13
 0  1      0 1354472  83376 826700    0    0     0 34632 2411 5574  2  2 77 19  0 2026-10-01 10:15:14
 3  2      0 1572564  83480 642928    0    0     0 57148 5676 12314 28  9 31 32  0 2026-10-01 10:15:15
 0  0      0 1565992  83572 645080    0    0     0 13280 3892 7478 15  3 67 15  0 2026-10-01 10:15:16
 0  0      0 1565992  83572 645080    0    0     0     0   38   36  0  0 100  0  0 2026-10-01 10:15:17
 0  0      0 1565992  83572 645080    0    0     0     8   47   54  0  0 100  0  1 2026-10-01 10:15:18
 0  0      0 1563280  83584 646380    0    0     0  2300 6084 7876  9  3 85  4  0 2026-10-01 10:15:19
 0  1      0 1561796  83608 648612    0    0     0  1300 14775 20266 16  6 73  5  0 2026-10-01 10:15:20
 0  1      0 1558376  83640 652340    0    0     0  1700 17433 22044 27  5 62  6  0 2026-10-01 10:15:21
 1  1      0 1555188  83652 656324    0    0     0  1276 17577 21750 28  6 62  4  0 2026-10-01 10:15:22
 6  0      0 1550788  83680 662064    0    0     0  1640 19808 22226 39  6 50  5  0 2026-10-01 10:15:23
 1  0      0 1547608  83704 667092    0    0     0   900 20073 22695 35  8 54  3  0 2026-10-01 10:15:24
 2  0      0 1543980  83716 671912    0    0     0   600 21308 22196 37  7 54  2  0 2026-10-01 10:15:25
 9  0      0 1538852  83724 678656    0    0     0  1300 22293 21540 46  9 41  4  0 2026-10-01 10:15:26
 9  0      0 1533712  83748 685664    0    0     0  1360 24728 23162 49  8 38  4  0 2026-10-01 10:15:27
 4  0      0 1507416  83752 692036    0    0     0   368 22477 15534 59 10 31  1  0 2026-10-01 10:15:28
 4  0      0 1506068  83752 698744    0    0     0     0 25577 21439 53  8 39  0  0 2026-10-01 10:15:29
 5  0      0 1504456  83764 705796    0    0     0   868 28402 24881 57 10 32  1  0 2026-10-01 10:15:30
 8  0      0 1499876  83764 713520    0    0     0   672 28332 21819 58 11 29  2  0 2026-10-01 10:15:31
 8  0      0 1495436  83764 720916    0    0     0   220 29974 24668 60 10 30  0  0 2026-10-01 10:15:32
 1  0      0 1489288  83772 727828    0    0     0   240 29808 22288 54 12 34  1  0 2026-10-01 10:15:33
procs -----------memory---------- ---swap-- -----io---- -system-- ------cpu----- -----timestamp-----
 r  b   swpd   free   buff  cache   si   so    bi    bo   in   cs us sy id wa st                 UTC
 5  0      0 1478672  83780 736016    0    0     0   596 30934 21240 61 14 25  1  0 2026-10-01 10:15:34
 4  0      0 1505592  83792 742984    0    0     0   336 30007 13549 68 13 20  0  0 2026-10-01 10:15:35
 3  0      0 1504532  83792 750724    0    0     0    12 30678 17383 63 12 26  0  0 2026-10-01 10:15:36
 8  0      0 1600372  83812 758836    0    0     0   604 35188 18697 63 14 22  1  0 2026-10-01 10:15:37
 3  0      0 1695928  83812 766544    0    0     0   208 34888 18386 65 14 21  1  0 2026-10-01 10:15:38
 3  0      0 1691252  83828 774396    0    0     0   576 33174 18680 62 12 24  1  1 2026-10-01 10:15:39
 6  0      0 1779464  83832 782556    0    0     0   380 36352 13017 68 13 19  1  0 2026-10-01 10:15:40
 3  0      0 1778092  83832 790728    0    0     0     0 31412 9357 81 11  8  0  0 2026-10-01 10:15:41
 5  0      0 1772780  83832 797980    0    0     0     8 33953 16741 61 14 25  0  0 2026-10-01 10:15:42
 2  0      0 1768116  83832 806040    0    0     0   268 35781 17092 67 14 19  0  0 2026-10-01 10:15:43
 1  0      0 1763116  83836 812884    0    0     0   108 35303 16397 63 12 24  0  0 2026-10-01 10:15:44
 6  0      0 1758648  83836 821124    0    0     0   256 37375 15039 69 12 17  1  0 2026-10-01 10:15:45
 0  0      0 1754684  83836 828232    0    0     0  3364 37734 18526 63 15 22  0  0 2026-10-01 10:15:46
 4  0      0 1674676  83836 836192    0    0     0     0 37947 13090 69 18 13  0  0 2026-10-01 10:15:47
 3  0      0 1634944  83840 842540    0    0     0   340 33825 9640 74 15 10  1  0 2026-10-01 10:15:48
 8  0      0 1627212  83840 849120    0    0     0     0 40948 19170 59 17 24  0  0 2026-10-01 10:15:49
 3  0      0 1617048  83840 854676    0    0     0     0 44057 26277 51 20 29  0  0 2026-10-01 10:15:50
 2  0      0 1608772  83840 860560    0    0     0 59552 40275 19558 59 15 26  1  0 2026-10-01 10:15:51
 3  0      0 1600972  83840 867884    0    0     0   272 39294 14419 70 14 15  1  0 2026-10-01 10:15:52
 2  0      0 1595288  83840 872620    0    0     0     0 42356 22820 50 15 35  0  0 2026-10-01 10:15:53
 3  0      0 1586216  83840 877660    0    0     0    16 37652 19052 53 14 33  0  0 2026-10-01 10:15:54
procs -----------memory---------- ---swap-- -----io---- -system-- ------cpu----- -----timestamp-----
 r  b   swpd   free   buff  cache   si   so    bi    bo   in   cs us sy id wa st                 UTC
 3  0      0 1547912  83840 880652    0    0     0   140 43692 31573 32 16 52  0  0 2026-10-01 10:15:55
 3  1      0 1452848  83840 889136    0    0     0 67192 40048 9192 75 21  3  1  0 2026-10-01 10:15:56
 1  0      0 1393108  83840 892412    0    0     0 36216 37432 15674 64 16 19  1  0 2026-10-01 10:15:57
 5  0      0 1388208  83840 896084    0    0     0     0 49109 35178 40 15 44  0  0 2026-10-01 10:15:58
 0  0      0 1378628  83840 903288    0    0     0     0 41436 11667 71 18 12  0  0 2026-10-01 10:15:59
 0  0      0 1373280  83844 906872    0    0     0   272 44921 32145 46 16 38  0  0 2026-10-01 10:16:00
 1  0      0 1369836  83844 909696    0    0     0     0 42243 26894 36 16 47  0  0 2026-10-01 10:16:01
10  0      0 1364120  83844 914492    0    0     0 46132 43228 29847 48 17 34  2  0 2026-10-01 10:16:02
 6  0      0 1357204  83844 920216    0    0     0     0 45309 19975 64 17 20  0  0 2026-10-01 10:16:03
11  0      0 1354040  83844 922652    0    0     0     0 42055 31341 32 15 53  0  0 2026-10-01 10:16:04
11  0      0 1349812  83844 925884    0    0     0   140 47513 34114 46 14 40  0  0 2026-10-01 10:16:05
 3  0      0 1342936  83844 930908    0    0     0     8 42832 22598 59 15 27  0  0 2026-10-01 10:16:06
 2  0      0 1310076  83844 934484    0    0     0 12600 39754 21213 50 15 34  1  0 2026-10-01 10:16:07
10  0      0 1268496  83844 937444    0    0     0     0 46815 38054 31 18 50  0  0 2026-10-01 10:16:08
 0  0      0 1206924  83844 941352    0    0     0     0 43557 24954 47 21 32  0  0 2026-10-01 10:16:09
 0  0      0 1159392  83848 944824    0    0     0   112 30392 6654 73 12 16  0  0 2026-10-01 10:16:10
 3  0      0 1155864  83848 948196    0    0     0     0 46219 27814 32 21 48  0  0 2026-10-01 10:16:11
 2  0      0 1152140  83848 951848    0    0     0 14688 43930 26145 44 15 42  0  0 2026-10-01 10:16:12
 3  0      0 1148864  83848 954764    0    0     0     0 42261 25110 47 14 39  0  0 2026-10-01 10:16:13
 0  0      0 1145432  83848 957296    0    0     0     0 39144 26034 37 13 49  0  0 2026-10-01 10:16:14
 3  0      0 1142156  83848 960260    0    0     0   108 42117 27647 41 15 43  1  0 2026-10-01 10:16:15
procs -----------memory---------- ---swap-- -----io---- -system-- ------cpu----- -----timestamp-----
 r  b   swpd   free   buff  cache   si   so    bi    bo   in   cs us sy id wa st                 UTC
 0  0      0 1138628  83848 963932    0    0     0     0 41958 27725 38 16 47  0  0 2026-10-01 10:16:16
 3  0      0 1134748  83848 966340    0    0     0  3352 41043 23230 45 14 40  0  1 2026-10-01 10:16:17
 0  0      0 1131556  83848 968904    0    0     0     8 40965 30689 29 16 55  0  0 2026-10-01 10:16:18
 9  0      0 1128840  83848 971232    0    0    24     0 45275 28640 38 16 45  0  0 2026-10-01 10:16:19
 0  0      0 1128840  83848 971372    0    0     0   124 20429 14897  6  6 88  0  0 2026-10-01 10:16:20
 0  0      0 1179040  83848 959836    0    0     0     0 53419 40114  8 21 71  0  0 2026-10-01 10:16:21
 0  1      0 1179040  83848 959836    0    0     0 19388  216  318  0  0 98  2  0 2026-10-01 10:16:22
 1  0      0 1146820  83848 959844    0    0     0   544  730 1100 13  4 83  0  0 2026-10-01 10:16:23
