procs -----------memory---------- ---swap-- -----io---- -system-- ------cpu----- -----timestamp-----
 r  b   swpd   free   buff  cache   si   so    bi    bo   in   cs us sy id wa st                 UTC
 1  0      0 1190360  79384 917864    0    0   242  2908 11420 3071 40 10 48  2  0 2026-10-01 10:15:13
 1  0      0 1270136  79420 784980    0    0     0 35160 2359 5571  1  3 77 19  0 2026-10-01 10:15:14
 2  0      0 1506276  79556 583560    0    0     0 61360 5555 12103 27  8 32 32  0 2026-10-01 10:15:15
 0  0      0 1505004  79640 585632    0    0     0 14312 3572 7126 18  1 63 18  0 2026-10-01 10:15:16
 0  0      0 1505004  79640 585632    0    0     0  1272  167  240  0  0 99  1  0 2026-10-01 10:15:17
 0  0      0 1505004  79640 585632    0    0     0   288   38   42  0  0 100  0  0 2026-10-01 10:15:18
 0  0      0 1503068  79664 587408    0    0     0   944 3694 3780 10  2 85  3  0 2026-10-01 10:15:19
 0  0      0 1501512  79696 591324    0    0     0  1916 6611 6796 19  3 71  8  0 2026-10-01 10:15:20
 0  0      0 1496640  79728 596104    0    0     0  1712 9207 8128 26  3 64  7  0 2026-10-01 10:15:21
 0  0      0 1493740  79732 600152    0    0     0   896 10403 10372 25  3 70  3  0 2026-10-01 10:15:22
 0  0      0 1489648  79744 604980    0    0     0   744 13506 13299 31  6 61  2  0 2026-10-01 10:15:23
 8  0      0 1487408  79764 609392    0    0     0   600 13247 13073 30  5 63  2  0 2026-10-01 10:15:24
 8  0      0 1479312  79768 615512    0    0     0   956 17080 16204 41  7 49  3  0 2026-10-01 10:15:25
 3  1      0 1466544  79772 620832    0    0     0   504 16204 13237 46  6 46  1  0 2026-10-01 10:15:26
 3  0      0 1461644  79776 626368    0    0     0   376 19112 17156 41  7 51  1  1 2026-10-01 10:15:27
 1  0      0 1457948  79780 632608    0    0     0   620 20837 17942 45  9 46  1  0 2026-10-01 10:15:28
 7  0      0 1449516  79788 639160    0    0     0   992 21775 18223 47 10 40  2  0 2026-10-01 10:15:29
 6  0      0 1440568  79804 646372    0    0     0  1132 23142 18368 53  7 37  2  0 2026-10-01 10:15:30
 6  0      0 1433332  79808 652700    0    0     0   416 24523 19403 50  8 42  1  0 2026-10-01 10:15:31
 1  0      0 1423948  79812 660352    0    0     0   572 25773 18722 59 10 30  2  0 2026-10-01 10:15:32
 5  0      0 1414972  79820 667888    0    0     0   844 27967 20857 57 12 31  1  0 2026-10-01 10:15:33
procs -----------memory---------- ---swap-- -----io---- -system-- ------cpu----- -----timestamp-----
 r  b   swpd   free   buff  cache   si   so    bi    bo   in   cs us sy id wa st                 UTC
 3  0      0 1411232  79828 675108    0    0     0   728 25581 15949 67 10 23  2  0 2026-10-01 10:15:34
 1  0      0 1404640  79828 683848    0    0     0   620 28856 17155 66 11 22  1  0 2026-10-01 10:15:35
 4  0      0 1486524  79840 692416    0    0     0   848 34347 19251 65 15 18  2  0 2026-10-01 10:15:36
 4  0      0 1520524  79840 700644    0    0     0   276 31960 19593 67 12 21  0  0 2026-10-01 10:15:37
 3  0      0 1606464  79840 709636    0    0     0   264 34084 15582 72 13 15  1  0 2026-10-01 10:15:38
 3  0      0 1718388  79840 716648    0    0     0     0 32913 17355 63 12 25  0  0 2026-10-01 10:15:39
 4  0      0 1714944  79840 726236    0    0     0     8 29434 4716 84 13  3  0  0 2026-10-01 10:15:40
10  0      0 1713472  79840 731988    0    0     0     0 32553 19083 55 11 34  0  0 2026-10-01 10:15:41
13  0      0 1706652  79840 740724    0    0     0     0 34515 15028 69 14 17  0  0 2026-10-01 10:15:42
 8  0      0 1698164  79840 748320    0    0     0   104 34451 14696 70 12 17  0  0 2026-10-01 10:15:43
 4  0      0 1690912  79840 755100    0    0     0   308 35923 20544 58 16 27  0  0 2026-10-01 10:15:44
 3  0      0 1678364  79840 763648    0    0     0     0 37125 12561 71 14 15  0  0 2026-10-01 10:15:45
 2  0      0 1669684  79840 770768    0    0     0   272 35735 16647 65 15 20  0  0 2026-10-01 10:15:46
 2  0      0 1662052  79840 777772    0    0     0  3348 32566 3617 80 13  6  0  0 2026-10-01 10:15:47
 3  0      0 1655260  79840 784036    0    0     0     0 37782 16569 58 17 26  0  0 2026-10-01 10:15:48
 6  0      0 1649212  79840 790480    0    0     0     0 41092 22072 57 14 29  0  0 2026-10-01 10:15:49
 2  0      0 1638428  79840 797888    0    0     0  5924 42353 21723 61 18 21  1  0 2026-10-01 10:15:50
 2  0      0 1632464  79840 803436    0    0     0     0 39445 18410 59 16 25  0  0 2026-10-01 10:15:51
 2  0      0 1626164  79840 809908    0    0     0 100448 40537 19338 60 18 20  1  1 2026-10-01 10:15:52
 8  0      0 1618628  79840 815448    0    0     0     0 40895 20230 55 16 28  0  0 2026-10-01 10:15:53
 1  0      0 1592168  79840 820316    0    0     0     0 36269 17976 56 11 34  0  0 2026-10-01 10:15:54
procs -----------memory---------- ---swap-- -----io---- -system-- ------cpu----- -----timestamp-----
 r  b   swpd   free   buff  cache   si   so    bi    bo   in   cs us sy id wa st                 UTC
 3  0      0 1550588  79840 823044    0    0     0   132 43359 31489 33 17 50  0  0 2026-10-01 10:15:55
 2  0      0 1469288  79840 828956    0    0     0     0 30555 7129 83 14  4  0  0 2026-10-01 10:15:56
 8  0      0 1461740  79844 834192    0    0     0 50344 44262 23344 54 19 27  0  0 2026-10-01 10:15:57
 2  0      0 1455804  79844 839364    0    0     0   140 46693 30864 44 18 38  0  0 2026-10-01 10:15:58
 5  0      0 1449196  79844 844628    0    0     0     0 42025 21290 63 17 21  0  0 2026-10-01 10:15:59
 3  0      0 1443848  79844 848396    0    0     0     0 45533 31972 39 19 42  0  0 2026-10-01 10:16:00
 2  0      0 1440376  79844 851268    0    0     0     0 37517 23598 40 13 47  0  0 2026-10-01 10:16:01
 6  1      0 1432812  79844 856636    0    0     0 29576 40116 20666 56 16 28  0  0 2026-10-01 10:16:02
 4  0      0 1428080  79844 861012    0    0     0 18836 45348 28527 46 20 34  1  0 2026-10-01 10:16:03
 0  0      0 1424664  79844 863464    0    0     0     8 42484 29668 38 14 48  0  0 2026-10-01 10:16:04
 3  0      0 1419188  79844 866616    0    0     0     0 44303 32127 51 12 37  0  0 2026-10-01 10:16:05
 0  0      0 1371936  79844 872188    0    0     0     0 43430 20180 60 19 22  0  0 2026-10-01 10:16:06
 3  0      0 1325344  79844 875184    0    0     0   208 38881 24484 41 18 42  0  0 2026-10-01 10:16:07
 6  0      0 1283540  79844 877500    0    0     0 35944 47870 37480 34 18 47  1  0 2026-10-01 10:16:08
 2  0      0 1228744  79844 880728    0    0     0     0 36979 16321 63 16 21  0  0 2026-10-01 10:16:09
 0  0      0 1223968  79844 885364    0    0     0    12 35585 12735 55 17 29  0  0 2026-10-01 10:16:10
 4  0      0 1220256  79844 888256    0    0     0     0 45596 28336 36 17 47  0  0 2026-10-01 10:16:11
 0  0      0 1216028  79844 891928    0    0     0     0 43441 26345 47 16 37  0  0 2026-10-01 10:16:12
 4  0      0 1213508  79844 894256    0    0     0   124 41052 26898 38 16 46  0  0 2026-10-01 10:16:13
 0  0      0 1210568  79844 896784    0    0     0     0 38037 22591 42 13 45  0  0 2026-10-01 10:16:14
 2  0      0 1207124  79844 899760    0    0     0   216 41076 29644 37 13 49  1  1 2026-10-01 10:16:15
procs -----------memory---------- ---swap-- -----io---- -system-- ------cpu----- -----timestamp-----
 r  b   swpd   free   buff  cache   si   so    bi    bo   in   cs us sy id wa st                 UTC
 2  0      0 1202964  79844 902992    0    0     0     8 40669 25845 38 15 47  0  0 2026-10-01 10:16:16
 1  0      0 1198328  79844 906180    0    0     0     0 39999 22606 47 16 36  0  0 2026-10-01 10:16:17
 1  0      0 1194660  79844 908744    0    0     0  3116 40804 28815 34 13 53  0  0 2026-10-01 10:16:18
 0  0      0 1192476  79844 910488    0    0     0     0 45273 32062 35 15 50  0  0 2026-10-01 10:16:19
 0  0      0 1192224  79844 910776    0    0     0   136 18894 13749  4  6 91  0  0 2026-10-01 10:16:20
 0  0      0 1241772  79844 899756    0    0     0   220 52124 38654  9 15 76  0  0 2026-10-01 10:16:21
 0  0      0 1241772  79844 899760    0    0     0    12   42   43  0  0 100  0  0 2026-10-01 10:16:22
 0  0      0 1241772  79844 899760    0    0     0 28820  247  353  0  1 98  2  0 2026-10-01 10:16:23
 0  0      0 1209800  79844 899760    0    0     0  1208  860 1199 13  4 83  1  0 2026-10-01 10:16:24
