procs -----------memory---------- ---swap-- -----io---- -system-- ------cpu----- -----timestamp-----
 r  b   swpd   free   buff  cache   si   so    bi    bo   in   cs us sy id wa st                 UTC
 0  0      0 31168664  25692 476616    0    0     4     2  104   82 17  4 79  0  0 2026-10-01 10:15:13
 0  0      0 31156480  25692 476596    0    0     0     0 1704 1734  1  0 99  0  0 2026-10-01 10:15:14
 0  0      0 31155724  25692 476600    0    0     0     0   72  124  0  0 100  0  0 2026-10-01 10:15:15
 0  0      0 31151244  25692 476600    0    0     0     0 2637 2318  3  0 97  0  0 2026-10-01 10:15:16
 0  0      0 31150012  25692 476600    0    0     0     0  227  414  0  0 100  0  0 2026-10-01 10:15:17
 0  0      0 31150012  25700 476600    0    0     0    52  189  337  0  0 100  0  0 2026-10-01 10:15:18
 2  0      0 31126352  25700 476600    0    0     0     0 18974 19633  6  1 93  0  0 2026-10-01 10:15:19
 1  0      0 31074776  25700 476600    0    0     0     0 38362 45968 15  1 84  0  0 2026-10-01 10:15:20
 2  0      0 31003628  25700 476568    0    0     0     0 44240 47749 17  2 81  0  0 2026-10-01 10:15:21
 3  0      0 30904144  25700 476920    0    0     0     0 51283 52687 22  2 76  0  0 2026-10-01 10:15:22
 3  0      0 30795228  25700 477688    0    0     0     0 56339 52879 25  3 73  0  0 2026-10-01 10:15:23
 1  0      0 30712868  25708 478400    0    0     0    24 58485 53303 25  2 73  0  0 2026-10-01 10:15:24
 1  0      0 30570696  25708 479296    0    0     0     0 65696 58769 30  3 67  0  0 2026-10-01 10:15:25
14  0      0 30495308  25708 480352    0    0     0     0 69181 61086 33  3 65  0  0 2026-10-01 10:15:26
14  0      0 30374380  25708 481208    0    0     0     0 72189 59406 36  4 61  0  0 2026-10-01 10:15:27
16  0      0 30204356  25708 482144    0    0     0     0 76818 59111 35  4 61  0  0 2026-10-01 10:15:28
 0  0      0 30060160  25708 482936    0    0     0     0 77365 57507 37  4 60  0  0 2026-10-01 10:15:29
 1  0      0 29987080  25716 483880    0    0     0    16 85145 64772 39  3 58  0  0 2026-10-01 10:15:30
 3  0      0 29893088  25716 484672    0    0     0     0 86982 66103 39  4 56  0  0 2026-10-01 10:15:31
 2  0      0 29770784  25716 485392    0    0     0     0 87427 59888 43  5 52  0  0 2026-10-01 10:15:32
14  0      0 29560232  25716 486248    0    0     0    12 95094 63680 42  4 54  0  0 2026-10-01 10:15:33
procs -----------memory---------- ---swap-- -----io---- -system-- ------cpu----- -----timestamp-----
 r  b   swpd   free   buff  cache   si   so    bi    bo   in   cs us sy id wa st                 UTC
 1  0      0 29534388  25716 487256    0    0     0     0 89826 64607 45  4 51  0  0 2026-10-01 10:15:34
11  0      0 29350820  25716 487856    0    0     0     0 96647 62713 43  5 52  0  0 2026-10-01 10:15:35
 2  0      0 29344856  25724 488616    0    0     0    32 89836 63573 47  4 50  0  0 2026-10-01 10:15:36
16  0      0 29096920  25724 489600    0    0     0     0 105043 62292 49  5 46  0  0 2026-10-01 10:15:37
16  0      0 29089888  25724 490216    0    0     0     0 90837 60444 46  5 50  0  0 2026-10-01 10:15:38
 0  0      0 28865680  25724 490904    0    0     0     0 105037 61484 49  6 46  0  0 2026-10-01 10:15:39
16  0      0 28857788  25724 491768    0    0     0     0 95091 59915 50  4 45  0  0 2026-10-01 10:15:40
 3  0      0 28650864  25724 492576    0    0     0     0 100658 69244 36  5 59  0  0 2026-10-01 10:15:41
 3  0      0 28499708  25732 493064    0    0     0    16 108441 56894 52  5 43  0  0 2026-10-01 10:15:42
 6  0      0 28500120  25732 494008    0    0     0   960 100369 56242 55  5 40  0  0 2026-10-01 10:15:43
 3  0      0 28264160  25732 494704    0    0     0     0 108422 51671 52  5 43  0  0 2026-10-01 10:15:44
14  0      0 28267828  25732 495408    0    0     0     0 103586 57752 53  5 42  0  0 2026-10-01 10:15:45
16  0      0 28098364  25732 495800    0    0     0     0 119859 66505 46  7 47  0  0 2026-10-01 10:15:46
 2  0      0 28004500  25732 496376    0    0     0     0 114480 59310 51  6 43  0  0 2026-10-01 10:15:47
14  0      0 27996456  25740 497520    0    0     0    32 108098 53663 51  6 43  0  0 2026-10-01 10:15:48
 4  0      0 27869944  25740 497948    0    0     0     0 123091 58143 52  6 42  0  0 2026-10-01 10:15:49
18  0      0 27859588  25740 498388    0    0     0     0 128350 76313 45  6 49  0  0 2026-10-01 10:15:50
 3  0      0 27868244  25740 498604    0    0     0     0 113440 62248 44  6 50  0  0 2026-10-01 10:15:51
 9  0      0 27637732  25740 499148    0    0     0     0 130722 52543 58  7 35  0  0 2026-10-01 10:15:52
16  0      0 27633576  25740 499756    0    0     0     0 123434 73897 35  5 60  0  0 2026-10-01 10:15:53
 0  0      0 27623204  25748 499892    0    0     0    20 110753 61914 43  6 51  0  0 2026-10-01 10:15:54
procs -----------memory---------- ---swap-- -----io---- -system-- ------cpu----- -----timestamp-----
 r  b   swpd   free   buff  cache   si   so    bi    bo   in   cs us sy id wa st                 UTC
11  0      0 27567892  25748 500220    0    0     0     0 122317 60775 52  7 41  0  0 2026-10-01 10:15:55
 6  0      0 27562464  25748 501036    0    0     0     0 117923 70729 39  5 56  0  0 2026-10-01 10:15:56
 0  0      0 27554820  25748 501300    0    0     0     0 115850 63903 47  6 47  0  0 2026-10-01 10:15:57
16  0      0 27549696  25748 501348    0    0     0     0 123977 73738 46  5 49  0  0 2026-10-01 10:15:58
 5  0      0 27548104  25756 501892    0    0     0    20 128982 72148 47  6 47  0  0 2026-10-01 10:15:59
 0  0      0 27482168  25756 502548    0    0     0     4 129092 67796 49  6 45  0  0 2026-10-01 10:16:00
16  0      0 27474752  25756 502596    0    0     0     0 116972 73990 30  6 64  0  0 2026-10-01 10:16:01
 2  0      0 27388256  25756 503020    0    0     0     0 129722 61391 56  7 38  0  0 2026-10-01 10:16:02
 1  0      0 27329952  25756 503748    0    0     0     0 128158 62125 53  6 40  0  0 2026-10-01 10:16:03
 2  0      0 27327744  25756 503860    0    0     0     0 121434 81440 28  5 67  0  0 2026-10-01 10:16:04
16  0      0 27201672  25764 504128    0    0     0    32 139084 61938 53  7 39  0  0 2026-10-01 10:16:05
16  0      0 27199216  25764 504624    0    0     0     4 128304 75580 43  5 51  0  0 2026-10-01 10:16:06
 6  0      0 27140580  25764 504904    0    0     0     0 117120 62452 42  6 52  0  0 2026-10-01 10:16:07
16  0      0 27118712  25764 505160    0    0     0     0 131268 82102 41  5 54  0  0 2026-10-01 10:16:08
 9  0      0 27054096  25764 505400    0    0     0     0 130845 66787 49  6 45  0  0 2026-10-01 10:16:09
 7  0      0 26978020  25764 505928    0    0     0     0 123330 60585 51  6 43  0  0 2026-10-01 10:16:10
 9  0      0 26975500  25772 506240    0    0     0    12 121157 77914 29  5 66  0  0 2026-10-01 10:16:11
16  0      0 26878032  25772 506416    0    0     0     4 122103 49149 53 14 33  0  0 2026-10-01 10:16:12
11  0      0 26875092  25772 506872    0    0     0     0 113014 48945 34 32 34  0  0 2026-10-01 10:16:13
 8  0      0 26816740  25772 507144    0    0     0     0 114346 56175 46 10 44  0  0 2026-10-01 10:16:14
16  0      0 26814492  25772 507184    0    0     0     0 125769 73160 33 15 52  0  0 2026-10-01 10:16:15
procs -----------memory---------- ---swap-- -----io---- -system-- ------cpu----- -----timestamp-----
 r  b   swpd   free   buff  cache   si   so    bi    bo   in   cs us sy id wa st                 UTC
24  1      0 26744720  25780 507736    0    0     0    12 108827 27423 57 30 12  0  0 2026-10-01 10:16:16
 5  0      0 26742704  25780 508320    0    0     0     0 112206 66397 24 17 59  0  0 2026-10-01 10:16:17
 5  0      0 26665396  25780 508344    0    0     0    40 124214 58461 51 10 39  0  0 2026-10-01 10:16:18
 0  0      0 26657168  25780 508440    0    0     0     0 127971 76132 30 11 59  0  0 2026-10-01 10:16:19
 1  0      0 31020176  25780 507296    0    0     0     0 27442 3448  0  2 98  0  0 2026-10-01 10:16:20
 0  0      0 31175984  25780 476712    0    0     0     0 55609  462  0  1 99  0  0 2026-10-01 10:16:21
 0  0      0 31175984  25788 476712    0    0     0    28   80  122  0  0 100  0  0 2026-10-01 10:16:22
 0  0      0 31175984  25788 476712    0    0     0     0   73  118  0  0 100  0  0 2026-10-01 10:16:23
 0  0      0 31175732  25788 476716    0    0     0     8  108  164  0  0 100  0  0 2026-10-01 10:16:24
