procs -----------memory---------- ---swap-- -----io---- -system-- ------cpu----- -----timestamp-----
 r  b   swpd   free   buff  cache   si   so    bi    bo   in   cs us sy id wa st                 UTC
 1  0      0 1406756  38748 744724    0    0   751   354 13160 4332  9 18 72  1  0 2026-10-01 10:00:25
 0  0      0 1441480  38748 744732    0    0     0     0  846 1423  3  3 95  0  0 2026-10-01 10:00:26
 6  0      0 1353784  40616 747612    0    0     0 27668 6219 11701 49  7 27 17  0 2026-10-01 10:00:27
 0  0      0 1349780  40944 748228    0    0     0  5048 2320 3272  5  0 90  5  0 2026-10-01 10:00:28
 0  0      0 1349780  40960 748228    0    0     0   160  276  468  0  0 100  1  0 2026-10-01 10:00:29
 0  0      0 1349780  40960 748228    0    0     0     0  245  409  0  0 100  0  0 2026-10-01 10:00:30
 1  0      0 1344004  41000 749356    0    0     0   308 31844 28950 17 17 65  1  0 2026-10-01 10:00:31
 0  0      0 1327040  41168 750864    0    0     0  2160 37230 36642 21 19 57  3  0 2026-10-01 10:00:32
 3  0      0 1307132  41208 753020    0    0     0   436 52355 40391 26 27 47  1  0 2026-10-01 10:00:33
 4  0      0 1286384  41272 755220    0    0     0   600 52875 40919 26 25 49  1  0 2026-10-01 10:00:34
 0  0      0 1264144  41336 758164    0    0     0   624 62199 40258 24 33 43  1  0 2026-10-01 10:00:35
 4  0      0 1245020  41448 760500    0    0     0  1308 63712 41180 24 35 39  1  0 2026-10-01 10:00:36
 5  0      0 1222360  41552 763636    0    0     0  1328 72713 39477 24 39 36  1  0 2026-10-01 10:00:37
 6  0      0 1210372  41672 766212    0    0     0  1328 73022 37997 23 42 34  1  0 2026-10-01 10:00:38
 6  0      0 1198132  41776 768884    0    0     0  1296 79093 39325 28 39 32  1  0 2026-10-01 10:00:39
 4  0      0 1188472  41872 771056    0    0     0  1248 79317 37141 29 41 29  1  0 2026-10-01 10:00:40
 1  0      0 1176528  41968 773532    0    0     0  3260 81883 34322 25 47 27  1  0 2026-10-01 10:00:41
 8  0      0 1169264  42064 775372    0    0     0  1232 84724 34365 25 50 25  1  1 2026-10-01 10:00:42
 4  0      0 1160920  42160 777384    0    0     0  1192 88069 33753 25 50 24  1  0 2026-10-01 10:00:43
 3  0      0 1150828  42240 779276    0    0     0  1092 88935 31399 24 56 20  1  0 2026-10-01 10:00:44
 3  0      0 1145052  42336 780668    0    0     0  1048 88033 34818 24 49 26  1  0 2026-10-01 10:00:45
procs -----------memory---------- ---swap-- -----io---- -system-- ------cpu----- -----timestamp-----
 r  b   swpd   free   buff  cache   si   so    bi    bo   in   cs us sy id wa st                 UTC
 3  0      0 1137368  42424 782376    0    0     0  2076 92545 33494 21 58 20  1  0 2026-10-01 10:00:46
 3  0      0 1131828  42520 784032    0    0     0  1080 92956 29284 24 57 19  0  0 2026-10-01 10:00:47
 7  0      0 1124016  42584 785956    0    0     0   992 94119 31309 25 56 19  1  0 2026-10-01 10:00:48
10  0      0 1110820  42656 787300    0    0     0   936 93578 30470 26 56 19  1  0 2026-10-01 10:00:49
 9  0      0 1093700  42728 789124    0    0     0   940 91955 28946 28 55 18  0  0 2026-10-01 10:00:50
 6  0      0 1085628  42800 790408    0    0     0   940 90461 31968 28 51 21  0  0 2026-10-01 10:00:51
 6  0      0 1077984  42864 792288    0    0     0  4352 96631 28464 24 58 18  0  0 2026-10-01 10:00:52
 5  0      0 1057972  42952 793692    0    0     0   996 95677 26452 27 57 15  1  0 2026-10-01 10:00:53
 6  0      0 1055148  43016 795052    0    0     0   832 95180 27252 26 60 13  1  0 2026-10-01 10:00:54
 4  0      0 1050008  43088 797416    0    0     0   828 95615 28459 23 58 19  1  0 2026-10-01 10:00:55
10  0      0 1042756  43152 799424    0    0     0   744 93336 21577 26 64 10  0  0 2026-10-01 10:00:56
10  0      0 1039828  43224 800160    0    0     0   780 92285 29556 22 59 20  0  0 2026-10-01 10:00:57
 7  0      0 1034760  43288 802096    0    0     0   668 90598 24171 24 60 15  0  0 2026-10-01 10:00:58
 5  0      0 1031296  43376 802972    0    0     0  1016 90220 29745 27 54 18  1  0 2026-10-01 10:00:59
 3  0      0 1015556  43440 803588    0    0     0   920 95721 20629 24 65 11  0  0 2026-10-01 10:01:00
 2  0      0 1012400  43512 806528    0    0     0   876 93260 28998 26 55 19  0  0 2026-10-01 10:01:01
 6  0      0 1010608  43568 806760    0    0     0   800 96759 22474 24 67 10  0  0 2026-10-01 10:01:02
 2  0      0 997748  43640 809772    0    0     0   856 94851 20557 24 66 11  0  0 2026-10-01 10:01:03
 5  0      0 996568  43704 810568    0    0     0   772 99347 30596 26 56 19  0  0 2026-10-01 10:01:04
 2  0      0 988212  43776 811992    0    0     0   744 92104 16886 23 71  6  0  0 2026-10-01 10:01:05
 4  0      0 974476  43832 814336    0    0     0   688 92689 20084 26 59 14  0  0 2026-10-01 10:01:06
procs -----------memory---------- ---swap-- -----io---- -system-- ------cpu----- -----timestamp-----
 r  b   swpd   free   buff  cache   si   so    bi    bo   in   cs us sy id wa st                 UTC
 2  0      0 973804  43880 814580    0    0     0   612 96837 26466 23 64 14  0  0 2026-10-01 10:01:07
 4  0      0 970996  43928 815904    0    0     0   608 89961 22110 22 60 18  0  0 2026-10-01 10:01:08
 3  0      0 950920  43984 817684    0    0     0   564 91798 21296 19 56 25  0  0 2026-10-01 10:01:09
 3  0      0 947740  44032 818036    0    0     0   520 91930 23488 27 61 12  0  0 2026-10-01 10:01:10
 3  0      0 944112  44072 818416    0    0     0   504 89866 18121 17 70 12  0  0 2026-10-01 10:01:11
 5  1      0 942672  44132 820132    0    0     0   612 96192 29768 17 55 28  0  0 2026-10-01 10:01:12
 3  0      0 937212  44176 822104    0    0     0   540 91859 12715 21 69  9  0  0 2026-10-01 10:01:13
 3  1      0 930892  44228 822860    0    0     0   516 95652 25733 20 66 15  0  0 2026-10-01 10:01:14
 3  1      0 923056  44284 824344    0    0     0   504 90908 20012 14 71 15  0  0 2026-10-01 10:01:15
 2  1      0 896660  44336 825652    0    0     0   456 92494 18644 24 65 11  0  0 2026-10-01 10:01:16
 3  0      0 894716  44384 827416    0    0     0   432 92338 21552 12 70 18  0  0 2026-10-01 10:01:17
 3  0      0 893280  44432 828324    0    0     0   456 95823 24109 17 65 18  0  0 2026-10-01 10:01:18
 3  0      0 880336  44484 829600    0    0     0   596 96314 16678 26 66  8  0  0 2026-10-01 10:01:19
 2  2      0 878472  44540 830200    0    0     0   692 91055 17785 17 68 15  0  0 2026-10-01 10:01:20
 3  2      0 867328  44604 832204    0    0     0   552 92356 28628 13 59 29  1  0 2026-10-01 10:01:21
 3  1      0 854636  44648 833172    0    0     0   420 91808 19530 18 68 14  1  0 2026-10-01 10:01:22
 2  1      0 849344  44720 833320    0    0     0   756 92367 17763 28 65  7  0  0 2026-10-01 10:01:23
 4  0      0 846596  44776 833880    0    0     0   472 87067 13847 18 73 10  0  0 2026-10-01 10:01:24
 3  2      0 838556  44832 834728    0    0     0   556 90603 21401 14 71 15  0  0 2026-10-01 10:01:25
 2  1      0 817264  44880 836288    0    0     0   480 89543 10750 22 73  6  0  0 2026-10-01 10:01:26
 5  0      0 803928  44928 837224    0    0     0   444 93821 28733 16 59 26  0  0 2026-10-01 10:01:27
procs -----------memory---------- ---swap-- -----io---- -system-- ------cpu----- -----timestamp-----
 r  b   swpd   free   buff  cache   si   so    bi    bo   in   cs us sy id wa st                 UTC
 2  1      0 788588  44980 838792    0    0     0   428 85064 9186 17 78  5  0  1 2026-10-01 10:01:28
 3  1      0 773732  45036 839164    0    0     0   540 93485 23421 17 62 21  0  0 2026-10-01 10:01:29
 3  1      0 771708  45072 840656    0    0     0   276 89251 9402 20 75  5  0  0 2026-10-01 10:01:30
 0  2      0 808488  45112 839520    0    0     0   404 68841 2455 16 75  8  1  0 2026-10-01 10:01:31
 2  1      0 864032  45160 820964    0    0     0   468 32489 1389  8 35 58  0  0 2026-10-01 10:01:32
