procs -----------memory---------- ---swap-- -----io---- -system-- ------cpu----- -----timestamp-----
 r  b   swpd   free   buff  cache   si   so    bi    bo   in   cs us sy id wa st                 UTC
 1  0      0 2869496  48512 701980    0    0   635  1831 6452 1063 24  7 67  2  0 2026-10-01 10:00:25
 0  0      0 2869248  48512 701980    0    0     0     0  120  166  0  0 100  0  1 2026-10-01 10:00:26
 1  1      0 2863712  49564 636972    0    0     0 26748 4993 9103 42  8 33 18  0 2026-10-01 10:00:27
 0  0      0 2853944  49888 637980    0    0     0  4928 1837 3377  7  1 86  7  0 2026-10-01 10:00:28
 0  0      0 2853944  49888 637980    0    0     0     0   33   36  1  0 100  0  0 2026-10-01 10:00:29
 0  0      0 2853944  49888 637980    0    0     0     0   25   32  0  0 100  0  0 2026-10-01 10:00:30
 6  0      0 2802980  50436 642984    0    0     0  3056 9484 9851 26  5 55 15  0 2026-10-01 10:00:31
 0  0      0 2769180  51076 650660    0    0     0  3800 14319 15417 40  7 47  6  0 2026-10-01 10:00:32
 7  0      0 2697344  51636 659880    0    0     0  2924 18894 16171 54 10 29  7  0 2026-10-01 10:00:33
 6  0      0 2646884  52104 668912    0    0     0  2436 20249 18413 59 11 25  6  0 2026-10-01 10:00:34
 5  0      0 2603316  52688 679848    0    0     0  3100 23574 18443 71 10 14  4  0 2026-10-01 10:00:35
 3  0      0 2489952  53100 690224    0    0     0  2188 24038 15648 73 13 10  5  0 2026-10-01 10:00:36
 3  0      0 2465228  53464 702900    0    0     0  2032 23148 6223 84 11  1  5  0 2026-10-01 10:00:37
 3  0      0 2429720  53708 714856    0    0     0  1884 22850 5354 78 10  7  6  0 2026-10-01 10:00:38
 3  0      0 2310252  53884 727276    0    0     0  1256 26265 4329 84 12  2  3  0 2026-10-01 10:00:39
 3  0      0 2234396  54124 737964    0    0     0  2028 26299 4319 80 15  0  5  0 2026-10-01 10:00:40
 8  0      0 2215492  54368 750344    0    0     0  2276 33096 12584 82 13  0  4  0 2026-10-01 10:00:41
 3  0      0 2198536  54412 761816    0    0     0   944 31001 2905 86 11  0  3  0 2026-10-01 10:00:42
 3  0      0 2115260  54496 773608    0    0     0  1192 32962 3440 80 17  0  3  0 2026-10-01 10:00:43
 3  0      0 2000896  54588 784428    0    0     0  1104 33544 2831 80 17  1  2  0 2026-10-01 10:00:44
 3  0      0 1941772  54712 794840    0    0     0  1028 32739 2473 84 14  0  3  0 2026-10-01 10:00:45
procs -----------memory---------- ---swap-- -----io---- -system-- ------cpu----- -----timestamp-----
 r  b   swpd   free   buff  cache   si   so    bi    bo   in   cs us sy id wa st                 UTC
 3  0      0 1926928  54852 806420    0    0     0  1732 35689 4392 80 17  0  4  0 2026-10-01 10:00:46
 3  0      0 1907788  54904 818220    0    0     0   780 37340 3117 82 16  0  2  0 2026-10-01 10:00:47
 3  0      0 1891980  55072 829640    0    0     0  1588 38380 4869 83 15  0  2  0 2026-10-01 10:00:48
 3  0      0 1821220  55156 840508    0    0     0   916 39254 2452 82 16  1  2  0 2026-10-01 10:00:49
 3  0      0 1712928  55252 850632    0    0     0  1224 36899 3771 80 18  0  3  0 2026-10-01 10:00:50
 3  0      0 1626264  55396 858608    0    0     0  2924 35760 2229 77 18  0  4  0 2026-10-01 10:00:51
 3  0      0 1607220  55556 870556    0    0     0 43968 42748 2708 74 21  0  4  0 2026-10-01 10:00:52
 3  0      0 1593120  55600 880628    0    0     0  1312 37299  876 83 16  0  1  0 2026-10-01 10:00:53
 3  0      0 1579536  55620 891356    0    0     0   524 40315  748 83 16  0  0  0 2026-10-01 10:00:54
 3  0      0 1561976  55644 901924    0    0     0   524 43400  723 83 17  0  1  0 2026-10-01 10:00:55
 4  0      0 1543888  55724 913372    0    0     0  1276 44309 1075 82 17  0  2  0 2026-10-01 10:00:56
 3  0      0 1441612  55736 922528    0    0     0 46552 38004 1034 80 20  1  1  0 2026-10-01 10:00:57
 3  0      0 1322876  55812 933676    0    0     0  1104 47521  855 75 25  0  1  0 2026-10-01 10:00:58
 3  0      0 1250200  55812 940468    0    0     0     0 37040 1137 87 13  0  0  0 2026-10-01 10:00:59
 5  2      0 1234588  55876 949980    0    0     0 186088 50759 3793 70 28  0  3  0 2026-10-01 10:01:00
 3  0      0 1222296  55892 959868    0    0     0  4472 40738  837 85 14  0  1  0 2026-10-01 10:01:01
 3  0      0 1203228  55956 968752    0    0     0   860 46147  763 81 19  1  1  0 2026-10-01 10:01:02
 3  0      0 1186636  55992 980804    0    0     0   892 46774  738 81 18  0  1  0 2026-10-01 10:01:03
 3  0      0 1175980  55992 987024    0    0     0     4 40610  641 86 14  0  0  0 2026-10-01 10:01:04
 3  0      0 1157860  56076 999996    0    0     0  1736 52197 1033 75 23  0  1  0 2026-10-01 10:01:05
 3  0      0 1094392  56104 1008088    0    0     0   396 46430 4010 81 18  0  0  0 2026-10-01 10:01:06
procs -----------memory---------- ---swap-- -----io---- -system-- ------cpu----- -----timestamp-----
 r  b   swpd   free   buff  cache   si   so    bi    bo   in   cs us sy id wa st                 UTC
 3  0      0 980096  56120 1016788    0    0     0   296 47518  705 82 18  0  1  0 2026-10-01 10:01:07
 3  0      0 874520  56192 1028132    0    0     0  1180 51833  923 76 23  0  1  0 2026-10-01 10:01:08
 3  0      0 803404  56196 1033640    0    0     0   280 40562 1052 86 13  1  0  0 2026-10-01 10:01:09
 3  0      0 787792  56196 1039648    0    0     0     0 43713  639 83 17  0  0  1 2026-10-01 10:01:10
 3  0      0 772644  56296 1051604    0    0     0  1268 57465 1000 74 25  0  2  0 2026-10-01 10:01:11
 3  0      0 760672  56296 1060592    0    0     0   200 44658  685 80 21  0  0  0 2026-10-01 10:01:12
 3  0      0 772244  56296 1067080    0    0     0     8 52927  715 78 21  0  0  0 2026-10-01 10:01:13
 3  0      0 750780  56340 1077732    0    0     0   584 51484  958 76 23  0  1  0 2026-10-01 10:01:14
 3  0      0 739072  56340 1085152    0    0     0     0 54563 7086 74 20  6  0  0 2026-10-01 10:01:15
 3  0      0 727240  56340 1092584    0    0     0     0 41266  618 84 16  1  0  0 2026-10-01 10:01:16
 3  1      0 714904  56360 1101300    0    0     0  9212 52704  866 74 26  0  1  0 2026-10-01 10:01:17
 3  1      0 640312  56360 1111204    0    0     0 18620 60169 1001 73 27  0  0  0 2026-10-01 10:01:18
 4  0      0 542812  56360 1118364    0    0     0  7740 43971  709 81 20  0  0  0 2026-10-01 10:01:19
 3  0      0 441508  56360 1126064    0    0     0 15648 59454 1009 72 28  0  0  0 2026-10-01 10:01:20
 3  0      0 380284  56392 1132252    0    0     0 19528 39094 1015 80 20  0  1  0 2026-10-01 10:01:21
 3  0      0 367964  56392 1138964    0    0     0     0 59237  712 77 23  0  0  0 2026-10-01 10:01:22
 4  1      0 348128  56404 1146872    0    0     0 115080 52552 2570 77 20  0  3  0 2026-10-01 10:01:23
 3  0      0 359308  56464 1153832    0    0     0 16160 57785 2586 75 24  0  1  0 2026-10-01 10:01:24
 4  0      0 342788  56496 1164244    0    0     0  2248 56810  878 76 24  0  1  0 2026-10-01 10:01:25
 3  0      0 337748  56508 1168636    0    0     0   336 59724 20351 56 24 20  0  0 2026-10-01 10:01:26
 4  0      0 327692  56508 1177452    0    0     0     0 46661  646 81 19  0  0  0 2026-10-01 10:01:27
procs -----------memory---------- ---swap-- -----io---- -system-- ------cpu----- -----timestamp-----
 r  b   swpd   free   buff  cache   si   so    bi    bo   in   cs us sy id wa st                 UTC
 3  0      0 320900  56508 1183520    0    0     0     0 62090  926 74 26  0  0  0 2026-10-01 10:01:28
 4  0      0 310832  56508 1192620    0    0     0     0 49870 4133 75 20  6  0  1 2026-10-01 10:01:29
 3  0      0 304800  56508 1197508    0    0     0     0 60886 8697 73 21  6  0  0 2026-10-01 10:01:30
 0  0      0 296628  56516 1201468    0    0   380   276 77320 26776 48 36 17  0  0 2026-10-01 10:01:31
 4  0      0 332188  56516 1198420    0    0     0     0 32321 20406  6 13 81  0  0 2026-10-01 10:01:32
 0  0      0 366812  56516 1192868    0    0     0     0 23465 16329  4  9 87  0  0 2026-10-01 10:01:33
 0  0      0 366812  56516 1192868    0    0     0     0   48   52  0  0 100  0  0 2026-10-01 10:01:34
 0  0      0 333588  56516 1192880    0    0     0     4  643  967 12  4 84  0  0 2026-10-01 10:01:35
 0  0      0 333336  56520 1192892    0    0     0  1960  668  906  1  2 95  3  0 2026-10-01 10:01:36
