procs -----------memory---------- ---swap-- -----io---- -system-- ------cpu----- -----timestamp-----
 r  b   swpd   free   buff  cache   si   so    bi    bo   in   cs us sy id wa st                 UTC
 0  0      0 31165700  24460 475844    0    0     4     2  338  235 14  3 83  0  0 2026-10-01 10:00:25
 0  0      0 31155676  24460 475840    0    0     0     0 1783 1697  0  0 99  0  0 2026-10-01 10:00:26
 0  0      0 31154948  24460 475840    0    0     0     0 3403 2196  2  0 98  0  0 2026-10-01 10:00:27
 0  0      0 31153716  24460 475840    0    0     0     0  161  226  0  0 100  0  0 2026-10-01 10:00:28
 0  0      0 31153716  24460 475840    0    0     0     0  107  182  0  0 100  0  0 2026-10-01 10:00:29
 3  0      0 31147892  24460 475840    0    0     0     0 6292 5096  2  1 97  0  0 2026-10-01 10:00:30
 2  0      0 31079740  24468 475840    0    0     0    44 45745 50754 19  2 80  0  0 2026-10-01 10:00:31
11  0      0 31019972  24468 475840    0    0     0   676 46475 53586 16  2 82  0  0 2026-10-01 10:00:32
 2  0      0 30894232  24468 476192    0    0     0     0 58070 52921 28  3 69  0  0 2026-10-01 10:00:33
14  0      0 30766500  24468 477104    0    0     0     0 60132 55199 28  2 69  0  0 2026-10-01 10:00:34
 8  0      0 30652672  24468 478408    0    0     0     0 65329 54325 35  3 62  0  0 2026-10-01 10:00:35
16  0      0 30496916  24468 479688    0    0     0     0 71212 54784 37  3 60  0  0 2026-10-01 10:00:36
11  0      0 30308932  24476 481032    0    0     0    36 78387 53132 44  3 53  0  0 2026-10-01 10:00:37
 0  0      0 30079356  24476 482296    0    0     0     0 82485 50893 46  4 49  0  0 2026-10-01 10:00:38
 2  0      0 30015804  24476 483656    0    0     0     0 78758 55937 44  4 52  0  0 2026-10-01 10:00:39
 4  0      0 29882484  24476 484528    0    0     0     0 84209 53297 47  4 48  0  0 2026-10-01 10:00:40
16  0      0 29684140  24476 485712    0    0     0     0 90727 50141 47  5 47  0  0 2026-10-01 10:00:41
16  0      0 29632824  24476 486608    0    0     0     0 90994 51118 53  5 42  0  0 2026-10-01 10:00:42
16  0      0 29437976  24484 487568    0    0     0    12 103894 54319 49  5 45  0  0 2026-10-01 10:00:43
 3  0      0 29177212  24484 488496    0    0     0     0 100664 54073 46  6 48  0  0 2026-10-01 10:00:44
 3  0      0 29165888  24484 489128    0    0     0     0 95166 55148 47  5 48  0  0 2026-10-01 10:00:45
procs -----------memory---------- ---swap-- -----io---- -system-- ------cpu----- -----timestamp-----
 r  b   swpd   free   buff  cache   si   so    bi    bo   in   cs us sy id wa st                 UTC
16  0      0 28914764  24484 490040    0    0     0     0 106961 50558 52  5 43  0  0 2026-10-01 10:00:46
16  0      0 28906308  24484 490768    0    0     0     0 103896 54427 56  4 40  0  0 2026-10-01 10:00:47
16  0      0 28779368  24484 491640    0    0     0     0 110837 57358 49  5 46  0  0 2026-10-01 10:00:48
 5  0      0 28713320  24492 492304    0    0     0    12 119082 65912 46  6 48  0  0 2026-10-01 10:00:49
 2  0      0 28694932  24492 493288    0    0     0     0 113296 65860 47  6 48  0  0 2026-10-01 10:00:50
 4  0      0 28561980  24492 493776    0    0     0     0 111113 55653 49  5 45  0  0 2026-10-01 10:00:51
 3  0      0 28493128  24492 494664    0    0     0     0 111418 48650 60  6 34  0  0 2026-10-01 10:00:52
 3  0      0 28382112  24492 495464    0    0     0     0 121566 56973 52  6 42  0  0 2026-10-01 10:00:53
16  0      0 28259176  24492 496072    0    0     0     0 121819 56686 54  6 40  0  0 2026-10-01 10:00:54
 5  0      0 28252232  24500 497088    0    0     0    12 118568 65535 48  5 47  0  0 2026-10-01 10:00:55
 2  0      0 28098160  24500 497928    0    0     0     4 115122 28147 67  6 27  0  0 2026-10-01 10:00:56
 7  0      0 28027716  24500 498432    0    0     0     0 136538 77721 47  6 47  0  0 2026-10-01 10:00:57
 0  0      0 27775324  24500 499624    0    0     0   572 118667 31759 66  6 28  0  0 2026-10-01 10:00:58
 9  0      0 27771180  24500 499840    0    0     0     0 123027 83659 30  5 64  0  0 2026-10-01 10:00:59
16  0      0 27660832  24500 500040    0    0     0     0 123781 49980 63  6 30  0  0 2026-10-01 10:01:00
 5  0      0 27614676  24508 501592    0    0     0    76 115969 42536 64  6 31  0  0 2026-10-01 10:01:01
16  0      0 27608080  24508 501592    0    0     0     0 140927 88253 41  7 52  0  0 2026-10-01 10:01:02
 3  0      0 27459716  24508 503112    0    0     0     0 121379 33832 73  6 21  0  0 2026-10-01 10:01:03
 5  0      0 27366568  24508 503328    0    0     0     0 146073 80694 49  7 44  0  0 2026-10-01 10:01:04
16  0      0 27202384  24508 504016    0    0     0     0 127246 47396 68  6 26  0  0 2026-10-01 10:01:05
 0  0      0 27169680  24516 505312    0    0     0    32 134882 70079 48  6 46  0  0 2026-10-01 10:01:06
procs -----------memory---------- ---swap-- -----io---- -system-- ------cpu----- -----timestamp-----
 r  b   swpd   free   buff  cache   si   so    bi    bo   in   cs us sy id wa st                 UTC
16  0      0 27047600  24516 505384    0    0     0     0 151502 64705 58  8 34  0  0 2026-10-01 10:01:07
 2  0      0 27028544  24516 505944    0    0     0     0 100980 18047 50 34 16  0  0 2026-10-01 10:01:08
 9  0      0 26964204  24516 506848    0    0     0     0 114672 30971 50 34 17  0  0 2026-10-01 10:01:09
10  0      0 26836392  24516 507160    0    0     0     0 140460 84261 37 11 52  0  0 2026-10-01 10:01:10
16  0      0 26561168  24524 507232    0    0     0    12 134850 11569 72 26  3  0  0 2026-10-01 10:01:11
16  0      0 26502972  24524 508176    0    0     0     0 102265 5730 57 43  0  0  0 2026-10-01 10:01:12
 9  0      0 26546472  24524 508832    0    0     0     0 114119 23416 47 39 14  0  0 2026-10-01 10:01:13
16  0      0 26243440  24524 509408    0    0     0     0 142685 28307 62 24 13  0  0 2026-10-01 10:01:14
16  0      0 26269904  24524 510008    0    0     0     0 124367 29706 54 38  7  0  0 2026-10-01 10:01:15
16  0      0 26254972  24524 510520    0    0     0     0 111216 7381 64 35  0  0  0 2026-10-01 10:01:16
16  0      0 26242700  24532 511632    0    0     0    12 107685 4848 54 45  0  0  0 2026-10-01 10:01:17
16  0      0 26215828  24532 512016    0    0     0     0 121345 6314 59 41  0  0  0 2026-10-01 10:01:18
16  0      0 26127424  24532 512528    0    0     0     0 128558 34648 58 28 14  0  0 2026-10-01 10:01:19
16  0      0 26127532  24532 512920    0    0     0     0 106480 3323 50 50  0  0  0 2026-10-01 10:01:20
16  0      0 26009208  24532 513784    0    0     0     0 120872 10191 62 37  1  0  0 2026-10-01 10:01:21
 6  0      0 25999728  24532 514112    0    0     0     0 131651 58141 40 30 30  0  0 2026-10-01 10:01:22
16  0      0 25902240  24540 514296    0    0     0    12 138037 32119 61 23 15  0  0 2026-10-01 10:01:23
16  0      0 25920608  24540 514592    0    0     0     0 118800 5057 53 47  0  0  0 2026-10-01 10:01:24
16  0      0 25749436  24540 515056    0    0     0     0 136320 7623 57 42  1  0  0 2026-10-01 10:01:25
16  0      0 25822200  24540 515648    0    0     0     0 107163 6677 52 48  1  0  0 2026-10-01 10:01:26
16  0      0 25426600  24540 516200    0    0     0     8 137333 8973 59 40  1  0  0 2026-10-01 10:01:27
procs -----------memory---------- ---swap-- -----io---- -system-- ------cpu----- -----timestamp-----
 r  b   swpd   free   buff  cache   si   so    bi    bo   in   cs us sy id wa st                 UTC
16  1      0 25444060  24548 517048    0    0     0    20 130262 4871 55 45  0  0  0 2026-10-01 10:01:28
16  0      0 25473168  24548 517288    0    0     0     0 107290 15748 64 35  2  0  0 2026-10-01 10:01:29
16  0      0 25361140  24548 518128    0    0     0     0 141789 12680 43 54  2  0  0 2026-10-01 10:01:30
 0  0      0 25452320  24548 517848    0    0     0     0 65105 44001  8  4 87  0  0 2026-10-01 10:01:31
 0  0      0 31173272  24548 475800    0    0     0   476 62422 1343  0  3 96  0  0 2026-10-01 10:01:32
 0  0      0 31173272  24548 475800    0    0     0     0   81  114  0  0 100  0  0 2026-10-01 10:01:33
 0  0      0 31173020  24556 475800    0    0     0    32   86  124  0  0 100  0  0 2026-10-01 10:01:34
 0  0      0 31173020  24556 475800    0    0     0     0   86  144  0  0 100  0  0 2026-10-01 10:01:35
 0  0      0 31173020  24556 475804    0    0     0    32   81  126  0  0 100  0  0 2026-10-01 10:01:36
