procs -----------memory---------- ---swap-- -----io---- -system-- ------cpu----- -----timestamp-----
 r  b   swpd   free   buff  cache   si   so    bi    bo   in   cs us sy id wa st                 UTC
 1  0      0 2865316  49172 705084    0    0   618  1792 6459 1051 24  7 68  2  0 2026-10-01 10:00:25
 0  0      0 2865444  49172 705028    0    0     0     0  107  165  1  0 100  0  0 2026-10-01 10:00:26
 3  2      0 2858248  50324 644060    0    0     0 27520 4839 8982 42  7 32 20  0 2026-10-01 10:00:27
 0  0      0 2841616  50656 645036    0    0     0  5316 2003 3430  6  1 87  6  0 2026-10-01 10:00:28
 0  0      0 2841616  50656 645036    0    0     0     0   35   28  0  0 100  0  0 2026-10-01 10:00:29
 0  0      0 2841616  50656 645036    0    0     0     0   41   37  0  0 100  0  0 2026-10-01 10:00:30
 1  0      0 2785044  51192 650932    0    0     0  3292 11807 12626 32  6 54  8  0 2026-10-01 10:00:31
 8  0      0 2765736  51696 656068    0    0     0  2784 9088 8622 25  6 58 11  0 2026-10-01 10:00:32
 9  0      0 2701804  52228 664604    0    0     0  3060 17728 15664 50  9 32  8  0 2026-10-01 10:00:33
 5  0      0 2641052  52736 672884    0    0     0  2932 17553 15077 51 11 30  9  0 2026-10-01 10:00:34
 5  0      0 2625632  53028 682572    0    0     0  1736 20005 13590 62  8 26  4  0 2026-10-01 10:00:35
 4  0      0 2545968  53304 691508    0    0     0  2044 23185 17908 61 11 24  5  0 2026-10-01 10:00:36
 7  0      0 2470956  53592 703164    0    0     0  2328 22601 8727 80 11  3  6  0 2026-10-01 10:00:37
 3  0      0 2453792  53860 714536    0    0     0  2248 25605 13226 80  8  9  4  0 2026-10-01 10:00:38
 4  0      0 2372280  54140 726688    0    0     0  2272 29112 14351 82 13  1  3  0 2026-10-01 10:00:39
 3  0      0 2249804  54340 737644    0    0     0  1944 28138 7885 81 15  0  4  0 2026-10-01 10:00:40
 3  0      0 2231436  54416 749908    0    0     0  1148 28952 4625 86 12  0  3  0 2026-10-01 10:00:41
 3  0      0 2214296  54660 761700    0    0     0  1952 30009 6160 81 15  0  5  0 2026-10-01 10:00:42
11  0      0 2168288  54844 773736    0    0     0  2164 33684 7124 81 17  0  2  0 2026-10-01 10:00:43
 3  0      0 2052084  55020 785332    0    0     0  1836 34832 5418 76 20  0  4  0 2026-10-01 10:00:44
 5  0      0 1967708  55160 793816    0    0     0  1440 33177 8079 83 15  1  1  0 2026-10-01 10:00:45
procs -----------memory---------- ---swap-- -----io---- -system-- ------cpu----- -----timestamp-----
 r  b   swpd   free   buff  cache   si   so    bi    bo   in   cs us sy id wa st                 UTC
 4  0      0 1951524  55244 805176    0    0     0  1740 37498 5631 80 17  0  3  0 2026-10-01 10:00:46
 2  1      0 1932788  55424 817540    0    0     0  1972 36296 1333 78 16  0  5  0 2026-10-01 10:00:47
 4  0      0 1915340  55516 829424    0    0     0  1152 38759 4824 85 13  0  3  0 2026-10-01 10:00:48
 5  0      0 1867444  55636 840164    0    0     0  1444 36882 3302 78 19  0  4  0 2026-10-01 10:00:49
 5  0      0 1754556  55704 850544    0    0     0   796 37233 1286 79 19  1  2  0 2026-10-01 10:00:50
 4  0      0 1653768  55740 858832    0    0     0   588 36655 2170 82 17  0  1  0 2026-10-01 10:00:51
 4  0      0 1638140  55828 869988    0    0     0  1160 42598 3647 81 17  0  3  0 2026-10-01 10:00:52
 4  0      0 1620260  55880 881260    0    0     0  1400 40998  872 80 18  1  2  0 2026-10-01 10:00:53
 6  0      0 1606160  55928 892104    0    0     0 23192 43889 5230 77 21  0  3  0 2026-10-01 10:00:54
 2  0      0 1590064  55996 902604    0    0     0 47524 42086 2172 81 17  0  1  0 2026-10-01 10:00:55
 2  0      0 1562872  56044 914744    0    0     0   720 45262 1536 80 19  1  1  0 2026-10-01 10:00:56
 4  0      0 1453768  56060 923560    0    0     0   496 40547  729 81 18  1  0  0 2026-10-01 10:00:57
 2  0      0 1340644  56144 934504    0    0     0  1616 42812  975 78 21  0  2  0 2026-10-01 10:00:58
 4  0      0 1257736  56156 940072    0    0     0 201548 37808 3829 77 20  0  3  0 2026-10-01 10:00:59
 2  0      0 1243656  56292 951436    0    0     0  1808 49065 1142 76 21  0  2  0 2026-10-01 10:01:00
 2  0      0 1230852  56300 960564    0    0     0   340 36005  705 85 15  0  0  0 2026-10-01 10:01:01
 2  0      0 1217844  56348 970896    0    0     0   896 51373  873 78 21  0  1  0 2026-10-01 10:01:02
 2  0      0 1200468  56460 982772    0    0     0  1404 43765  919 79 19  0  2  0 2026-10-01 10:01:03
 2  0      0 1185008  56460 989688    0    0     0     0 42743  640 82 18  0  0  0 2026-10-01 10:01:04
 2  0      0 1169900  56544 1002568    0    0     0  1520 53607 1075 74 24  0  2  0 2026-10-01 10:01:05
 2  0      0 1102456  56560 1011136    0    0     0   336 45678 5100 79 20  1  1  0 2026-10-01 10:01:06
procs -----------memory---------- ---swap-- -----io---- -system-- ------cpu----- -----timestamp-----
 r  b   swpd   free   buff  cache   si   so    bi    bo   in   cs us sy id wa st                 UTC
 2  0      0 984548  56580 1019512    0    0     0   540 46394  704 81 19  0  0  0 2026-10-01 10:01:07
 2  0      0 888940  56708 1028416    0    0     0  1476 43608 1267 80 18  0  2  0 2026-10-01 10:01:08
 2  0      0 813856  56708 1035804    0    0     0     0 43906  821 80 20  0  0  0 2026-10-01 10:01:09
 2  0      0 798432  56720 1044064    0    0     0   428 48636  788 78 22  1  0  0 2026-10-01 10:01:10
 2  0      0 785832  56804 1054620    0    0     0  1296 51889  922 78 20  0  1  0 2026-10-01 10:01:11
 2  0      0 771296  56804 1062580    0    0     0     0 50466  623 80 20  0  0  0 2026-10-01 10:01:12
 2  0      0 785844  56804 1070736    0    0     0     8 52005 6366 76 18  6  0  0 2026-10-01 10:01:13
 3  0      0 768636  56808 1079932    0    0     0   256 46043  630 81 19  0  0  0 2026-10-01 10:01:14
 2  0      0 755304  56844 1088712    0    0     0   628 56154  840 79 21  0  1  0 2026-10-01 10:01:15
 2  0      0 743552  56844 1098888    0    0     0     0 54031 1354 74 25  1  0  0 2026-10-01 10:01:16
 2  0      0 729084  56844 1107408    0    0     0 62564 53236 1485 82 18  0  0  0 2026-10-01 10:01:17
 2  0      0 643164  56844 1114332    0    0     0     0 50006  737 78 22  0  0  0 2026-10-01 10:01:18
 2  2      0 531540  56872 1124544    0    0     0   508 56201 1010 73 26  0  1  0 2026-10-01 10:01:19
 2  0      0 447120  56888 1130388    0    0     0   244 54730 2880 74 24  3  0  0 2026-10-01 10:01:20
 2  0      0 391452  56888 1137556    0    0     0 127228 51353 5497 74 26  0  0  0 2026-10-01 10:01:21
 2  0      0 374968  56888 1143832    0    0     0     0 44731  691 80 20  1  0  0 2026-10-01 10:01:22
 2  0      0 365364  56888 1150980    0    0     0     0 44352  702 83 17  0  0  0 2026-10-01 10:01:23
 2  0      0 354780  56892 1160844    0    0     0   568 62650  995 77 22  0  1  0 2026-10-01 10:01:24
 2  0      0 344952  56892 1169244    0    0     0     8 54634  650 84 17  0  0  0 2026-10-01 10:01:25
 2  0      0 339420  56892 1174860    0    0     0     0 58304 2495 73 23  5  0  0 2026-10-01 10:01:26
 5  0      0 352200  56892 1182960    0    0     0     0 47981  949 79 21  0  0  0 2026-10-01 10:01:27
procs -----------memory---------- ---swap-- -----io---- -system-- ------cpu----- -----timestamp-----
 r  b   swpd   free   buff  cache   si   so    bi    bo   in   cs us sy id wa st                 UTC
 2  0      0 338236  56892 1188768    0    0     0     4 60536 1145 71 28  0  0  0 2026-10-01 10:01:28
 3  0      0 326536  56900 1199172    0    0     0   268 48875 1057 80 19  1  0  0 2026-10-01 10:01:29
 2  0      0 321496  56900 1203152    0    0     0     0 61371 9898 68 25  8  0  0 2026-10-01 10:01:30
 0  0      0 312884  56900 1206720    0    0   448    12 81247 25386 53 32 15  0  0 2026-10-01 10:01:31
 5  0      0 312884  56900 1203160    0    0     0     0 31586 21036  8 13 79  0  0 2026-10-01 10:01:32
 0  0      0 399796  56900 1197008    0    0     0  1772 22233 16286  3 10 87  1  0 2026-10-01 10:01:33
 0  0      0 392556  56908 1197036    0    0     0   436  794 1390  2  4 94  0  0 2026-10-01 10:01:34
