procs -----------memory---------- ---swap-- -----io---- -system-- ------cpu----- -----timestamp-----
 r  b   swpd   free   buff  cache   si   so    bi    bo   in   cs us sy id wa st                 UTC
 0  0      0 31185748  23788 475484    0    0     5     2   33  135 14  3 84  0  0 2026-10-01 09:50:07
 0  0      0 31168908  23788 475500    0    0     0     0 1805 1720  1  0 99  0  0 2026-10-01 09:50:08
 0  0      0 31168908  23788 475504    0    0     0     0   78  137  0  0 100  0  0 2026-10-01 09:50:09
 0  0      0 31168908  23788 475504    0    0     0     0   60  107  0  0 100  0  0 2026-10-01 09:50:10
 0  0      0 31168908  23788 475504    0    0     0     0   77  130  0  0 100  0  0 2026-10-01 09:50:11
 0  0      0 31163252  23796 475504    0    0     0    72 3110 2448  3  0 97  0  0 2026-10-01 09:50:12
 0  0      0 31163252  23796 475504    0    0     0     0   82  126  0  0 100  0  0 2026-10-01 09:50:13
 0  0      0 31163252  23796 475504    0    0     0     0   66  110  0  0 100  0  0 2026-10-01 09:50:14
 0  0      0 31126460  23796 475504    0    0     0     0 27399 28951 11  1 88  0  0 2026-10-01 09:50:15
 2  0      0 31059232  23796 475504    0    0     0     0 43188 51066 15  2 83  0  0 2026-10-01 09:50:16
 0  0      0 30949956  23796 475632    0    0     0    56 54643 56788 24  2 74  0  0 2026-10-01 09:50:17
 6  0      0 30851268  23804 476328    0    0     0   644 58653 54781 29  3 69  0  0 2026-10-01 09:50:18
 2  0      0 30695360  23804 477232    0    0     0     0 64812 53839 33  3 64  0  0 2026-10-01 09:50:19
16  0      0 30559260  23804 478568    0    0     0     0 68882 56867 36  3 61  0  0 2026-10-01 09:50:20
16  0      0 30390148  23804 479816    0    0     0     0 75331 52812 43  4 53  0  0 2026-10-01 09:50:21
16  0      0 30219468  23804 481312    0    0     0     0 74803 52773 40  4 56  0  0 2026-10-01 09:50:22
 2  0      0 30054160  23812 482444    0    0     0    28 77330 53933 44  4 52  0  0 2026-10-01 09:50:23
 3  0      0 29865532  23812 483576    0    0     0     0 81488 51735 46  5 49  0  0 2026-10-01 09:50:24
16  0      0 29720920  23812 484680    0    0     0     0 87516 47053 53  4 43  0  0 2026-10-01 09:50:25
 3  0      0 29617696  23812 485640    0    0     0     0 89321 53944 46  5 49  0  0 2026-10-01 09:50:26
 8  0      0 29579480  23812 486768    0    0     0     0 88933 55744 46  5 50  0  0 2026-10-01 09:50:27
procs -----------memory---------- ---swap-- -----io---- -system-- ------cpu----- -----timestamp-----
 r  b   swpd   free   buff  cache   si   so    bi    bo   in   cs us sy id wa st                 UTC
16  1      0 29310580  23820 487336    0    0     0    12 95882 52674 42  5 54  0  0 2026-10-01 09:50:28
16  0      0 29301012  23820 488168    0    0     0     0 95207 56126 46  5 49  0  0 2026-10-01 09:50:29
 0  0      0 29079712  23820 489032    0    0     0     0 111122 54891 50  5 44  0  0 2026-10-01 09:50:30
16  0      0 29074288  23820 489704    0    0     0     0 99014 52400 51  5 44  0  0 2026-10-01 09:50:31
 3  0      0 28880524  23820 490688    0    0     0     0 111148 52452 52  5 44  0  0 2026-10-01 09:50:32
 2  0      0 28858244  23820 491312    0    0     0     8 101783 46339 57  4 39  0  0 2026-10-01 09:50:33
 3  0      0 28749852  23828 492164    0    0     0    28 111140 62611 45  5 50  0  0 2026-10-01 09:50:34
16  0      0 28582036  23828 492748    0    0     0     0 117454 45871 61  6 33  0  0 2026-10-01 09:50:35
 5  0      0 28551360  23828 493772    0    0     0     0 107750 55816 49  5 46  0  0 2026-10-01 09:50:36
16  0      0 28422488  23828 494476    0    0     0     0 120891 60426 49  6 45  0  0 2026-10-01 09:50:37
10  0      0 28377444  23828 495340    0    0     0     4 115729 55536 51  6 43  0  0 2026-10-01 09:50:38
16  0      0 28255764  23828 495964    0    0     0     0 120447 47959 58  6 36  0  0 2026-10-01 09:50:39
 0  0      0 28173292  23836 496692    0    0     0    20 118198 47310 61  6 33  0  0 2026-10-01 09:50:40
 4  0      0 28060220  23836 497644    0    0     0     0 116211 63804 47  5 47  0  0 2026-10-01 09:50:41
16  0      0 28023696  23836 497836    0    0     0     0 126309 73071 45  6 49  0  0 2026-10-01 09:50:42
16  0      0 27908596  23836 498896    0    0     0     0 120608 51879 58  6 36  0  0 2026-10-01 09:50:43
 1  0      0 27731144  23836 499216    0    0     0     0 140037 55477 56  8 37  0  0 2026-10-01 09:50:44
16  0      0 27694676  23836 500440    0    0     0     0 107288 43040 63  5 32  0  0 2026-10-01 09:50:45
16  0      0 27686560  23844 500896    0    0     0    12 150370 91005 45  7 48  0  0 2026-10-01 09:50:46
 8  0      0 27400700  23844 501448    0    0     0     0 124866 33050 71  7 22  0  0 2026-10-01 09:50:47
13  0      0 27301740  23844 502408    0    0     0    36 136506 71103 47  6 46  0  0 2026-10-01 09:50:48
procs -----------memory---------- ---swap-- -----io---- -system-- ------cpu----- -----timestamp-----
 r  b   swpd   free   buff  cache   si   so    bi    bo   in   cs us sy id wa st                 UTC
 7  0      0 27330052  23844 503392    0    0     0     0 109133 47602 56  5 38  0  0 2026-10-01 09:50:49
 8  0      0 27137092  23844 504200    0    0     0     0 148297 57956 61  8 30  0  0 2026-10-01 09:50:50
16  0      0 27133820  23844 504416    0    0     0     0 113319 70103 41  5 54  0  0 2026-10-01 09:50:51
16  0      0 27118404  23852 504952    0    0     0    12 139135 62685 61  7 33  0  0 2026-10-01 09:50:52
16  0      0 27044520  23852 505664    0    0     0     0 115218 27913 59 28 12  0  0 2026-10-01 09:50:53
16  0      0 26944052  23852 505880    0    0     0     0 107318 2732 53 45  2  0  0 2026-10-01 09:50:54
 2  0      0 26662564  23852 507048    0    0     0     0 150338 54161 52 19 29  0  0 2026-10-01 09:50:55
16  0      0 26645104  23852 507216    0    0     0     0 120759 25525 65 25 10  0  0 2026-10-01 09:50:56
16  0      0 26614012  23860 507856    0    0     0    12 104443 2781 50 50  0  0  0 2026-10-01 09:50:57
 4  0      0 26491732  23860 508960    0    0     0     0 125150 27369 61 25 14  0  0 2026-10-01 09:50:58
16  0      0 26480408  23860 509152    0    0     0     0 127454 33449 50 33 17  0  0 2026-10-01 09:50:59
16  0      0 26501536  23860 509824    0    0     0     0 115413 7193 63 37  0  0  0 2026-10-01 09:51:00
16  0      0 26287200  23860 510448    0    0     0     0 127238 45394 43 29 28  0  0 2026-10-01 09:51:01
 3  0      0 26115376  23860 510912    0    0     0     0 125258 22459 55 35  9  0  0 2026-10-01 09:51:02
16  0      0 26106172  23868 511312    0    0     0    32 121139 36866 50 31 19  0  0 2026-10-01 09:51:03
16  0      0 26130432  23868 511712    0    0     0     0 122851 13325 61 38  1  0  0 2026-10-01 09:51:04
16  0      0 25823776  23868 512424    0    0     0     0 114736 5314 46 54  1  0  0 2026-10-01 09:51:05
16  0      0 25568916  23868 512560    0    0     0     0 145524 8103 61 39  1  0  0 2026-10-01 09:51:06
16  0      0 25662628  23868 513632    0    0     0   196 100138 11562 72 27  1  0  0 2026-10-01 09:51:07
16  0      0 25630564  23876 513720    0    0     0    24 121015 7881 47 53  0  0  0 2026-10-01 09:51:08
16  0      0 25604608  23876 514752    0    0     0     8 106857 5660 60 39  0  0  0 2026-10-01 09:51:09
procs -----------memory---------- ---swap-- -----io---- -system-- ------cpu----- -----timestamp-----
 r  b   swpd   free   buff  cache   si   so    bi    bo   in   cs us sy id wa st                 UTC
16  0      0 25662460  23876 515456    0    0     0     0 126468 6482 58 42  0  0  0 2026-10-01 09:51:10
16  0      0 25352788  23876 516288    0    0     0     0 116691 9989 54 43  2  0  0 2026-10-01 09:51:11
16  0      0 25277152  23876 516584    0    0     0     0 143852 8278 54 45  1  0  0 2026-10-01 09:51:12
16  0      0 25330124  23876 517016    0    0     0     0 96885 8821 66 33  1  0  0 2026-10-01 09:51:13
16  0      0 25302548  23884 517504    0    0     0    20 140139 5511 52 47  0  0  0 2026-10-01 09:51:14
10  0      0 25324880  23884 518248    0    0     0     0 151685 85178 30 30 40  0  0 2026-10-01 09:51:15
 0  0      0 31072916  23884 487384    0    0     0     0 58257 8016 15  7 78  0  0 2026-10-01 09:51:16
 0  0      0 31171636  23884 475664    0    0     0     0 46400  431  0  1 99  0  0 2026-10-01 09:51:17
 0  0      0 31171384  23884 475668    0    0     0     0   71  119  0  0 100  0  0 2026-10-01 09:51:18
 0  0      0 31171384  23884 475668    0    0     0     0   90  140  0  0 100  0  0 2026-10-01 09:51:19
 0  0      0 31171384  23892 475668    0    0     0    28   88  146  0  0 100  0  0 2026-10-01 09:51:20
