procs -----------memory---------- ---swap-- -----io---- -system-- ------cpu----- -----timestamp-----
 r  b   swpd   free   buff  cache   si   so    bi    bo   in   cs us sy id wa st                 UTC
 1  0      0 166436  83924 1385968    0    0    63   729 1154 1663 13  3 84  0  0 2026-10-01 09:50:07
 0  1      0 261888  83956 1298552    0    0  1592 15400 1681 3448  1  3 82 15  0 2026-10-01 09:50:08
 0  1      0 699360  83988 1022084    0    0  4504 47520 5746 10512  3  9 48 41  0 2026-10-01 09:50:09
 2  2      0 873764  84044 886308    0    0  2812 40872 6349 12914 42  7 20 31  0 2026-10-01 09:50:10
 0  0      0 949364  84064 887112    0    0     0  4092 2802 1947  5  1 88  5  0 2026-10-01 09:50:11
 0  0      0 965492  84064 887112    0    0     0  1268  216  380  0  0 99  1  0 2026-10-01 09:50:12
 0  0      0 1131044  84064 887112    0    0     0     0  267  349  1  1 99  0  0 2026-10-01 09:50:13
 0  0      0 1131044  84064 887112    0    0     0     0   27   32  0  0 100  0  0 2026-10-01 09:50:14
 0  1      0 1179644  84080 891296    0    0     0  2504 6950 6888 22  3 66  9  0 2026-10-01 09:50:15
 2  0      0 1172256  84088 897580    0    0     0  3392 11243 11946 32  5 51 13  0 2026-10-01 09:50:16
 2  0      0 1165136  84104 905072    0    0     0  2620 15624 15365 43  6 42  9  0 2026-10-01 09:50:17
 3  0      0 1151212  84112 912588    0    0     0  1760 18512 18189 51  7 36  6  0 2026-10-01 09:50:18
 6  0      0 1134604  84124 922572    0    0     0  2756 19274 13822 61  7 25  8  0 2026-10-01 09:50:19
 6  0      0 1123416  84128 931260    0    0     0  1844 20646 16474 59  7 30  4  1 2026-10-01 09:50:20
 6  0      0 1101784  84132 942332    0    0     0  1836 24026 14980 75 10 11  4  0 2026-10-01 09:50:21
 8  0      0 1043288  84148 953592    0    0     0  1868 25021 12685 76 14  6  3  0 2026-10-01 09:50:22
 2  1      0 982276  84160 964304    0    0     0  1784 27571 16317 76 14  8  3  0 2026-10-01 09:50:23
 3  0      0 895864  84168 976592    0    0     0  2108 26067 5619 80 15  1  5  0 2026-10-01 09:50:24
 9  0      0 827340  84180 988536    0    0     0  1436 27739 5234 77 18  2  4  0 2026-10-01 09:50:25
 3  0      0 781416  84184 1000004    0    0     0   876 28617 3554 83 14  1  3  0 2026-10-01 09:50:26
 3  0      0 700088  84192 1011300    0    0     0  1624 30434 4629 82 12  1  4  0 2026-10-01 09:50:27
procs -----------memory---------- ---swap-- -----io---- -system-- ------cpu----- -----timestamp-----
 r  b   swpd   free   buff  cache   si   so    bi    bo   in   cs us sy id wa st                 UTC
10  0      0 596372  84208 1020172    0    0     0  1092 29384 4279 81 14  2  3  0 2026-10-01 09:50:28
 3  0      0 580564  84216 1031932    0    0     0  1684 33767 3391 86 11  0  2  0 2026-10-01 09:50:29
 3  0      0 561968  84232 1042392    0    0     0 41164 36950 7616 83 15  0  3  0 2026-10-01 09:50:30
 3  0      0 543348  84236 1054376    0    0     0  1052 36148  843 84 14  0  1  0 2026-10-01 09:50:31
 3  0      0 529668  84240 1064700    0    0     0  1272 34354  896 87 12  0  2  0 2026-10-01 09:50:32
 3  0      0 512920  84240 1075764    0    0     0   520 35760  710 82 17  0  0  0 2026-10-01 09:50:33
 3  0      0 503456  84240 1084276    0    0     0 141128 39461 6682 76 18  0  5  0 2026-10-01 09:50:34
 3  0      0 517620  84248 1097436    0    0     0  1964 41526 1138 80 17  0  3  0 2026-10-01 09:50:35
 4  0      0 495748  84252 1107252    0    0     0   764 35252  763 84 15  0  1  0 2026-10-01 09:50:36
 3  0      0 479072  84252 1118804    0    0     0   620 39745  788 81 19  0  1  0 2026-10-01 09:50:37
 3  0      0 465992  84252 1128720    0    0     0   572 43276  715 81 18  0  0  0 2026-10-01 09:50:38
 3  0      0 458216  84260 1138956    0    0     0   736 38569  803 82 17  0  1  0 2026-10-01 09:50:39
 3  0      0 509876  84260 1149716    0    0     0   836 60427 1006 77 23  0  1  0 2026-10-01 09:50:40
 2  0      0 554668  84264 1160360    0    0     0   568 39591  636 82 18  0  1  0 2026-10-01 09:50:41
 3  0      0 547372  84268 1168064    0    0     0  1536 42390  980 80 18  0  2  0 2026-10-01 09:50:42
 3  0      0 545716  84268 1177948    0    0     0   448 40996  679 85 14  0  0  0 2026-10-01 09:50:43
 2  0      0 536016  84268 1188984    0    0     0  1420 48001  979 78 21  0  2  0 2026-10-01 09:50:44
 2  0      0 528480  84268 1196972    0    0     0     0 38731  564 88 12  0  0  0 2026-10-01 09:50:45
 2  0      0 515464  84272 1208948    0    0     0  1088 52475  894 75 24  0  2  0 2026-10-01 09:50:46
 2  0      0 501828  84272 1218268    0    0     0   600 40991  710 83 17  0  1  0 2026-10-01 09:50:47
 2  0      0 487728  84284 1228196    0    0     0  1408 54371 1368 80 18  1  2  0 2026-10-01 09:50:48
procs -----------memory---------- ---swap-- -----io---- -system-- ------cpu----- -----timestamp-----
 r  b   swpd   free   buff  cache   si   so    bi    bo   in   cs us sy id wa st                 UTC
 2  0      0 477432  84284 1237776    0    0     0 68056 34637 1220 85 15  0  0  0 2026-10-01 09:50:49
 2  0      0 462564  84284 1246216    0    0     0    68 51759  685 77 23  0  0  0 2026-10-01 09:50:50
 2  0      0 453492  84292 1254656    0    0     0  2040 36863 1050 81 16  0  2  0 2026-10-01 09:50:51
 2  0      0 442680  84292 1264336    0    0     0   380 47756  697 81 19  0  1  1 2026-10-01 09:50:52
 2  0      0 434136  84292 1272360    0    0     0     0 45810  697 80 20  0  0  0 2026-10-01 09:50:53
 2  0      0 424068  84292 1282496    0    0     0 116828 50647 1969 73 27  0  1  0 2026-10-01 09:50:54
 2  0      0 411744  84292 1288756    0    0     0     0 46924  629 82 18  0  0  0 2026-10-01 09:50:55
 2  0      0 398220  84292 1301040    0    0     0   456 57044 2663 71 25  4  1  0 2026-10-01 09:50:56
 2  0      0 388656  84292 1309696    0    0     0     0 45374 5053 77 17  6  0  0 2026-10-01 09:50:57
 2  0      0 377580  84292 1314512    0    0     0     0 45759  652 83 17  0  0  0 2026-10-01 09:50:58
 2  0      0 389884  84292 1325972    0    0     0   572 57240  784 77 23  0  0  0 2026-10-01 09:50:59
 2  0      0 333352  84300 1335392    0    0     0   588 55041  728 77 22  0  0  0 2026-10-01 09:51:00
 2  0      0 243036  84300 1341588    0    0     0     0 46727  662 81 19  0  0  0 2026-10-01 09:51:01
 2  0      0 188868  84300 1346640    0    0     0     0 51645  877 80 20  0  0  0 2026-10-01 09:51:02
 3  0      0 175540  84300 1355132    0    0     0     0 44957  605 83 17  0  0  0 2026-10-01 09:51:03
 2  0      0 165728  84300 1363360    0    0     0   912 60264  942 75 24  0  1  0 2026-10-01 09:51:04
 2  0      0 154928  84300 1372784    0    0     0     0 47875  679 79 22  0  0  0 2026-10-01 09:51:05
 2  0      0 147116  84300 1379172    0    0     0     0 63568  712 77 23  0  0  0 2026-10-01 09:51:06
 2  0      0 135044  84304 1390340    0    0     0  2876 50340 2221 77 22  2  0  0 2026-10-01 09:51:07
 2  0      0 125724  84304 1398664    0    0     0     0 54805 10961 68 22 10  0  1 2026-10-01 09:51:08
 2  0      0 114912  84304 1402304    0    0     0    20 45093  549 85 15  0  0  0 2026-10-01 09:51:09
procs -----------memory---------- ---swap-- -----io---- -system-- ------cpu----- -----timestamp-----
 r  b   swpd   free   buff  cache   si   so    bi    bo   in   cs us sy id wa st                 UTC
 2  0      0 125696  84304 1412148    0    0     0 66008 63574 1605 73 28  0  0  0 2026-10-01 09:51:10
 2  0      0 141416  84208 1420392    0    0     0     0 46778  577 81 19  0  0  0 2026-10-01 09:51:11
 2  0      0 107536  84192 1368964    0    0     0   376 62533  902 73 27  0  0  0 2026-10-01 09:51:12
 2  0      0 115984  84172 1274164    0    0    40     0 43347  698 76 23  1  1  0 2026-10-01 09:51:13
 2  0      0 105840  84172 1203496    0    0    44     0 69626  823 67 34  0  0  0 2026-10-01 09:51:14
 3  1      0 112676  84160 1137784    0    0   100 42780 45794 2718 78 23  0  0  0 2026-10-01 09:51:15
 3  0      0 111924  84176 1137224    0    0    36 51816 29647 13571 10 19 71  0  0 2026-10-01 09:51:16
 0  0      0 213592  84176 1117676    0    0     0   300 56810 34088 12 24 65  0  0 2026-10-01 09:51:17
 0  0      0 213592  84176 1117676    0    0     0   300   44   38  0  0 100  0  0 2026-10-01 09:51:18
