procs -----------memory---------- ---swap-- -----io---- -system-- ------cpu----- -----timestamp-----
 r  b   swpd   free   buff  cache   si   so    bi    bo   in   cs us sy id wa st                 UTC
 1  0      0 1271816  59696 534556    0    0   221   484  322 2048  9 11 79  1  0 2026-10-01 09:50:07
 1  1      0 1342388  60148 533168    0    0     0 20604 4399 8568 36  7 48  9  0 2026-10-01 09:50:08
 0  0      0 1334072  60396 534788    0    0     0 11292 3320 6454 19  3 67 12  1 2026-10-01 09:50:09
 0  0      0 1333572  60396 534788    0    0     0     0  252  439  0  0 100  0  0 2026-10-01 09:50:10
 0  0      0 1333572  60396 534788    0    0     0     0  227  402  1  0 100  0  0 2026-10-01 09:50:11
 0  0      0 1332844  60404 534788    0    0     0   472 1671 1841  1  0 98  1  0 2026-10-01 09:50:12
 0  0      0 1332344  60416 534788    0    0     0   112  450  724  1  0 99  1  0 2026-10-01 09:50:13
 0  0      0 1332344  60420 534788    0    0     0    20  242  407  0  0 99  1  0 2026-10-01 09:50:14
 2  0      0 1329568  60452 534804    0    0     0  1764 27992 25967 14 14 70  2  0 2026-10-01 09:50:15
 0  0      0 1324688  60464 536052    0    0     0   424 37767 37181 23 19 58  1  0 2026-10-01 09:50:16
 3  0      0 1315572  60472 537732    0    0     0   524 51250 40303 24 27 49  1  0 2026-10-01 09:50:17
 0  0      0 1306988  60488 539724    0    0     0   548 54027 40217 26 30 44  1  0 2026-10-01 09:50:18
 1  0      0 1296092  60500 542084    0    0     0   596 62191 40616 26 33 41  1  0 2026-10-01 09:50:19
 3  0      0 1286400  60532 544196    0    0     0  1176 65809 42068 28 34 38  1  0 2026-10-01 09:50:20
 4  0      0 1275684  60548 546704    0    0     0  1164 71284 40934 25 38 35  1  0 2026-10-01 09:50:21
 4  0      0 1265000  60564 549392    0    0     0  2668 73344 39178 24 40 35  1  0 2026-10-01 09:50:22
 4  0      0 1254732  60592 551824    0    0     0  1184 76232 36391 31 38 31  1  0 2026-10-01 09:50:23
 3  0      0 1243840  60624 554180    0    0     0  1144 81378 36827 26 44 29  1  0 2026-10-01 09:50:24
 2  0      0 1236208  60652 556416    0    0     0  1132 82376 35367 25 49 26  1  0 2026-10-01 09:50:25
 4  0      0 1225216  60676 558468    0    0     0  1112 85162 31663 28 48 24  1  0 2026-10-01 09:50:26
 4  0      0 1218932  60700 560340    0    0     0  1064 82997 34957 24 49 27  0  0 2026-10-01 09:50:27
procs -----------memory---------- ---swap-- -----io---- -system-- ------cpu----- -----timestamp-----
 r  b   swpd   free   buff  cache   si   so    bi    bo   in   cs us sy id wa st                 UTC
 6  0      0 1209444  60708 561736    0    0     0  1008 84661 33887 25 47 27  1  1 2026-10-01 09:50:28
 3  0      0 1194536  60724 563636    0    0     0   996 90898 32063 24 55 21  1  0 2026-10-01 09:50:29
 4  0      0 1185120  60732 565020    0    0     0   952 92312 32973 22 55 23  0  0 2026-10-01 09:50:30
10  0      0 1174016  60736 567028    0    0     0   952 90427 30965 22 55 23  0  0 2026-10-01 09:50:31
 6  0      0 1163172  60744 568420    0    0     0   924 92861 28577 29 55 15  1  0 2026-10-01 09:50:32
 6  0      0 1152980  60744 570408    0    0     0   900 93306 32565 26 50 24  0  0 2026-10-01 09:50:33
 3  0      0 1151572  60756 571676    0    0     0  4180 91234 31653 25 56 20  0  0 2026-10-01 09:50:34
 9  0      0 1138328  60764 574024    0    0     0   880 94495 26804 25 60 14  0  0 2026-10-01 09:50:35
 6  0      0 1135984  60772 574760    0    0     0   856 92910 29619 29 53 18  0  0 2026-10-01 09:50:36
 4  0      0 1130932  60772 576352    0    0     0   800 94013 28346 24 58 18  1  0 2026-10-01 09:50:37
 9  0      0 1115340  60788 578220    0    0     0  1012 96234 24364 25 62 13  0  0 2026-10-01 09:50:38
 8  0      0 1113648  60792 580064    0    0     0  1036 94164 28490 25 59 16  0  0 2026-10-01 09:50:39
 4  0      0 1108344  60796 581876    0    0     0   988 93817 27244 22 61 16  0  0 2026-10-01 09:50:40
 5  0      0 1099044  60812 582660    0    0     0   940 95267 28953 26 57 17  0  0 2026-10-01 09:50:41
 4  0      0 1096292  60812 583708    0    0     0   956 95748 26437 21 62 16  1  0 2026-10-01 09:50:42
 3  0      0 1091180  60820 585848    0    0     0   892 97254 26676 25 60 15  0  1 2026-10-01 09:50:43
 4  0      0 1083304  60824 587216    0    0     0   868 95237 24933 27 60 12  0  0 2026-10-01 09:50:44
 8  0      0 1071044  60832 588656    0    0     0   764 95189 23781 25 60 15  0  0 2026-10-01 09:50:45
 4  0      0 1068504  60836 589604    0    0     0   844 94653 21515 24 67  9  0  0 2026-10-01 09:50:46
 2  0      0 1062928  60836 592512    0    0     0   800 93833 26831 24 56 20  0  0 2026-10-01 09:50:47
 2  0      0 1026072  60844 592892    0    0     0   764 95865 15742 20 73  8  0  0 2026-10-01 09:50:48
procs -----------memory---------- ---swap-- -----io---- -system-- ------cpu----- -----timestamp-----
 r  b   swpd   free   buff  cache   si   so    bi    bo   in   cs us sy id wa st                 UTC
 3  0      0 1022960  60844 595668    0    0     0   668 93468 26787 25 61 14  0  0 2026-10-01 09:50:49
 3  0      0 1019760  60848 596436    0    0     0   612 91639 22687 23 61 16  0  0 2026-10-01 09:50:50
 6  0      0 1013240  60852 596664    0    0     0   592 91929 24272 25 61 14  1  0 2026-10-01 09:50:51
 2  0      0 1006828  60864 598704    0    0     0   536 95980 19136 24 70  7  0  0 2026-10-01 09:50:52
 3  0      0 1005184  60868 599592    0    0     0   512 91655 21915 20 60 20  0  0 2026-10-01 09:50:53
 5  0      0 996892  60872 602116    0    0     0   496 94124 19787 18 65 17  0  0 2026-10-01 09:50:54
 2  0      0 996892  60880 602184    0    0     0   448 91990 19735 21 67 12  0  0 2026-10-01 09:50:55
 0  0      0 994816  60892 603148    0    0     0   468 92908 23373 17 63 20  0  0 2026-10-01 09:50:56
 3  0      0 992644  60900 605280    0    0     0   420 91494 22484 15 63 22  1  0 2026-10-01 09:50:57
 2  0      0 981760  60904 606348    0    0     0   416 96845 18946 24 66  9  0  0 2026-10-01 09:50:58
 2  0      0 979860  60912 607800    0    0     0   424 94440 19725 18 70 11  0  0 2026-10-01 09:50:59
 2  0      0 978648  60924 608844    0    0     0   440 93383 20391 19 66 15  0  0 2026-10-01 09:51:00
 2  0      0 969096  60928 609784    0    0     0   464 96428 19181 25 63 11  0  0 2026-10-01 09:51:01
 2  0      0 966108  60936 610556    0    0     0   456 94658 20972 22 62 16  1  0 2026-10-01 09:51:02
 2  0      0 962700  60948 611340    0    0     0   500 96284 25024 19 63 17  1  0 2026-10-01 09:51:03
 3  0      0 947812  60960 612560    0    0     0   496 89360 9690 19 76  4  0  0 2026-10-01 09:51:04
 2  0      0 970244  60960 613336    0    0     0   440 95455 22421 18 63 19  0  0 2026-10-01 09:51:05
 0  0      0 965320  60964 614560    0    0     0   424 85798 15826 12 77 11  1  0 2026-10-01 09:51:06
 3  0      0 959420  60972 615684    0    0     0   444 93998 26107 15 62 23  0  0 2026-10-01 09:51:07
 2  0      0 908196  60988 617136    0    0     0   340 90367 7048 23 75  3  0  0 2026-10-01 09:51:08
 2  0      0 937684  60992 618444    0    0     0   452 94277 23839 17 62 21  0  0 2026-10-01 09:51:09
procs -----------memory---------- ---swap-- -----io---- -system-- ------cpu----- -----timestamp-----
 r  b   swpd   free   buff  cache   si   so    bi    bo   in   cs us sy id wa st                 UTC
 3  0      0 928052  61000 620656    0    0     0   520 88680 13109 19 74  6  0  0 2026-10-01 09:51:10
 4  0      0 896760  61020 621676    0    0     0   460 90232 17868 23 61 16  0  0 2026-10-01 09:51:11
 3  0      0 942872  61028 621996    0    0     0   448 83932 7596 14 80  6  0  0 2026-10-01 09:51:12
 3  0      0 929296  61028 623064    0    0     0   512 92035 23839 14 64 21  0  0 2026-10-01 09:51:13
 5  0      0 906592  61028 624716    0    0     0   460 85218 5595 23 76  1  0  0 2026-10-01 09:51:14
 1  0      0 886256  61032 623996    0    0     0   440 79128 8991 18 72 10  0  0 2026-10-01 09:51:15
 3  0      0 970424  61032 608568    0    0     0   504 47633 1188  6 39 55  0  0 2026-10-01 09:51:16
 3  0      0 1307484  61036 537024    0    0     0   580 34908 2593 23 38 39  1  0 2026-10-01 09:51:17
