procs -----------memory---------- ---swap-- -----io---- -system-- ------cpu----- -----timestamp-----
 r  b   swpd   free   buff  cache   si   so    bi    bo   in   cs us sy id wa st                 UTC
 1  0      0 192932  76956 1184560    0    0    64   759 1252 1609 13  3 83  0  0 2026-10-01 09:50:07
 0  1      0 208732  76984 1146784    0    0  6024  9084 1784 3443  0  3 82 15  0 2026-10-01 09:50:08
 0  1      0 506672  77008 1023384    0    0 15940 29944 8108 9960  2  9 45 44  0 2026-10-01 09:50:09
 0  1      0 659996  77012 904344    0    0 16900 26972 4795 9481  2  4 49 45  0 2026-10-01 09:50:10
 3  1      0 792300  77092 784768    0    0  9840 34024 5047 10149 31  5 30 34  0 2026-10-01 09:50:11
 0  0      0 1156060  77132 787292    0    0     0 14748 4342 7367 17  4 62 17  0 2026-10-01 09:50:12
 0  0      0 1222660  77132 787292    0    0     0     0  121  161  1  1 99  0  0 2026-10-01 09:50:13
 0  0      0 1322680  77132 787292    0    0     0     0  108  147  0  1 99  0  0 2026-10-01 09:50:14
 0  0      0 1437876  77144 791780    0    0     0  2588 9665 6234 21  5 63 10  0 2026-10-01 09:50:15
 9  0      0 1446812  77156 797960    0    0     0  3472 11273 11351 32  5 52 12  0 2026-10-01 09:50:16
 5  1      0 1459224  77172 806848    0    0     0  3404 20648 19274 53  9 29  9  0 2026-10-01 09:50:17
 3  1      0 1442812  77192 817068    0    0     0  3792 21228 19064 62 13 18  8  0 2026-10-01 09:50:18
 2  1      0 1393168  77208 827376    0    0     0  1812 24063 20172 66 15 16  3  0 2026-10-01 09:50:19
 6  0      0 1319356  77244 839040    0    0     0  3000 23036 13311 77 11  6  6  0 2026-10-01 09:50:20
 3  0      0 1237560  77256 851328    0    0     0  2392 24904 12041 83 12  3  2  0 2026-10-01 09:50:21
 7  0      0 1162712  77264 862756    0    0     0  1964 25337 10687 73 16  6  6  0 2026-10-01 09:50:22
 3  0      0 1078580  77268 874400    0    0     0  1836 27201 8910 83 13  1  4  1 2026-10-01 09:50:23
 8  0      0 992348  77272 886344    0    0     0  1436 28104 4960 80 16  0  4  0 2026-10-01 09:50:24
 4  0      0 899144  77280 899156    0    0     0  1968 31501 7118 79 17  1  3  0 2026-10-01 09:50:25
 9  0      0 812540  77292 909916    0    0     0  1376 28812 1819 82 15  0  3  0 2026-10-01 09:50:26
 4  0      0 695624  77300 920764    0    0     0  1616 32359 7192 81 16  1  2  0 2026-10-01 09:50:27
procs -----------memory---------- ---swap-- -----io---- -system-- ------cpu----- -----timestamp-----
 r  b   swpd   free   buff  cache   si   so    bi    bo   in   cs us sy id wa st                 UTC
11  0      0 649672  77304 930572    0    0     0  1732 33476 6663 84 14  0  2  0 2026-10-01 09:50:28
 3  0      0 636076  77308 941004    0    0     0 79976 38116 11513 81 15  0  3  0 2026-10-01 09:50:29
 7  0      0 616948  77328 952844    0    0     0  1768 36668 3403 81 14  0  5  0 2026-10-01 09:50:30
 3  0      0 603532  77340 963808    0    0     0  1324 36051 1589 83 14  0  3  0 2026-10-01 09:50:31
 3  0      0 587892  77356 974284    0    0     0  1176 34971 2650 82 16  0  2  0 2026-10-01 09:50:32
 3  0      0 574252  77364 984556    0    0     0   860 35119 1951 85 13  0  2  0 2026-10-01 09:50:33
 4  0      0 568584  77380 994228    0    0     0 97504 40465 3390 81 16  0  4  0 2026-10-01 09:50:34
 5  0      0 604728  77404 1005500    0    0     0  1300 40650 1187 77 20  1  3  0 2026-10-01 09:50:35
 3  0      0 634412  77408 1015888    0    0     0   312 42234  918 85 14  0  0  0 2026-10-01 09:50:36
 0  3      0 662920  77408 1026644    0    0     0  1512 41586 2022 77 19  0  4  0 2026-10-01 09:50:37
 4  0      0 727108  77416 1035872    0    0     0  1148 41860 1358 80 17  1  3  0 2026-10-01 09:50:38
 3  0      0 719068  77416 1048248    0    0     0  1160 47097 3312 77 21  0  2  0 2026-10-01 09:50:39
 2  0      0 752156  77416 1058352    0    0     0  1316 39694 6754 84 12  0  3  0 2026-10-01 09:50:40
 2  0      0 772704  77416 1065500    0    0     0   316 39731  812 81 19  0  1  0 2026-10-01 09:50:41
 2  0      0 762088  77416 1075684    0    0     0  1620 43468 4261 78 18  0  4  0 2026-10-01 09:50:42
 2  0      0 750772  77416 1085436    0    0     0   620 42752 3152 84 15  0  1  0 2026-10-01 09:50:43
 2  0      0 737680  77416 1095808    0    0     0  1408 47542 3918 79 19  0  2  0 2026-10-01 09:50:44
 2  0      0 726196  77420 1105112    0    0     0   312 39968  663 85 14  0  0  0 2026-10-01 09:50:45
 2  0      0 706608  77420 1115288    0    0     0   656 51514 1814 77 22  0  2  0 2026-10-01 09:50:46
 2  0      0 693588  77420 1127768    0    0     0  1248 43523 1750 78 19  0  3  0 2026-10-01 09:50:47
 3  0      0 678996  77420 1132644    0    0     0     0 41413  603 85 15  0  0  0 2026-10-01 09:50:48
procs -----------memory---------- ---swap-- -----io---- -system-- ------cpu----- -----timestamp-----
 r  b   swpd   free   buff  cache   si   so    bi    bo   in   cs us sy id wa st                 UTC
 2  0      0 664396  77420 1145836    0    0     0 66172 47957 1738 78 21  1  2  0 2026-10-01 09:50:49
 2  0      0 653848  77420 1154884    0    0     0   848 45988  719 82 18  0  0  0 2026-10-01 09:50:50
 2  0      0 613780  77420 1160012    0    0     0   312 36226  673 85 15  0  1  0 2026-10-01 09:50:51
 2  0      0 632360  77424 1172084    0    0     0  1048 54051  955 78 21  0  1  0 2026-10-01 09:50:52
 3  0      0 605396  77428 1180520    0    0     0  1188 44726 1427 78 20  0  2  0 2026-10-01 09:50:53
 3  0      0 592052  77428 1188512    0    0     0 131560 49635 2395 77 23  0  0  0 2026-10-01 09:50:54
 2  0      0 579764  77428 1197496    0    0     0   452 48151  744 78 21  0  0  0 2026-10-01 09:50:55
 2  0      0 566684  77428 1207816    0    0     0   968 48153  835 82 18  0  1  0 2026-10-01 09:50:56
 2  0      0 553188  77428 1216288    0    0     0     0 53867  727 78 22  0  0  0 2026-10-01 09:50:57
 2  0      0 541648  77432 1225616    0    0     0   520 50810  690 78 22  0  1  0 2026-10-01 09:50:58
 2  0      0 491512  77432 1234208    0    0     0   256 49410  710 79 21  0  0  0 2026-10-01 09:50:59
 2  0      0 388708  77436 1242640    0    0     0   584 53824  846 72 27  0  1  0 2026-10-01 09:51:00
 2  0      0 298000  77436 1251688    0    0     0     0 49348  716 77 23  0  0  0 2026-10-01 09:51:01
 2  0      0 205332  77440 1256096    0    0     0   652 42231  828 81 19  0  1  0 2026-10-01 09:51:02
 2  0      0 184484  77440 1263236    0    0     0     0 52029  723 77 23  0  0  0 2026-10-01 09:51:03
 1  1      0 172892  77444 1273748    0    0     0  1132 53158 1653 78 21  0  2  0 2026-10-01 09:51:04
 2  0      0 162892  77444 1280736    0    0     0    16 51673  742 78 23  0  0  0 2026-10-01 09:51:05
 2  0      0 154072  77444 1288912    0    0     0     0 60978 4516 73 23  3  0  0 2026-10-01 09:51:06
 2  0      0 147784  77444 1295088    0    0     0   200 41463  625 86 14  0  0  0 2026-10-01 09:51:07
 2  0      0 138052  77504 1303884    0    0     0 16052 62663 7318 66 26  8  0  0 2026-10-01 09:51:08
 3  0      0 128992  77504 1311064    0    0     0   676 52203  747 83 17  0  0  0 2026-10-01 09:51:09
procs -----------memory---------- ---swap-- -----io---- -system-- ------cpu----- -----timestamp-----
 r  b   swpd   free   buff  cache   si   so    bi    bo   in   cs us sy id wa st                 UTC
 2  0      0 120712  77604 1318596    0    0     0 128128 54211 2237 79 22  0  0  0 2026-10-01 09:51:10
 2  0      0 111428  77604 1327180    0    0     0  1852 49130  650 76 24  0  0  0 2026-10-01 09:51:11
 2  0      0 102864  77604 1334992    0    0     0   688 66422 15249 59 27 13  0  0 2026-10-01 09:51:12
 2  0      0 104832  77400 1324652    0    0     0     0 46182  656 81 19  0  0  0 2026-10-01 09:51:13
 2  0      0 107032  77396 1220692    0    0    20     0 56565  795 75 25  0  1  0 2026-10-01 09:51:14
 2  0      0 105064  76900 1152224    0    0   180 44312 49080 7000 78 22  0  0  0 2026-10-01 09:51:15
 0  0      0 129044  76604 1130640    0    0   184     0 52046 12474 37 24 39  0  0 2026-10-01 09:51:16
 0  0      0 204556  76604 1111312    0    0     0   424 50582 33585 10 19 71  0  0 2026-10-01 09:51:17
 0  0      0 204556  76604 1111312    0    0     0     0   32   35  0  0 100  0  0 2026-10-01 09:51:18
 0  0      0 204556  76604 1111316    0    0     0     0   43   65  0  0 100  0  0 2026-10-01 09:51:19
