procs -----------memory---------- ---swap-- -----io---- -system-- ------cpu----- -----timestamp-----
 r  b   swpd   free   buff  cache   si   so    bi    bo   in   cs us sy id wa st                 UTC
 1  0      0 240124  72256 1044236    0    0   353  2736 10108 1526 37  9 52  2  0 2026-10-01 10:06:32
 0  1      0 247924  72428 986932    0    0  1768 17708 2231 4584  1  2 78 20  0 2026-10-01 10:06:33
 0  1      0 385508  72716 865904    0    0  6884 39544 6131 10290  1  7 46 45  0 2026-10-01 10:06:34
 0  1      0 493260  73008 739372    0    0  6056 38172 4836 10044  1  5 49 45  0 2026-10-01 10:06:35
 3  1      0 700620  73368 584244    0    0  6792 44556 5384 11222  9  4 44 43  0 2026-10-01 10:06:36
 0  0      0 688656  73740 587512    0    0     0 21480 5202 10229 40  4 36 21  0 2026-10-01 10:06:37
 0  0      0 688656  73740 587512    0    0     0     8   47   38  0  0 100  0  0 2026-10-01 10:06:38
 0  0      0 688656  73740 587512    0    0     0     0   69   67  0  0 100  0  0 2026-10-01 10:06:39
 2  0      0 686068  73800 589452    0    0     0  1108 3587 3843 11  3 82  4  0 2026-10-01 10:06:40
 0  2      0 795524  74028 597204    0    0     0  4304 12977 9579 43  6 33 18  0 2026-10-01 10:06:41
 7  0      0 802852  74200 604728    0    0     0  3156 15475 15418 44  7 40  9  0 2026-10-01 10:06:42
 0  1      0 901200  74332 613472    0    0     0  2916 23740 18357 58  9 27  7  0 2026-10-01 10:06:43
 0  0      0 918668  74496 624992    0    0     0  3620 22873 17690 72  9 13  6  0 2026-10-01 10:06:44
 7  0      0 1038488  74592 636088    0    0     0  2332 27646 17479 75 12 10  3  0 2026-10-01 10:06:45
 8  0      0 1034716  74628 646272    0    0     0  1308 26056 19424 70 13 15  2  0 2026-10-01 10:06:46
 3  0      0 1170224  74720 658964    0    0     0  1928 27713 6701 80 15  1  5  0 2026-10-01 10:06:47
 3  0      0 1255880  74792 669612    0    0     0  2008 25333 7049 76 14  6  5  0 2026-10-01 10:06:48
 3  0      0 1301244  74872 681440    0    0     0  1484 28595 5424 85 11  0  4  0 2026-10-01 10:06:49
 3  0      0 1291412  74968 693820    0    0     0  2464 29532 5618 82 13  0  5  0 2026-10-01 10:06:50
 4  0      0 1359480  75004 705204    0    0     0  1348 32478 2331 83 14  1  4  0 2026-10-01 10:06:51
 5  0      0 1443956  75040 717172    0    0     0  1100 35915 1942 81 16  0  2  0 2026-10-01 10:06:52
procs -----------memory---------- ---swap-- -----io---- -system-- ------cpu----- -----timestamp-----
 r  b   swpd   free   buff  cache   si   so    bi    bo   in   cs us sy id wa st                 UTC
 5  0      0 1512204  75108 726804    0    0     0  2048 32541 3079 80 15  0  5  0 2026-10-01 10:06:53
 3  0      0 1541388  75160 736976    0    0     0  1216 36265 3704 79 19  0  2  0 2026-10-01 10:06:54
 3  0      0 1536932  75220 748528    0    0     0  1608 35343 2778 84 13  0  3  0 2026-10-01 10:06:55
 3  0      0 1535108  75240 759776    0    0     0   768 34351  777 82 15  1  2  0 2026-10-01 10:06:56
 9  0      0 1529744  75276 770384    0    0     0   824 39237 6486 84 14  0  2  0 2026-10-01 10:06:57
 9  0      0 1517784  75320 781120    0    0     0  1572 38383 8922 79 17  0  3  0 2026-10-01 10:06:58
 3  0      0 1502984  75324 789188    0    0     0   776 34509 1858 85 13  0  2  0 2026-10-01 10:06:59
 3  0      0 1490436  75348 799644    0    0     0  1532 37841 2929 79 17  0  4  0 2026-10-01 10:07:00
 4  0      0 1477736  75364 810196    0    0     0   492 41976 1794 82 16  0  1  0 2026-10-01 10:07:01
 3  0      0 1459884  75412 821324    0    0     0 63512 41493 2839 81 18  0  1  0 2026-10-01 10:07:02
 3  0      0 1448832  75440 832100    0    0     0  1024 40664  883 82 17  0  1  0 2026-10-01 10:07:03
 3  0      0 1438248  75468 842196    0    0     0   956 40488  857 81 18  0  1  0 2026-10-01 10:07:04
 2  0      0 1371984  75496 852516    0    0     0   744 41906  796 81 18  1  1  0 2026-10-01 10:07:05
 4  0      0 1268812  75520 861860    0    0     4 145524 43457 2253 77 22  0  1  0 2026-10-01 10:07:06
 2  0      0 1202772  75560 868316    0    0     0 47856 38246 2241 78 19  0  3  0 2026-10-01 10:07:07
 2  0      0 1185144  75580 879376    0    0     0  1292 44643  830 80 19  0  1  0 2026-10-01 10:07:08
 2  0      0 1168144  75600 888920    0    0     0  1024 39299  748 85 14  0  1  0 2026-10-01 10:07:09
 2  0      0 1152168  75640 899720    0    0     0  1336 48110  935 80 19  0  2  0 2026-10-01 10:07:10
 2  0      0 1138824  75648 910032    0    0     0   324 43638  672 83 17  1  0  0 2026-10-01 10:07:11
 2  0      0 1128504  75660 919400    0    0     0  1112 47543  881 79 21  0  1  0 2026-10-01 10:07:12
 2  0      0 1139360  75680 929776    0    0     0   920 43747  878 80 19  0  1  0 2026-10-01 10:07:13
procs -----------memory---------- ---swap-- -----io---- -system-- ------cpu----- -----timestamp-----
 r  b   swpd   free   buff  cache   si   so    bi    bo   in   cs us sy id wa st                 UTC
 2  0      0 1046468  75688 937388    0    0     0   332 42219  637 83 17  0  0  0 2026-10-01 10:07:14
 2  0      0 935924  75736 948424    0    0     0  1060 52276  898 74 25  0  1  0 2026-10-01 10:07:15
 2  0      0 834828  75744 955024    0    0     0   280 34389  614 84 16  0  0  0 2026-10-01 10:07:16
 2  0      0 812256  75768 961820    0    0     0  1092 49055  811 78 21  0  1  0 2026-10-01 10:07:17
 2  0      0 790512  75780 972908    0    0     0  1164 44662  883 81 18  0  1  0 2026-10-01 10:07:18
 2  0      0 799684  75800 981612    0    0     0   948 49947  935 81 18  0  1  0 2026-10-01 10:07:19
 2  0      0 781820  75800 988772    0    0     0    12 43767  588 84 16  0  0  0 2026-10-01 10:07:20
 2  0      0 756576  75804 1000300    0    0     0   612 54051  764 80 20  0  1  0 2026-10-01 10:07:21
 2  0      0 776056  75804 1008992    0    0     0     0 49904 6257 72 18 10  0  0 2026-10-01 10:07:22
 2  0      0 760384  75804 1015524    0    0     0     0 43653  647 85 15  0  0  0 2026-10-01 10:07:23
 2  0      0 745680  75804 1021548    0    0     0 69964 44662 1331 80 20  0  0  0 2026-10-01 10:07:24
 2  0      0 674116  75828 1032992    0    0     0   716 58814  864 72 28  0  1  0 2026-10-01 10:07:25
 2  0      0 574788  75840 1041604    0    0     0   688 47745  733 73 27  0  0  0 2026-10-01 10:07:26
 3  0      0 470908  75844 1049080    0    0     0   344 56647  835 75 25  0  0  0 2026-10-01 10:07:27
 2  0      0 382008  75844 1054556    0    0     0 116400 43203 2214 75 25  0  0  0 2026-10-01 10:07:28
 3  0      0 369320  75844 1060292    0    0     0     0 51585  637 82 18  1  0  0 2026-10-01 10:07:29
 2  0      0 351000  75844 1069840    0    0     0     0 47794  589 81 19  0  0  0 2026-10-01 10:07:30
 3  0      0 370112  75844 1078040    0    0     0     0 56503  707 80 21  0  0  0 2026-10-01 10:07:31
 2  0      0 352720  75860 1087628    0    0     0   956 52504  797 74 25  0  1  0 2026-10-01 10:07:32
 2  0      0 344500  75868 1093920    0    0     0   424 57497  764 77 23  0  0  0 2026-10-01 10:07:33
 2  0      0 332080  75868 1103004    0    0     0     0 53759  761 81 19  0  0  0 2026-10-01 10:07:34
procs -----------memory---------- ---swap-- -----io---- -system-- ------cpu----- -----timestamp-----
 r  b   swpd   free   buff  cache   si   so    bi    bo   in   cs us sy id wa st                 UTC
 3  0      0 326284  75868 1108212    0    0     0     0 61428 18361 56 20 24  0  0 2026-10-01 10:07:35
 2  0      0 318856  75868 1115116    0    0     0     0 41853  581 84 17  0  0  0 2026-10-01 10:07:36
 2  0      0 307796  75868 1122612    0    0     0   120 50586  783 77 22  0  0  0 2026-10-01 10:07:37
 2  0      0 292984  75872 1130264    0    0     0   256 56420  772 76 25  0  0  0 2026-10-01 10:07:38
 2  0      0 247624  75872 1138748    0    0     0     0 60606 4575 72 24  4  0  0 2026-10-01 10:07:39
 3  0      0 163756  75872 1145052    0    0   136     0 50678 1440 75 26  0  0  0 2026-10-01 10:07:40
 0  0      0 131104  75872 1148372    0    0   376  2248 30377 4156 34 13 52  0  0 2026-10-01 10:07:41
 1  0      0 130852  75872 1147332    0    0     0     0 24975 16119  6  9 86  0  0 2026-10-01 10:07:42
 0  0      0 272240  75872 1128792    0    0     0     0 59561 39457 11 22 68  0  0 2026-10-01 10:07:43
 0  0      0 272116  75872 1128796    0    0     0    12   65   69  1  0 100  0  0 2026-10-01 10:07:44
 0  0      0 272116  75872 1128796    0    0     0     0   45   54  0  0 100  0  0 2026-10-01 10:07:45
