procs -----------memory---------- ---swap-- -----io---- -system-- ------cpu----- -----timestamp-----
 r  b   swpd   free   buff  cache   si   so    bi    bo   in   cs us sy id wa st                 UTC
 1  0      0 168984  75496 1185912    0    0   333  2760 10250 1492 37  9 52  2  0 2026-10-01 10:06:32
 0  1      0 255584  75724 1065280    0    0     0 25112 2288 4899  2  3 77 17  0 2026-10-01 10:06:33
 0  1      0 484344  76108 839416    0    0   288 46160 4504 9540  1  7 49 43  0 2026-10-01 10:06:34
 2  2      0 713416  76440 648496    0    0   160 43020 5497 11349 35  6 27 31  0 2026-10-01 10:06:35
 0  0      0 711908  76584 649920    0    0     0 11188 2591 5374 12  2 73 12  0 2026-10-01 10:06:36
 0  0      0 711180  76588 650116    0    0     0   780  625  777  0  1 98  1  0 2026-10-01 10:06:37
 0  0      0 711240  76588 650220    0    0     0     0   44   50  0  0 100  0  0 2026-10-01 10:06:38
 0  0      0 711240  76588 650220    0    0     0     0   39   47  0  1 100  0  0 2026-10-01 10:06:39
 3  0      0 743020  76648 652360    0    0     0  1268 4166 4419 13  1 82  4  0 2026-10-01 10:06:40
 2  0      0 735092  76824 658820    0    0     0  3200 9480 8301 30  4 53 14  0 2026-10-01 10:06:41
12  0      0 724940  76980 665872    0    0     0  3236 13229 11644 36  7 45 12  0 2026-10-01 10:06:42
 0  0      0 715532  77080 673984    0    0     0  2704 16910 15169 48  7 37  9  0 2026-10-01 10:06:43
 7  0      0 706148  77132 681812    0    0     0  1424 17972 14400 49  7 39  5  0 2026-10-01 10:06:44
 4  0      0 694496  77260 691680    0    0     0  2424 21873 16935 64  9 22  6  0 2026-10-01 10:06:45
 7  0      0 679944  77440 703472    0    0     0  3124 25949 20195 75 11  9  5  0 2026-10-01 10:06:46
 9  0      0 665844  77540 715164    0    0     0  2316 26456 16201 79 13  5  4  0 2026-10-01 10:06:47
 9  0      0 651476  77568 727116    0    0     0  1308 26182 10699 80 10  6  4  0 2026-10-01 10:06:48
 3  0      0 637372  77616 739096    0    0     0  1720 26863 9031 80 13  3  3  0 2026-10-01 10:06:49
 9  0      0 616912  77632 751320    0    0     0  1180 27604 5967 83 13  1  3  0 2026-10-01 10:06:50
 3  0      0 529660  77680 762040    0    0     0  1796 29461 11883 82 14  1  4  1 2026-10-01 10:06:51
 4  0      0 431936  77752 772840    0    0     0 65652 29676 3423 82 13  1  4  0 2026-10-01 10:06:52
procs -----------memory---------- ---swap-- -----io---- -system-- ------cpu----- -----timestamp-----
 r  b   swpd   free   buff  cache   si   so    bi    bo   in   cs us sy id wa st                 UTC
 3  0      0 416644  77772 783728    0    0     0   876 30416  819 86 13  0  1  0 2026-10-01 10:06:53
 5  0      0 400684  77820 795952    0    0     0  1992 33159 1154 83 14  0  3  0 2026-10-01 10:06:54
 3  0      0 385112  77912 808052    0    0     0  2884 35628 1389 81 15  0  3  0 2026-10-01 10:06:55
 4  0      0 373572  77940 818704    0    0     0  1288 34267 1523 83 13  0  3  0 2026-10-01 10:06:56
 4  0      0 359976  77980 829144    0    0     0 80400 34987 3054 83 13  1  4  0 2026-10-01 10:06:57
 4  0      0 343452  78004 841648    0    0     0  1104 39328  799 84 15  0  2  0 2026-10-01 10:06:58
 4  0      0 330120  78040 852144    0    0     0  1240 37291  930 81 17  1  2  0 2026-10-01 10:06:59
 4  0      0 312772  78088 864504    0    0     0  1632 40055 1479 80 16  1  2  0 2026-10-01 10:07:00
 5  0      0 298948  78088 869264    0    0     0    96 24618  525 91  9  0  0  0 2026-10-01 10:07:01
 3  0      0 279808  78140 881824    0    0     0  2312 43878 1271 77 19  0  3  0 2026-10-01 10:07:02
 3  0      0 267388  78140 891584    0    0     0   516 38649  665 85 14  0  1  0 2026-10-01 10:07:03
 3  0      0 265644  78160 902896    0    0     0 31376 51447 1213 78 21  1  1  0 2026-10-01 10:07:04
 3  0      0 248336  78176 912736    0    0     0  1184 44258  823 82 18  0  1  0 2026-10-01 10:07:05
 2  0      0 232908  78208 923364    0    0     0   804 37733  746 83 16  0  1  0 2026-10-01 10:07:06
 3  0      0 215740  78232 932256    0    0     0 82580 47609 1924 77 22  0  1  0 2026-10-01 10:07:07
 4  0      0 202088  78268 944004    0    0     0  1524 40984  899 79 19  0  1  0 2026-10-01 10:07:08
 2  0      0 219500  78268 949900    0    0     0     0 36662  769 87 14  0  0  0 2026-10-01 10:07:09
 2  0      0 338172  78312 961440    0    0     0  1696 56919 1073 75 23  0  2  0 2026-10-01 10:07:10
 2  0      0 315972  78340 970080    0    0     0   852 38024  729 85 13  0  1  0 2026-10-01 10:07:11
 2  0      0 412620  78344 979152    0    0     0 19344 53157  984 77 23  0  0  0 2026-10-01 10:07:12
 2  0      0 439804  78360 990492    0    0     0  1464 47909  937 79 19  0  1  0 2026-10-01 10:07:13
procs -----------memory---------- ---swap-- -----io---- -system-- ------cpu----- -----timestamp-----
 r  b   swpd   free   buff  cache   si   so    bi    bo   in   cs us sy id wa st                 UTC
 2  0      0 434336  78368 999376    0    0     0   328 48075  645 81 18  0  0  0 2026-10-01 10:07:14
 2  0      0 489920  78396 1010232    0    0     0  1276 53439  963 77 22  0  1  0 2026-10-01 10:07:15
 2  0      0 467612  78396 1019020    0    0     0     0 42577  613 83 17  0  0  0 2026-10-01 10:07:16
 2  0      0 455584  78404 1028480    0    0     0   720 50991  767 79 20  0  1  0 2026-10-01 10:07:17
 2  0      0 442280  78412 1038228    0    0     0   964 48654  837 81 18  0  1  0 2026-10-01 10:07:18
 2  0      0 421320  78412 1043372    0    0     0     0 37765  581 87 13  0  0  0 2026-10-01 10:07:19
 2  0      0 409796  78412 1051756    0    0     0     0 53620  724 81 18  0  0  0 2026-10-01 10:07:20
 2  1      0 396956  78484 1063124    0    0     0 16728 48503 1000 80 19  0  1  0 2026-10-01 10:07:21
 2  0      0 384884  78532 1069868    0    0     0 46996 52463 2994 76 23  0  1  0 2026-10-01 10:07:22
 2  0      0 373784  78532 1078764    0    0     0   372 50655  792 77 22  0  1  0 2026-10-01 10:07:23
 2  0      0 364232  78532 1088540    0    0     0     0 52044  584 84 16  0  0  0 2026-10-01 10:07:24
 2  0      0 354428  78532 1095876    0    0     0     0 50676  669 82 18  0  0  0 2026-10-01 10:07:25
 3  0      0 343340  78548 1106504    0    0     0   780 55215 1164 75 23  0  1  0 2026-10-01 10:07:26
 2  0      0 336536  78588 1112952    0    0     0 96668 58133 9658 64 25 11  0  0 2026-10-01 10:07:27
 2  0      0 325612  78588 1120684    0    0     0    36 51307  680 79 21  0  0  0 2026-10-01 10:07:28
 2  0      0 318820  78588 1127664    0    0     0     8 46697  650 83 17  0  0  0 2026-10-01 10:07:29
 2  0      0 265924  78588 1137708    0    0     0     0 56152  698 77 24  0  0  0 2026-10-01 10:07:30
 2  0      0 182272  78592 1141676    0    0     0   292 45338  658 79 21  0  0  0 2026-10-01 10:07:31
 2  0      0 155616  78592 1148136    0    0     0     0 52242  706 75 24  0  0  0 2026-10-01 10:07:32
 3  0      0 180292  78608 1156012    0    0     0   740 57633 7577 65 22 11  2  0 2026-10-01 10:07:33
 2  0      0 162352  78608 1164852    0    0     0     0 48044  589 84 17  0  0  0 2026-10-01 10:07:34
procs -----------memory---------- ---swap-- -----io---- -system-- ------cpu----- -----timestamp-----
 r  b   swpd   free   buff  cache   si   so    bi    bo   in   cs us sy id wa st                 UTC
 2  0      0 150232  78608 1171796    0    0     0    12 59695  819 75 26  0  0  0 2026-10-01 10:07:35
 2  0      0 139068  78608 1178816    0    0     0     0 43154  620 87 13  0  0  0 2026-10-01 10:07:36
 2  0      0 124004  78612 1188544    0    0     0   380 63234  971 71 28  0  0  0 2026-10-01 10:07:37
 2  0      0 116528  78612 1195128    0    0     0     0 53855  689 80 20  1  0  0 2026-10-01 10:07:38
 3  0      0 108488  78612 1202548    0    0     0     0 61463  689 75 26  0  0  0 2026-10-01 10:07:39
 2  0      0 141288  78612 1208324    0    0    80     0 63559 13033 62 26 12  0  0 2026-10-01 10:07:40
 0  0      0 141952  78612 1208244    0    0     0     8 17886 12133  3  7 91  0  0 2026-10-01 10:07:41
 1  0      0 143916  78612 1207496    0    0     0   248 25088 16281  7 10 83  0  0 2026-10-01 10:07:42
 0  0      0 240024  78612 1188064    0    0     0     0 65649 41918 16 24 60  0  0 2026-10-01 10:07:43
 0  0      0 240024  78612 1188064    0    0     0     0   31   45  0  0 100  0  0 2026-10-01 10:07:44
