procs -----------memory---------- ---swap-- -----io---- -system-- ------cpu----- -----timestamp-----
 r  b   swpd   free   buff  cache   si   so    bi    bo   in   cs us sy id wa st                 UTC
 1  0      0 1092024  62236 761448    0    0   401   500 20786 6586 12 28 59  1  0 2026-10-01 10:06:32
 1  0      0 1099584  62860 759976    0    0     0 19000 4740 8014 35  8 49  8  1 2026-10-01 10:06:33
 0  0      0 1135360  63460 761712    0    0     0 12704 2780 5227 23  1 67  9  0 2026-10-01 10:06:34
 0  0      0 1135360  63468 761712    0    0     0    64  310  500  0  1 99  0  0 2026-10-01 10:06:35
 0  0      0 1135360  63468 761712    0    0     0     0  255  423  0  0 100  0  0 2026-10-01 10:06:36
 0  0      0 1135360  63476 761712    0    0     0    20 1529 1657  1  0 98  0  0 2026-10-01 10:06:37
 0  0      0 1135360  63500 761716    0    0     0   632  416  658  0  0 99  1  0 2026-10-01 10:06:38
 0  0      0 1135360  63500 761716    0    0     0    40  380  616  0  0 100  0  0 2026-10-01 10:06:39
 0  0      0 1134664  63524 761716    0    0     0    92 13248 12068  6  8 86  1  0 2026-10-01 10:06:40
 0  0      0 1133288  63608 761748    0    0     0  1728 38005 36717 23 20 56  2  0 2026-10-01 10:06:41
 0  0      0 1127368  63648 763320    0    0     0   600 45747 39288 27 20 52  1  0 2026-10-01 10:06:42
 0  0      0 1120452  63700 765492    0    0     0   868 51601 40804 26 26 47  1  0 2026-10-01 10:06:43
 6  0      0 1107948  63756 768292    0    0     0  1204 58674 40352 30 28 41  1  0 2026-10-01 10:06:44
 0  0      0 1093732  63856 770968    0    0     0  2116 64914 41501 25 34 40  2  0 2026-10-01 10:06:45
 2  0      0 1079040  63968 773824    0    0     0  2184 68953 40630 27 37 35  2  0 2026-10-01 10:06:46
 4  0      0 1064336  64080 776604    0    0     0  3660 73319 39307 25 38 36  2  0 2026-10-01 10:06:47
 4  0      0 1049828  64168 779252    0    0     0  2236 75041 38615 27 40 31  2  0 2026-10-01 10:06:48
 1  0      0 1035108  64228 781756    0    0     0  2100 80323 35448 31 42 27  1  0 2026-10-01 10:06:49
 3  0      0 1026484  64260 784140    0    0     0  1916 82029 36997 23 46 30  1  0 2026-10-01 10:06:50
 4  0      0 1015060  64324 786184    0    0     0  1824 81666 34261 25 50 25  0  0 2026-10-01 10:06:51
 8  0      0 1010148  64396 788048    0    0     0  1772 79904 34113 25 46 27  1  1 2026-10-01 10:06:52
procs -----------memory---------- ---swap-- -----io---- -system-- ------cpu----- -----timestamp-----
 r  b   swpd   free   buff  cache   si   so    bi    bo   in   cs us sy id wa st                 UTC
 7  0      0 1004524  64432 789288    0    0     0  1524 86472 33634 28 50 22  1  0 2026-10-01 10:06:53
 5  0      0 995720  64472 791148    0    0     0  1476 87139 31466 28 52 20  1  0 2026-10-01 10:06:54
 5  0      0 988428  64536 792824    0    0     0  1484 90205 31716 28 53 19  0  0 2026-10-01 10:06:55
 7  0      0 981232  64584 795052    0    0     0  1392 88721 31787 24 52 23  1  0 2026-10-01 10:06:56
 9  0      0 971240  64616 796488    0    0     0  1388 90417 28896 28 55 17  0  0 2026-10-01 10:06:57
 6  0      0 963412  64656 799036    0    0     0  1328 89018 29852 27 51 21  0  0 2026-10-01 10:06:58
 5  0      0 957440  64688 800020    0    0     0  4528 96147 31515 23 60 16  0  0 2026-10-01 10:06:59
 3  0      0 949936  64744 802296    0    0     0  1272 91950 27829 24 57 18  0  0 2026-10-01 10:07:00
 7  0      0 946740  64788 803012    0    0     0  1124 93211 34107 29 50 21  0  0 2026-10-01 10:07:01
 9  0      0 939616  64808 804744    0    0     0  1136 94030 26128 27 61 13  0  0 2026-10-01 10:07:02
11  0      0 928140  64828 806308    0    0     0  1032 89386 25244 25 59 16  1  0 2026-10-01 10:07:03
 6  0      0 923004  64848 808012    0    0     0   948 93372 26662 29 55 15  0  0 2026-10-01 10:07:04
 5  0      0 917748  64856 808856    0    0     0   944 95223 27101 28 59 13  1  0 2026-10-01 10:07:05
 7  0      0 908844  64880 810976    0    0     0   896 91228 26720 29 59 13  0  0 2026-10-01 10:07:06
 3  0      0 904472  64880 811684    0    0     0   884 92160 25871 26 61 12  0  0 2026-10-01 10:07:07
 5  0      0 896616  64896 814384    0    0     0   844 95208 27167 25 58 16  1  0 2026-10-01 10:07:08
 5  0      0 884332  64916 815120    0    0     0   860 91633 28098 28 54 18  0  0 2026-10-01 10:07:09
 2  0      0 867384  64948 816484    0    0     0   800 93241 18908 27 66  6  0  0 2026-10-01 10:07:10
 2  0      0 862092  64952 818372    0    0     0   844 92714 27658 23 59 19  0  0 2026-10-01 10:07:11
 4  0      0 857612  64976 818816    0    0     0  1200 95564 24485 23 63 14  0  0 2026-10-01 10:07:12
 2  0      0 851168  65008 821020    0    0     0   800 95113 20666 26 62 12  0  0 2026-10-01 10:07:13
procs -----------memory---------- ---swap-- -----io---- -system-- ------cpu----- -----timestamp-----
 r  b   swpd   free   buff  cache   si   so    bi    bo   in   cs us sy id wa st                 UTC
 4  0      0 849476  65012 822896    0    0     0   880 97781 25857 25 64 11  0  0 2026-10-01 10:07:14
 1  0      0 848504  65020 823640    0    0     0   800 92249 21121 26 65  9  1  0 2026-10-01 10:07:15
 1  0      0 841784  65036 825784    0    0     0   784 91722 23382 29 58 13  0  0 2026-10-01 10:07:16
 3  0      0 839080  65044 826144    0    0     0   816 93413 22037 21 68 11  0  0 2026-10-01 10:07:17
 2  0      0 836748  65072 827336    0    0     0   760 95040 25847 17 65 18  1  0 2026-10-01 10:07:18
 4  0      0 822300  65076 829676    0    0     0   780 91706 21183 18 61 21  0  0 2026-10-01 10:07:19
 1  0      0 817548  65084 830040    0    0     0   680 90990 21927 19 65 16  0  0 2026-10-01 10:07:20
 1  0      0 816828  65096 830888    0    0     0   672 93751 21904 25 64 11  0  0 2026-10-01 10:07:21
 2  0      0 816348  65104 831780    0    0     0   640 90667 24183 17 59 25  0  0 2026-10-01 10:07:22
 2  0      0 788372  65124 833828    0    0     0   616 94172 18461 21 62 17  0  0 2026-10-01 10:07:23
 5  0      0 781020  65144 836400    0    0     0   596 95775 23916 19 62 19  0  0 2026-10-01 10:07:24
 4  0      0 779652  65156 836568    0    0     0   736 90759 16723 19 73  8  0  0 2026-10-01 10:07:25
 2  0      0 772800  65168 837308    0    0     0   840 93423 14579 27 69  5  0  0 2026-10-01 10:07:26
 3  0      0 772068  65172 838064    0    0     0   776 91056 21210 18 66 17  0  0 2026-10-01 10:07:27
 2  0      0 766760  65200 840084    0    0     0   696 92613 26294 14 58 27  0  0 2026-10-01 10:07:28
 4  0      0 764596  65212 841672    0    0     0   644 96940 21092 21 64 16  0  0 2026-10-01 10:07:29
 2  0      0 805684  65224 842924    0    0     0   580 92081 21018 19 66 16  0  0 2026-10-01 10:07:30
 3  0      0 804928  65232 842968    0    0     0   660 93741 22248 18 66 15  0  0 2026-10-01 10:07:31
 2  0      0 801172  65248 843632    0    0     0   644 91502 20198 18 69 13  0  0 2026-10-01 10:07:32
 0  0      0 771524  65260 844284    0    0     0   628 92648 8621 24 74  2  0  0 2026-10-01 10:07:33
 2  0      0 793364  65276 845808    0    0     0   656 95631 27419 16 61 23  1  0 2026-10-01 10:07:34
procs -----------memory---------- ---swap-- -----io---- -system-- ------cpu----- -----timestamp-----
 r  b   swpd   free   buff  cache   si   so    bi    bo   in   cs us sy id wa st                 UTC
 2  0      0 781328  65280 847216    0    0     0   592 86774 17492 13 72 16  0  0 2026-10-01 10:07:35
 0  0      0 747272  65296 849096    0    0     0   532 94506 20025 22 59 20  0  0 2026-10-01 10:07:36
 2  0      0 738868  65300 849416    0    0     0   628 85531 13421 17 73 10  0  0 2026-10-01 10:07:37
 2  0      0 728980  65308 850404    0    0     0   624 92007 20039 14 69 17  0  1 2026-10-01 10:07:38
 3  0      0 716524  65328 851700    0    0     0   656 88031 10330 17 79  4  0  0 2026-10-01 10:07:39
 2  0      0 710012  65340 852196    0    0     0   736 88238 5377 21 79  0  0  0 2026-10-01 10:07:40
 0  0      0 710012  65356 851972    0    0     0   632 35608 4961  3 12 84  2  0 2026-10-01 10:07:41
 2  0      0 718456  65380 843204    0    0     0   604 25047 1310  4 35 60  1  0 2026-10-01 10:07:42
 0  0      0 1129388  65404 763292    0    0     0   580 56714 2100 26 51 24  0  0 2026-10-01 10:07:43
