procs -----------memory---------- ---swap-- -----io---- -system-- ------cpu----- -----timestamp-----
 r  b   swpd   free   buff  cache   si   so    bi    bo   in   cs us sy id wa st                 UTC
 0  0      0 31141556  24948 475820    0    0     4     2  152  332 16  4 81  0  0 2026-10-01 10:06:32
 0  0      0 31126220  24956 475936    0    0     0    68 1752 1713  1  0 99  0  0 2026-10-01 10:06:33
 0  0      0 31125720  24956 475948    0    0     0     4   87  139  0  0 100  0  0 2026-10-01 10:06:34
 0  0      0 31125720  24956 475948    0    0     0     0   82  148  0  0 100  0  0 2026-10-01 10:06:35
 0  0      0 31125720  24956 475948    0    0     0     0   85  154  0  0 100  0  0 2026-10-01 10:06:36
 0  0      0 31125972  24956 475948    0    0     0   884 3476 2239  1  0 98  0  0 2026-10-01 10:06:37
 0  0      0 31125748  24956 475948    0    0     0     0  156  220  0  0 100  0  0 2026-10-01 10:06:38
 0  0      0 31125496  24964 475948    0    0     0    52   84  123  0  0 100  0  0 2026-10-01 10:06:39
 0  0      0 31106848  24964 475948    0    0     0     4 15211 14845  6  1 93  0  0 2026-10-01 10:06:40
 1  0      0 31029988  24964 475948    0    0     0     0 46580 53861 17  2 81  0  0 2026-10-01 10:06:41
13  0      0 30938848  24964 476012    0    0     0     0 50376 54621 20  2 78  0  0 2026-10-01 10:06:42
 0  0      0 30844908  24964 476460    0    0     0     0 57205 57617 28  3 69  0  0 2026-10-01 10:06:43
 2  0      0 30688800  24964 477244    0    0     0     0 63034 55729 30  3 67  0  0 2026-10-01 10:06:44
 2  0      0 30559544  24972 478540    0    0     0    12 69570 56333 35  3 62  0  0 2026-10-01 10:06:45
 4  0      0 30383736  24972 479740    0    0     0     4 76306 57269 39  4 57  0  0 2026-10-01 10:06:46
 1  0      0 30240740  24972 481108    0    0     0     0 78610 52656 44  4 52  0  0 2026-10-01 10:06:47
 5  0      0 30048132  24972 482372    0    0     0     0 81560 52001 45  4 51  0  0 2026-10-01 10:06:48
 4  0      0 29898164  24972 483500    0    0     0     0 85609 52513 44  4 52  0  0 2026-10-01 10:06:49
13  0      0 29638304  24972 484772    0    0     0     0 90408 48703 52  5 43  0  0 2026-10-01 10:06:50
 2  0      0 29622768  24980 485924    0    0     0    12 82342 49936 49  3 48  0  0 2026-10-01 10:06:51
 2  0      0 29407512  24980 486612    0    0     0     4 98445 50959 48  5 47  0  0 2026-10-01 10:06:52
procs -----------memory---------- ---swap-- -----io---- -system-- ------cpu----- -----timestamp-----
 r  b   swpd   free   buff  cache   si   so    bi    bo   in   cs us sy id wa st                 UTC
 6  0      0 29395736  24980 487452    0    0     0     0 93347 60602 42  4 53  0  0 2026-10-01 10:06:53
 4  0      0 29183832  24980 488348    0    0     0     0 103377 52793 48  6 46  0  0 2026-10-01 10:06:54
 4  0      0 29178568  24980 489156    0    0     0     0 102116 60571 49  5 46  0  0 2026-10-01 10:06:55
 6  0      0 28991228  24988 490188    0    0     0    12 98781 44317 53  5 42  0  0 2026-10-01 10:06:56
 1  0      0 28983872  24988 490980    0    0     0     0 101343 56777 50  5 44  0  0 2026-10-01 10:06:57
 0  0      0 28734648  24988 491852    0    0     0    56 104724 43873 56  6 37  0  0 2026-10-01 10:06:58
16  0      0 28732332  24988 492516    0    0     0     0 104352 61396 47  5 48  0  0 2026-10-01 10:06:59
16  0      0 28418852  24988 493164    0    0     0     0 116053 45647 58  6 35  0  0 2026-10-01 10:07:00
16  0      0 28418036  24988 494260    0    0     0     0 103720 66983 41  5 54  0  0 2026-10-01 10:07:01
16  0      0 28414092  24996 494612    0    0     0    12 117772 66748 47  6 47  0  0 2026-10-01 10:07:02
 3  0      0 28244680  24996 495636    0    0     0     0 111109 43380 57  6 37  0  0 2026-10-01 10:07:03
 9  0      0 28236568  24996 496284    0    0     0     4 109071 48905 57  5 38  0  0 2026-10-01 10:07:04
15  0      0 28106344  24996 496924    0    0     0     0 131855 65177 53  6 41  0  0 2026-10-01 10:07:05
16  0      0 27911028  24996 497452    0    0     0     0 123483 53093 55  6 38  0  0 2026-10-01 10:07:06
16  0      0 27888460  25004 498580    0    0     0   232 123220 69019 41  6 53  0  0 2026-10-01 10:07:07
16  0      0 27864780  25004 498792    0    0     0     0 113101 42655 63  6 31  0  0 2026-10-01 10:07:08
 2  0      0 27858452  25004 500088    0    0     0     0 106501 54401 50  5 45  0  0 2026-10-01 10:07:09
16  0      0 27753180  25004 500088    0    0     0     8 139210 78290 48  7 45  0  0 2026-10-01 10:07:10
 7  0      0 27545440  25004 500832    0    0     0     0 122652 43857 62  7 31  0  0 2026-10-01 10:07:11
16  0      0 27540320  25004 501816    0    0     0     0 133348 73390 54  7 39  0  0 2026-10-01 10:07:12
16  0      0 27385864  25012 501992    0    0     0    28 130009 59888 56  7 37  0  0 2026-10-01 10:07:13
procs -----------memory---------- ---swap-- -----io---- -system-- ------cpu----- -----timestamp-----
 r  b   swpd   free   buff  cache   si   so    bi    bo   in   cs us sy id wa st                 UTC
 3  0      0 27260192  25012 503304    0    0     0     0 135243 61011 54  7 39  0  0 2026-10-01 10:07:14
16  0      0 27250052  25012 504064    0    0     0     0 134370 56981 62  7 31  0  0 2026-10-01 10:07:15
16  0      0 27241648  25012 504704    0    0     0     4 112988 60767 45  5 50  0  0 2026-10-01 10:07:16
16  0      0 27100784  25012 505312    0    0     0     0 148067 66891 57  7 36  0  0 2026-10-01 10:07:17
16  0      0 26949556  25012 505416    0    0     0     0 122321 27522 65 20 15  0  0 2026-10-01 10:07:18
16  0      0 26941520  25020 506440    0    0     0    12 95169 2894 45 53  2  0  0 2026-10-01 10:07:19
 4  0      0 26824672  25020 507192    0    0     0     0 131681 44765 58 19 23  0  0 2026-10-01 10:07:20
18  0      0 26704032  25020 507312    0    0     0     0 141326 57414 48 20 31  0  0 2026-10-01 10:07:21
16  0      0 26563308  25020 507864    0    0     0     4 123520 5084 58 42  0  0  0 2026-10-01 10:07:22
16  0      0 26527044  25020 508512    0    0     0     0 104397 6989 64 35  1  0  0 2026-10-01 10:07:23
16  0      0 26540696  25020 509488    0    0     0     0 104982 6291 50 47  3  0  0 2026-10-01 10:07:24
16  0      0 26483456  25028 510456    0    0     0    12 140168 38085 63 18 18  0  0 2026-10-01 10:07:25
13  0      0 26458500  25028 510456    0    0     0     0 132263 54080 47 23 31  0  0 2026-10-01 10:07:26
16  0      0 26290120  25028 510896    0    0     0     0 137290 10108 59 40  1  0  0 2026-10-01 10:07:27
16  0      0 26090720  25028 511680    0    0     0     4 105268 4324 47 53  0  0  0 2026-10-01 10:07:28
16  0      0 25931200  25028 512408    0    0     0     0 131247 9539 64 35  1  0  0 2026-10-01 10:07:29
16  0      0 25905264  25036 513024    0    0     0    12 111669 6988 57 42  1  0  0 2026-10-01 10:07:30
 8  0      0 25930092  25036 513520    0    0     0     0 125401 37819 51 30 19  0  0 2026-10-01 10:07:31
20  0      0 25799772  25036 513560    0    0     0    28 138119 48923 46 32 22  0  0 2026-10-01 10:07:32
16  0      0 25643404  25036 513848    0    0     0     8 135276 7731 62 37  1  0  0 2026-10-01 10:07:33
15  0      0 25588596  25036 514520    0    0     0     4 120484 11324 58 41  1  0  0 2026-10-01 10:07:34
procs -----------memory---------- ---swap-- -----io---- -system-- ------cpu----- -----timestamp-----
 r  b   swpd   free   buff  cache   si   so    bi    bo   in   cs us sy id wa st                 UTC
16  0      0 25495464  25044 515040    0    0     0    12 127092 4679 47 53  0  0  0 2026-10-01 10:07:35
17  0      0 25510932  25044 516096    0    0     0     0 95119 5161 54 45  1  0  0 2026-10-01 10:07:36
16  0      0 25293688  25044 516616    0    0     0     0 149462 9947 65 34  1  0  0 2026-10-01 10:07:37
10  0      0 25285224  25044 517056    0    0     0     0 118675 7555 61 38  0  0  0 2026-10-01 10:07:38
16  0      0 25229328  25044 517224    0    0     0     0 130614 5801 54 45  0  0  0 2026-10-01 10:07:39
 3  0      0 25189576  25052 518152    0    0     0    16 149895 54880 49 37 14  0  0 2026-10-01 10:07:40
 0  0      0 25538364  25052 518392    0    0     0     0 48193 22330 25  3 72  0  0 2026-10-01 10:07:41
 0  0      0 31137512  25052 476856    0    0     0     0 56670 2505  0  4 96  0  0 2026-10-01 10:07:42
 0  0      0 31158228  25052 476172    0    0     0     0 48915  214  0  0 100  0  0 2026-10-01 10:07:43
 0  0      0 31158228  25052 476172    0    0     0     0   76  139  0  0 100  0  0 2026-10-01 10:07:44
 0  0      0 31157976  25060 476176    0    0     0    28   83  130  0  0 100  0  0 2026-10-01 10:07:45
 0  0      0 31154708  25060 476176    0    0     0     8  237  295  0  0 100  0  0 2026-10-01 10:07:46
