procs -----------memory---------- ---swap-- -----io---- -system-- ------cpu----- -----timestamp-----
 r  b   swpd   free   buff  cache   si   so    bi    bo   in   cs us sy id wa st                 UTC
 0  0      0 31154500  25452 476432    0    0     4     2  408   10 16  4 80  0  0 2026-10-01 10:12:34
 0  0      0 31142912  25452 476416    0    0     0     0 1661 1705  1  0 99  0  0 2026-10-01 10:12:35
 0  0      0 31142912  25452 476416    0    0     0     0   90  145  0  0 100  0  0 2026-10-01 10:12:36
 0  0      0 31141428  25460 476416    0    0     0    52 2785 2511  2  0 98  0  0 2026-10-01 10:12:37
 0  0      0 31141428  25460 476416    0    0     0     0   82  129  0  0 100  0  0 2026-10-01 10:12:38
 0  0      0 31141428  25460 476416    0    0     0     0   87  147  0  0 100  0  0 2026-10-01 10:12:39
 0  0      0 31113204  25460 476416    0    0     0     0 24143 25463  8  1 92  0  0 2026-10-01 10:12:40
 0  0      0 31054572  25460 476416    0    0     0     0 40615 48779 15  1 83  0  0 2026-10-01 10:12:41
 1  0      0 30979320  25460 476312    0    0     0     0 45962 51309 16  2 82  0  0 2026-10-01 10:12:42
18  0      0 30879220  25468 476632    0    0     0    24 52448 53168 22  2 76  0  0 2026-10-01 10:12:43
11  0      0 30776244  25468 477336    0    0     0     0 58557 59293 26  2 71  0  0 2026-10-01 10:12:44
 3  0      0 30668208  25468 478312    0    0     0     0 61440 54443 28  2 69  0  0 2026-10-01 10:12:45
 0  0      0 30567164  25468 479376    0    0     0     0 66090 60441 32  3 65  0  0 2026-10-01 10:12:46
 2  0      0 30440160  25468 480328    0    0     0     0 70917 63961 32  3 65  0  0 2026-10-01 10:12:47
 0  0      0 30277144  25468 481384    0    0     0   944 73773 60805 36  4 60  0  0 2026-10-01 10:12:48
 0  0      0 30211984  25476 482176    0    0     0    32 74103 61707 34  4 62  0  0 2026-10-01 10:12:49
 1  0      0 30086432  25476 483096    0    0     0    40 78546 60636 40  4 56  0  0 2026-10-01 10:12:50
 6  0      0 29990000  25476 483848    0    0     0     0 85013 61873 42  4 54  0  0 2026-10-01 10:12:51
 2  0      0 29744724  25476 484760    0    0     0     0 89908 63978 41  4 55  0  0 2026-10-01 10:12:52
 1  0      0 29737728  25476 485552    0    0     0     0 81685 60041 39  4 57  0  0 2026-10-01 10:12:53
 3  0      0 29582188  25476 486432    0    0     0     0 96752 64434 43  5 53  0  0 2026-10-01 10:12:54
procs -----------memory---------- ---swap-- -----io---- -system-- ------cpu----- -----timestamp-----
 r  b   swpd   free   buff  cache   si   so    bi    bo   in   cs us sy id wa st                 UTC
 3  0      0 29470664  25484 487160    0    0     0    16 95892 62760 44  5 51  0  0 2026-10-01 10:12:55
 6  0      0 29364852  25484 488112    0    0     0     0 93674 61689 45  4 51  0  0 2026-10-01 10:12:56
16  0      0 29279396  25484 488864    0    0     0     0 99146 65941 45  5 51  0  0 2026-10-01 10:12:57
 3  0      0 29131252  25484 489880    0    0     0     0 100250 55560 52  5 43  0  0 2026-10-01 10:12:58
 1  0      0 29010332  25484 490496    0    0     0     0 97175 57499 44  5 51  0  0 2026-10-01 10:12:59
16  0      0 28859332  25484 491152    0    0     0     0 107065 62314 48  5 46  0  0 2026-10-01 10:13:00
 4  0      0 28828060  25492 492216    0    0     0    16 96505 50133 60  5 36  0  0 2026-10-01 10:13:01
16  0      0 28627664  25492 493044    0    0     0     0 104293 66164 47  5 48  0  0 2026-10-01 10:13:02
16  0      0 28545516  25492 493540    0    0     0     0 106557 56088 50  6 45  0  0 2026-10-01 10:13:03
16  0      0 28516300  25492 494868    0    0     0    16 100931 52948 56  6 38  0  0 2026-10-01 10:13:04
 0  0      0 28440564  25492 495356    0    0     0     0 108652 62050 45  5 50  0  0 2026-10-01 10:13:05
16  0      0 28073044  25492 495604    0    0     0     0 121885 52283 53  7 41  0  0 2026-10-01 10:13:06
16  0      0 28066508  25500 496428    0    0     0   232 109331 50335 56  6 38  0  0 2026-10-01 10:13:07
16  0      0 28061744  25500 496876    0    0     0     0 117883 66145 41  5 54  0  0 2026-10-01 10:13:08
16  0      0 27937576  25500 497460    0    0     0     0 115349 60984 47  6 47  0  0 2026-10-01 10:13:09
 6  0      0 27893348  25500 497984    0    0     0     0 118312 62826 55  5 40  0  0 2026-10-01 10:13:10
16  0      0 27879548  25500 498384    0    0     0     0 123778 71466 39  6 55  0  0 2026-10-01 10:13:11
 2  0      0 27753968  25500 498472    0    0     0     0 122183 59150 45  6 48  0  0 2026-10-01 10:13:12
 3  0      0 27738460  25508 498896    0    0     0    20 113438 52460 56  6 38  0  0 2026-10-01 10:13:13
16  0      0 27736284  25508 499728    0    0     0     0 117328 64049 46  6 48  0  0 2026-10-01 10:13:14
 0  0      0 27729956  25508 499928    0    0     0     0 119511 71345 38  5 58  0  0 2026-10-01 10:13:15
procs -----------memory---------- ---swap-- -----io---- -system-- ------cpu----- -----timestamp-----
 r  b   swpd   free   buff  cache   si   so    bi    bo   in   cs us sy id wa st                 UTC
16  0      0 27716068  25508 500016    0    0     0     0 115887 56851 51  6 43  0  0 2026-10-01 10:13:16
16  0      0 27712960  25508 500920    0    0     0     0 116525 63023 47  5 48  0  0 2026-10-01 10:13:17
 3  0      0 27635316  25516 501008    0    0     0    20 122356 64436 41  5 54  0  0 2026-10-01 10:13:18
 9  0      0 27534124  25516 501400    0    0     0     4 124642 59564 47  6 47  0  0 2026-10-01 10:13:19
16  0      0 27531912  25516 501544    0    0     0     0 121576 71972 37  5 58  0  0 2026-10-01 10:13:20
14  0      0 27487840  25516 502584    0    0     0     0 116745 53052 53  6 41  0  0 2026-10-01 10:13:21
16  0      0 27428872  25516 502584    0    0     0     0 120448 63506 44  6 50  0  0 2026-10-01 10:13:22
 5  0      0 27400480  25524 502648    0    0     0    12 125764 75326 37  6 57  0  0 2026-10-01 10:13:23
 7  0      0 27298700  25524 503224    0    0     0     0 124598 49229 58  6 36  0  0 2026-10-01 10:13:24
16  0      0 27296520  25524 503752    0    0     0    36 120713 74628 34  5 61  0  0 2026-10-01 10:13:25
 2  0      0 27238252  25524 504120    0    0     0     0 124631 65422 48  6 46  0  0 2026-10-01 10:13:26
16  0      0 27233184  25524 504624    0    0     0     0 120353 66619 42  6 53  0  0 2026-10-01 10:13:27
 0  0      0 27109536  25524 504768    0    0     0     0 130909 65403 41  6 53  0  0 2026-10-01 10:13:28
16  0      0 27038840  25532 505088    0    0     0    12 123407 61200 51  6 43  0  0 2026-10-01 10:13:29
16  0      0 27012492  25532 505576    0    0     0     0 125836 71432 39  6 55  0  0 2026-10-01 10:13:30
 5  0      0 26932216  25532 505920    0    0     0     4 124877 60668 52  6 42  0  0 2026-10-01 10:13:31
 4  0      0 26930984  25532 505920    0    0     0     0 124202 72392 33 11 56  0  0 2026-10-01 10:13:32
 6  0      0 26871988  25532 506256    0    0     0     0 120733 56306 50 10 40  0  0 2026-10-01 10:13:33
16  0      0 26865660  25532 506776    0    0     0     0 114539 54232 36 24 40  0  0 2026-10-01 10:13:34
 0  0      0 26826480  25540 506912    0    0     0    12 113005 46859 49 17 33  0  0 2026-10-01 10:13:35
16  0      0 26823468  25540 507168    0    0     0     0 122750 64361 36 21 43  0  0 2026-10-01 10:13:36
procs -----------memory---------- ---swap-- -----io---- -system-- ------cpu----- -----timestamp-----
 r  b   swpd   free   buff  cache   si   so    bi    bo   in   cs us sy id wa st                 UTC
16  0      0 26770404  25540 507688    0    0     0     4 118557 29481 55 29 16  0  0 2026-10-01 10:13:37
 7  0      0 26766708  25540 508072    0    0     0     0 113307 66340 25 17 57  0  0 2026-10-01 10:13:38
15  0      0 26586948  25540 508080    0    0     0     0 130086 55367 53  8 39  0  0 2026-10-01 10:13:39
 0  0      0 26577712  25540 508560    0    0     0     0 107342 48427 24 15 60  0  0 2026-10-01 10:13:40
 0  0      0 31157724  25548 476948    0    0     0    12 41018 2802  0  3 97  0  0 2026-10-01 10:13:41
 0  0      0 31171144  25548 476432    0    0     0     0 36339  164  0  0 100  0  0 2026-10-01 10:13:42
 0  0      0 31171144  25548 476432    0    0     0     4   97  150  0  0 100  0  0 2026-10-01 10:13:43
 0  0      0 31171144  25548 476432    0    0     0     0   84  148  0  0 100  0  0 2026-10-01 10:13:44
