procs -----------memory---------- ---swap-- -----io---- -system-- ------cpu----- -----timestamp-----
 r  b   swpd   free   buff  cache   si   so    bi    bo   in   cs us sy id wa st                 UTC
 1  0      0 1257568  78064 914716    0    0   275  2917 11109 2453 39 10 49  2  0 2026-10-01 10:12:34
 0  1      0 1392088  78184 758704    0    0     0 59816 2869 7298  1  7 73 19  0 2026-10-01 10:12:35
 4  0      0 1563732  78336 582036    0    0     0 66552 5761 12682 28  6 33 33  0 2026-10-01 10:12:36
 0  0      0 1558824  78436 584240    0    0     0 14032 3496 6968 19  4 62 16  1 2026-10-01 10:12:37
 0  0      0 1558824  78436 584240    0    0     0   316   48   51  0  0 100  0  0 2026-10-01 10:12:38
 0  0      0 1558824  78436 584240    0    0     0    12   40   48  0  0 100  0  0 2026-10-01 10:12:39
 0  0      0 1587828  78464 586644    0    0     0  1248 4599 4999 13  2 80  6  0 2026-10-01 10:12:40
 0  0      0 1581668  78524 590744    0    0     0  2064 8307 8929 20  5 67  9  0 2026-10-01 10:12:41
 4  0      0 1575808  78556 594140    0    0     0  1184 8308 8693 19  4 73  5  0 2026-10-01 10:12:42
 0  0      0 1569872  78572 599000    0    0     0  1000 12042 11742 31  5 61  3  0 2026-10-01 10:12:43
 0  0      0 1557408  78576 603816    0    0     0  1124 13107 13240 29  6 61  4  0 2026-10-01 10:12:44
 3  0      0 1520800  78616 611024    0    0     0  1900 16153 12684 54  6 35  5  0 2026-10-01 10:12:45
 1  0      0 1514860  78624 616124    0    0     0   288 16090 15084 36  6 58  1  0 2026-10-01 10:12:46
 0  0      0 1507452  78628 622328    0    0     0   336 19786 17186 46  7 45  2  0 2026-10-01 10:12:47
 7  0      0 1501220  78632 627972    0    0     0   644 19648 18710 40  7 51  2  0 2026-10-01 10:12:48
 3  0      0 1491360  78644 635492    0    0     0   856 21862 17154 51  9 38  2  0 2026-10-01 10:12:49
 5  0      0 1482664  78664 642760    0    0     0   800 23520 19245 54  8 37  2  0 2026-10-01 10:12:50
 1  0      0 1475228  78676 650588    0    0     0   956 25391 19088 59 10 30  2  0 2026-10-01 10:12:51
 3  0      0 1466756  78684 658128    0    0     0   960 25162 17971 56  9 34  2  0 2026-10-01 10:12:52
 3  0      0 1455412  78692 666192    0    0     0   428 24861 13259 72  9 19  1  0 2026-10-01 10:12:53
 4  0      0 1453692  78712 674736    0    0     0   812 27581 14919 66 10 21  3  0 2026-10-01 10:12:54
procs -----------memory---------- ---swap-- -----io---- -system-- ------cpu----- -----timestamp-----
 r  b   swpd   free   buff  cache   si   so    bi    bo   in   cs us sy id wa st                 UTC
 3  0      0 1448972  78712 682580    0    0     0   216 28837 18565 60 12 27  0  0 2026-10-01 10:12:55
 4  0      0 1539144  78724 692144    0    0     0   836 31912 13152 68 16 14  2  0 2026-10-01 10:12:56
 4  0      0 1537784  78732 699528    0    0     0   264 30949 19841 56 15 28  1  0 2026-10-01 10:12:57
 9  0      0 1712332  78740 708964    0    0     0   576 34739 13659 71 17 12  1  0 2026-10-01 10:12:58
 5  0      0 1779200  78740 716708    0    0     0   312 30295 10572 78 12 10  1  0 2026-10-01 10:12:59
 3  0      0 1773304  78740 726372    0    0     0   232 31106 9454 72 14 13  1  0 2026-10-01 10:13:00
 4  0      0 1766416  78740 735288    0    0     0   108 32920 12679 74 13 13  0  0 2026-10-01 10:13:01
 3  0      0 1760672  78748 744264    0    0     0   480 35581 14819 76 13 11  1  0 2026-10-01 10:13:02
 5  0      0 1755224  78748 751660    0    0     0     0 34425 16781 63 14 23  0  1 2026-10-01 10:13:03
 3  0      0 1749020  78748 761192    0    0     0     0 36132 8991 79 15  6  0  0 2026-10-01 10:13:04
 5  0      0 1745084  78748 767004    0    0     0   824 32485 11741 74 11 15  0  0 2026-10-01 10:13:05
 4  0      0 1736724  78748 774260    0    0     0    16 36113 11001 66 15 19  0  0 2026-10-01 10:13:06
 3  0      0 1727636  78748 781172    0    0     0 85344 39758 17823 55 18 24  2  0 2026-10-01 10:13:07
 6  0      0 1716812  78748 789740    0    0     0     0 39802 12665 73 16 12  0  0 2026-10-01 10:13:08
 4  0      0 1708772  78748 797372    0    0     0     0 39732 14480 71 16 13  0  0 2026-10-01 10:13:09
 5  0      0 1702472  78748 803548    0    0     0     0 41695 22186 57 16 28  0  0 2026-10-01 10:13:10
 6  0      0 1685336  78748 808876    0    0     0   140 39531 20145 57 17 27  0  0 2026-10-01 10:13:11
 1  0      0 1626380  78748 814000    0    0     0 125164 39082 19785 49 20 29  3  0 2026-10-01 10:13:12
 7  0      0 1561628  78748 818832    0    0     0     0 38172 19642 60 16 24  0  0 2026-10-01 10:13:13
 2  0      0 1509580  78748 825344    0    0     0  2088 36660 9549 66 17 17  1  0 2026-10-01 10:13:14
 3  0      0 1503840  78748 830184    0    0     0     0 40786 20777 57 16 27  0  0 2026-10-01 10:13:15
procs -----------memory---------- ---swap-- -----io---- -system-- ------cpu----- -----timestamp-----
 r  b   swpd   free   buff  cache   si   so    bi    bo   in   cs us sy id wa st                 UTC
 2  0      0 1499416  78748 833844    0    0     0     0 42992 26708 42 16 43  0  0 2026-10-01 10:13:16
 1  0      0 1489864  78748 840464    0    0     0     0 38134 13936 64 16 20  0  0 2026-10-01 10:13:17
 3  0      0 1486140  78748 843632    0    0     0     8 38995 25489 42 15 43  0  0 2026-10-01 10:13:18
 0  0      0 1480988  78748 847820    0    0     0   120 43281 24562 49 15 36  0  0 2026-10-01 10:13:19
 1  0      0 1475204  78748 851084    0    0     0     0 40927 27355 37 17 46  0  0 2026-10-01 10:13:20
 1  0      0 1468552  78748 856588    0    0     0     0 38295 12211 71 13 16  0  0 2026-10-01 10:13:21
 1  0      0 1464520  78748 860272    0    0     0     0 40554 27164 37 16 47  0  0 2026-10-01 10:13:22
 0  0      0 1460488  78748 863216    0    0     0     0 43843 27249 42 17 42  0  0 2026-10-01 10:13:23
 3  0      0 1400272  78748 869040    0    0     0   116 40675 18303 57 18 25  0  0 2026-10-01 10:13:24
 7  0      0 1332244  78748 873664    0    0     0     0 41580 20975 55 19 26  0  0 2026-10-01 10:13:25
 4  0      0 1278820  78748 876708    0    0     0     0 38186 14374 64 14 22  0  0 2026-10-01 10:13:26
11  0      0 1272728  78748 880992    0    0     0     0 40488 22242 53 16 30  0  1 2026-10-01 10:13:27
 0  0      0 1268472  78748 884644    0    0     0     0 42858 27207 40 13 47  0  0 2026-10-01 10:13:28
 0  0      0 1266232  78748 886768    0    0     0   100 42736 28194 38 15 47  0  0 2026-10-01 10:13:29
 8  0      0 1258936  78748 891452    0    0     0    12 41028 20626 52 15 33  0  0 2026-10-01 10:13:30
 4  0      0 1255420  78748 894460    0    0     0     0 37419 23476 43 15 42  0  0 2026-10-01 10:13:31
 3  0      0 1250548  78748 898104    0    0     0     0 44982 26170 47 16 36  0  0 2026-10-01 10:13:32
 1  0      0 1245340  78748 901212    0    0     0     0 42139 28610 36 15 48  0  0 2026-10-01 10:13:33
 0  0      0 1242372  78748 903772    0    0     0   108 41333 27013 37 17 47  0  0 2026-10-01 10:13:34
 3  0      0 1237724  78748 906680    0    0     0     0 41564 26796 54 13 32  0  0 2026-10-01 10:13:35
 9  0      0 1233312  78748 910076    0    0     0     8 44245 32372 34 17 49  0  0 2026-10-01 10:13:36
procs -----------memory---------- ---swap-- -----io---- -system-- ------cpu----- -----timestamp-----
 r  b   swpd   free   buff  cache   si   so    bi    bo   in   cs us sy id wa st                 UTC
 2  0      0 1228664  78748 913628    0    0     0     0 42946 24751 47 16 37  0  0 2026-10-01 10:13:37
 2  0      0 1223580  78748 916556    0    0     0 27792 39691 23147 47 17 36  0  0 2026-10-01 10:13:38
 0  0      0 1197652  78748 919372    0    0     0   124 43792 29512 34 14 51  1  0 2026-10-01 10:13:39
 0  0      0 1161672  78748 920980    0    0     0     0 43099 27636 30 15 55  0  0 2026-10-01 10:13:40
 0  0      0 1160412  78748 920960    0    0     0     0 26203 19499 11 10 79  0  0 2026-10-01 10:13:41
 0  0      0 1203960  78748 909988    0    0     0    88 43337 32226  6 15 79  0  0 2026-10-01 10:13:42
 0  0      0 1203708  78748 909996    0    0     0 71304  655  739  0  0 96  4  0 2026-10-01 10:13:43
 0  0      0 1171484  78748 909996    0    0     0   172  705 1069 12  4 84  0  0 2026-10-01 10:13:44
