procs -----------memory---------- ---swap-- -----io---- -system-- ------cpu----- -----timestamp-----
 r  b   swpd   free   buff  cache   si   so    bi    bo   in   cs us sy id wa st                 UTC
 1  0      0 1228244  81972 940336    0    0   238  2903 11239 2590 39 10 49  2  0 2026-10-01 10:12:34
 0  1      0 1343088  82064 796100    0    0     0 48608 2559 5696  1  4 75 20  0 2026-10-01 10:12:35
 1  3      0 1534020  82336 643460    0    0     0 44668 6038 12660 42  6 20 32  0 2026-10-01 10:12:36
 0  0      0 1531500  82384 644480    0    0     0  4588 1808 3181  6  1 87  6  0 2026-10-01 10:12:37
 0  0      0 1531500  82384 644480    0    0     0     0   31   35  0  0 100  0  0 2026-10-01 10:12:38
 0  0      0 1531500  82384 644480    0    0     0     0   32   37  1  0 100  0  0 2026-10-01 10:12:39
 0  0      0 1529512  82416 646544    0    0     0  1136 8274 10723 12  4 80  4  0 2026-10-01 10:12:40
 0  0      0 1527804  82436 648588    0    0     0  1092 14526 19763 15  4 77  4  0 2026-10-01 10:12:41
 0  0      0 1524832  82456 652144    0    0     0  1268 16965 21126 26  5 65  4  0 2026-10-01 10:12:42
 2  0      0 1521140  82508 656416    0    0     0  1612 17759 22136 27  8 60  6  0 2026-10-01 10:12:43
 6  0      0 1516264  82552 662252    0    0     0  1392 20554 22796 41  9 47  4  0 2026-10-01 10:12:44
 1  0      0 1514304  82576 665824    0    0     0   604 19012 22478 27  5 66  3  0 2026-10-01 10:12:45
 2  0      0 1508224  82600 672848    0    0     0  1396 22921 22466 50  8 37  4  0 2026-10-01 10:12:46
 2  0      0 1504792  82628 676836    0    0     0   684 21261 23586 32  6 59  2  0 2026-10-01 10:12:47
10  0      0 1498952  82648 684468    0    0     0   808 23024 18752 56  7 35  2  0 2026-10-01 10:12:48
 4  0      0 1495252  82664 689620    0    0     0   488 24812 24965 40 10 48  2  1 2026-10-01 10:12:49
 4  0      0 1490588  82668 696640    0    0     0   396 26331 22719 54 10 35  1  0 2026-10-01 10:12:50
 6  0      0 1485392  82688 703168    0    0     0  1064 26892 23882 49 11 38  2  0 2026-10-01 10:12:51
 4  0      0 1476696  82688 710332    0    0     0   532 28183 23862 55 12 32  2  0 2026-10-01 10:12:52
 1  0      0 1448552  82700 717924    0    0     0   744 27525 19585 57 14 29  2  0 2026-10-01 10:12:53
 3  0      0 1369508  82700 724784    0    0     0   208 29265 20545 60 14 26  1  0 2026-10-01 10:12:54
procs -----------memory---------- ---swap-- -----io---- -system-- ------cpu----- -----timestamp-----
 r  b   swpd   free   buff  cache   si   so    bi    bo   in   cs us sy id wa st                 UTC
 4  0      0 1334168  82704 732512    0    0     0   552 27932 15881 69 12 18  1  0 2026-10-01 10:12:55
 3  0      0 1325696  82708 739884    0    0     0   512 30524 22237 60 10 29  1  0 2026-10-01 10:12:56
12  0      0 1316760  82708 747508    0    0     0     0 30811 18474 64 11 26  0  0 2026-10-01 10:12:57
 5  0      0 1306904  82716 755360    0    0     0   456 32783 21850 62 11 26  1  0 2026-10-01 10:12:58
 7  0      0 1296708  82720 763236    0    0     0   120 33058 20614 65 12 22  0  0 2026-10-01 10:12:59
 6  0      0 1287748  82728 770816    0    0     0   380 31853 18315 61 12 27  1  0 2026-10-01 10:13:00
 3  0      0 1275452  82740 779532    0    0     0   400 33053 15373 68 16 16  1  0 2026-10-01 10:13:01
 6  0      0 1351564  82756 786200    0    0     0   524 34460 13714 74 11 15  1  0 2026-10-01 10:13:02
 4  0      0 1354280  82760 794876    0    0     0   108 34508 13510 71 13 15  0  0 2026-10-01 10:13:03
 7  0      0 1349784  82776 802776    0    0     0   700 34609 14724 67 14 18  1  0 2026-10-01 10:13:04
 3  0      0 1509300  82780 809948    0    0     0  1084 38746 15590 63 15 22  0  0 2026-10-01 10:13:05
 7  0      0 1572452  82784 817288    0    0     0 85252 40594 16492 64 17 18  1  0 2026-10-01 10:13:06
 2  0      0 1570868  82792 823072    0    0     0   212 35485 19558 53 16 31  0  0 2026-10-01 10:13:07
 2  0      0 1566876  82792 831904    0    0     0     0 37580 10445 75 14 11  0  1 2026-10-01 10:13:08
 2  0      0 1563892  82792 836996    0    0     0     0 37503 17616 65 14 21  0  0 2026-10-01 10:13:09
 8  0      0 1558936  82792 844328    0    0     0     0 40714 18981 66 17 16  0  0 2026-10-01 10:13:10
14  0      0 1555728  82792 849340    0    0     0 102188 38980 19089 54 16 29  2  0 2026-10-01 10:13:11
 5  0      0 1553040  82792 853408    0    0     0   260 37830 25338 42 13 46  0  0 2026-10-01 10:13:12
 7  0      0 1546848  82792 859228    0    0     0     0 39573 21541 59 19 22  0  0 2026-10-01 10:13:13
 4  0      0 1541108  82792 865048    0    0     0     0 40455 21250 57 14 29  0  0 2026-10-01 10:13:14
 2  0      0 1536208  82792 868680    0    0     0     0 41755 27276 39 16 45  0  0 2026-10-01 10:13:15
procs -----------memory---------- ---swap-- -----io---- -system-- ------cpu----- -----timestamp-----
 r  b   swpd   free   buff  cache   si   so    bi    bo   in   cs us sy id wa st                 UTC
 3  0      0 1530104  82792 872412    0    0     0     0 40563 27288 39 15 45  0  0 2026-10-01 10:13:16
 3  0      0 1515528  82796 879276    0    0     0   108 37677 13572 68 13 19  1  0 2026-10-01 10:13:17
 3  0      0 1475500  82796 882120    0    0     0     8 36926 25723 41 14 46  0  0 2026-10-01 10:13:18
 0  0      0 1434256  82796 885152    0    0     0     0 43412 29365 35 17 48  0  0 2026-10-01 10:13:19
 0  0      0 1397492  82800 889260    0    0     0   128 35926 15979 64 12 24  0  0 2026-10-01 10:13:20
 2  0      0 1390352  82800 894736    0    0     0     0 37333 13889 70 12 19  0  0 2026-10-01 10:13:21
 0  0      0 1386348  82800 898288    0    0     0     0 38741 25470 38 13 49  0  0 2026-10-01 10:13:22
 0  0      0 1383828  82800 900740    0    0     0     0 43899 31941 28 16 56  0  0 2026-10-01 10:13:23
12  0      0 1375932  82800 906908    0    0     0     8 40704 18289 58 16 26  0  0 2026-10-01 10:13:24
 3  0      0 1371156  82800 911536    0    0     0   100 40895 21126 54 17 29  0  0 2026-10-01 10:13:25
 3  0      0 1368132  82800 914460    0    0     0     0 43048 30050 39 14 47  0  0 2026-10-01 10:13:26
12  0      0 1362124  82800 917960    0    0     0     0 41374 26520 47 13 39  0  1 2026-10-01 10:13:27
 0  0      0 1358400  82800 921248    0    0     0   128 38765 24904 41 14 45  0  0 2026-10-01 10:13:28
 0  0      0 1355180  82804 924036    0    0     0   132 42993 31429 35 15 49  1  0 2026-10-01 10:13:29
 5  0      0 1331224  82804 928820    0    0     0    12 39511 19948 49 16 35  0  0 2026-10-01 10:13:30
 5  0      0 1287908  82804 931696    0    0     0     0 36031 22827 43 13 44  0  0 2026-10-01 10:13:31
 3  0      0 1244620  82804 934416    0    0     0     0 44926 29153 39 15 46  0  0 2026-10-01 10:13:32
 2  0      0 1203852  82804 937096    0    0     0     0 34751 16732 57 14 29  0  0 2026-10-01 10:13:33
 4  0      0 1200140  82808 940264    0    0     0   112 40957 26834 39 17 45  0  0 2026-10-01 10:13:34
 2  0      0 1196444  82808 943036    0    0     0     0 40655 28097 49 12 39  0  0 2026-10-01 10:13:35
 3  0      0 1191724  82808 946532    0    0     0     8 41683 28678 38 17 46  0  0 2026-10-01 10:13:36
procs -----------memory---------- ---swap-- -----io---- -system-- ------cpu----- -----timestamp-----
 r  b   swpd   free   buff  cache   si   so    bi    bo   in   cs us sy id wa st                 UTC
 3  0      0 1188028  82808 949716    0    0     0 37448 44084 28683 35 19 44  2  0 2026-10-01 10:13:37
 8  0      0 1184892  82808 951960    0    0     0     0 38221 25300 42 13 46  0  0 2026-10-01 10:13:38
 2  0      0 1181644  82808 954744    0    0     0   128 42026 28524 35 16 49  0  0 2026-10-01 10:13:39
 3  0      0 1179388  82808 956800    0    0     0     0 42442 30081 31 14 55  0  0 2026-10-01 10:13:40
 3  0      0 1179388  82808 956864    0    0     0     0 24766 19157 12  7 82  0  0 2026-10-01 10:13:41
 0  0      0 1213408  82808 946244    0    0     0 54432 42649 32208  8 12 76  4  0 2026-10-01 10:13:42
 1  0      0 1207112  82808 946248    0    0     0     8  811 1415  3  3 94  0  0 2026-10-01 10:13:43
