procs -----------memory---------- ---swap-- -----io---- -system-- ------cpu----- -----timestamp-----
 r  b   swpd   free   buff  cache   si   so    bi    bo   in   cs us sy id wa st                 UTC
 1  0      0 509124  75436 933724    0    0   277   762 4266 6788 16 31 52  1  0 2026-10-01 10:12:34
 1  0      0 706128  75780 744940    0    0    48 60924 4411 9207  6  9 62 23  0 2026-10-01 10:12:35
 0  0      0 694788  75972 755432    0    0     0 30664 5948 12035 52  5 28 16  0 2026-10-01 10:12:36
 0  0      0 693840  75996 755508    0    0     0   576 1679 2028  2  1 97  1  0 2026-10-01 10:12:37
 0  0      0 693592  75996 755632    0    0     0    52  389  607  0  1 100  0  0 2026-10-01 10:12:38
 0  0      0 693592  75996 755632    0    0     0   124  313  498  0  0 99  0  0 2026-10-01 10:12:39
 3  0      0 691896  76004 757124    0    0     0  1608 15831 11414 14  7 77  3  0 2026-10-01 10:12:40
 0  0      0 683824  76124 763600    0    0     0  3348 26960 21837 38 16 41  5  0 2026-10-01 10:12:41
 8  0      0 675132  76316 769592    0    0     0  2860 33996 26396 44 18 35  4  0 2026-10-01 10:12:42
 2  0      0 664476  76520 776264    0    0     0  2632 40867 31405 48 26 23  3  0 2026-10-01 10:12:43
 0  0      0 651300  76596 783112    0    0     0  2296 46166 33008 53 24 21  1  0 2026-10-01 10:12:44
 6  0      0 621716  76748 791152    0    0     0  3176 51693 36534 67 27  6  1  0 2026-10-01 10:12:45
 5  0      0 552532  76880 799036    0    0     0  3488 53808 32425 60 36  4  1  0 2026-10-01 10:12:46
10  1      0 530424  76992 806400    0    0     0  3544 56248 33413 64 35  1  1  0 2026-10-01 10:12:47
12  0      0 514632  77048 813984    0    0     0  3284 61561 33950 62 38  0  1  0 2026-10-01 10:12:48
10  0      0 500956  77088 820716    0    0     0  2328 62660 32206 60 40  0  1  0 2026-10-01 10:12:49
15  0      0 487432  77132 826664    0    0     0 53816 67744 32166 56 44  0  0  0 2026-10-01 10:12:50
10  0      0 471988  77140 832960    0    0     0  2120 70465 34410 52 48  0  0  0 2026-10-01 10:12:51
 8  0      0 456168  77168 839684    0    0     0  1840 70997 29848 55 45  0  0  0 2026-10-01 10:12:52
10  0      0 445348  77188 845148    0    0     0  1644 72302 27473 54 46  0  0  0 2026-10-01 10:12:53
10  0      0 431112  77192 850700    0    0     0  1508 75454 30437 53 47  0  0  0 2026-10-01 10:12:54
procs -----------memory---------- ---swap-- -----io---- -system-- ------cpu----- -----timestamp-----
 r  b   swpd   free   buff  cache   si   so    bi    bo   in   cs us sy id wa st                 UTC
 8  0      0 417424  77236 856780    0    0     0  3332 75356 26221 55 45  0  1  0 2026-10-01 10:12:55
 9  0      0 397300  77244 860980    0    0     0  1472 76010 26358 52 47  0  0  0 2026-10-01 10:12:56
 7  0      0 392852  77256 866588    0    0     0  1832 80376 26606 47 53  0  0  0 2026-10-01 10:12:57
10  0      0 384672  77292 873488    0    0     0  1980 81167 24197 50 50  0  0  0 2026-10-01 10:12:58
 7  0      0 362348  77304 875868    0    0     0  1276 79526 20889 48 53  0  0  0 2026-10-01 10:12:59
 6  0      0 452592  77304 882248    0    0     0  1720 83644 19575 48 52  0  0  0 2026-10-01 10:13:00
 8  0      0 434212  77316 888424    0    0     0  1600 85238 19013 48 52  0  0  0 2026-10-01 10:13:01
 7  0      0 434240  77352 890092    0    0     0  1184 81695 19981 51 49  0  0  0 2026-10-01 10:13:02
 6  0      0 429972  77380 896032    0    0     0  1456 83406 10133 42 58  0  0  0 2026-10-01 10:13:03
 6  0      0 412848  77412 901160    0    0     0  1200 84776 14738 48 52  0  0  0 2026-10-01 10:13:04
17  0      0 398576  77424 904704    0    0     0 46036 79902 11058 46 54  0  0  0 2026-10-01 10:13:05
 8  0      0 394088  77436 909156    0    0     0  1408 84626 8851 39 61  0  0  0 2026-10-01 10:13:06
 5  0      0 385352  77452 915760    0    0     0  1180 82063 4986 41 59  0  0  0 2026-10-01 10:13:07
 7  0      0 371292  77464 916900    0    0     0   920 86493 7759 45 56  0  0  0 2026-10-01 10:13:08
 7  0      0 443988  77484 919264    0    0     0   824 87472 7483 46 55  0  0  0 2026-10-01 10:13:09
 7  0      0 409640  77504 922620    0    0     0 12584 91665 6816 42 58  0  0  0 2026-10-01 10:13:10
 7  0      0 395048  77528 927304    0    0     0  1072 82119 6835 42 58  0  0  0 2026-10-01 10:13:11
 6  0      0 389036  77556 930872    0    0     0   908 79252 6164 44 55  0  0  0 2026-10-01 10:13:12
12  0      0 384228  77560 934500    0    0     0   964 85252 4020 45 55  0  0  0 2026-10-01 10:13:13
10  0      0 377208  77572 939380    0    0     0   900 83010 5015 43 57  0  0  0 2026-10-01 10:13:14
 9  0      0 367896  77576 941836    0    0     0   840 80361 4856 40 60  0  0  0 2026-10-01 10:13:15
procs -----------memory---------- ---swap-- -----io---- -system-- ------cpu----- -----timestamp-----
 r  b   swpd   free   buff  cache   si   so    bi    bo   in   cs us sy id wa st                 UTC
 6  0      0 362400  77584 945680    0    0     0   832 80080 4387 42 59  0  0  0 2026-10-01 10:13:16
 5  0      0 349376  77584 949168    0    0     0   712 84260 7138 43 58  0  0  0 2026-10-01 10:13:17
 4  0      0 339092  77596 953532    0    0     0   676 76443 5411 46 54  0  0  0 2026-10-01 10:13:18
 4  0      0 331292  77608 956700    0    0     0   692 80745 4046 46 54  0  0  0 2026-10-01 10:13:19
 5  0      0 328316  77624 960764    0    0     0   772 80073 4116 44 56  0  0  0 2026-10-01 10:13:20
 7  0      0 304420  77628 964304    0    0     0   724 83247 3560 39 61  0  0  0 2026-10-01 10:13:21
 8  0      0 268200  77640 967588    0    0     0   908 78440 3942 42 59  0  0  0 2026-10-01 10:13:22
 4  0      0 238500  77660 971712    0    0     0   732 80322 5035 40 60  0  0  0 2026-10-01 10:13:23
 4  0      0 210464  77672 973996    0    0     0   668 85736 5309 38 62  0  0  0 2026-10-01 10:13:24
 4  0      0 154684  77708 976124    0    0     0   816 85427 3985 47 53  0  0  0 2026-10-01 10:13:25
 5  0      0 202696  77868 978936    0    0     0 51784 85788 5133 41 59  0  0  0 2026-10-01 10:13:26
 5  0      0 186116  77888 983900    0    0     0   696 80188 4483 42 58  0  0  1 2026-10-01 10:13:27
 5  0      0 159164  77904 986192    0    0     0   872 78914 5073 37 63  0  0  0 2026-10-01 10:13:28
 6  0      0 156672  77916 989536    0    0     0   652 83505 8596 40 60  0  0  0 2026-10-01 10:13:29
 4  0      0 126296  77916 992336    0    0     0   628 83644 6141 45 55  0  0  0 2026-10-01 10:13:30
 5  0      0 115764  77948 995512    0    0     0   748 79992 4461 42 58  0  0  0 2026-10-01 10:13:31
 5  0      0 139352  77956 999456    0    0     0   632 83954 9109 38 62  0  0  0 2026-10-01 10:13:32
 4  0      0 124160  77964 1002012    0    0     0   628 81894 3960 40 60  0  0  0 2026-10-01 10:13:33
 7  0      0 105640  77976 1005408    0    0     0   704 80277 4116 44 56  0  0  0 2026-10-01 10:13:34
 5  0      0 119260  77484 986656    0    0     0   592 85684 4610 37 63  0  0  0 2026-10-01 10:13:35
 4  0      0 137496  77504 981772    0    0     0   744 88402 6981 34 66  0  0  0 2026-10-01 10:13:36
procs -----------memory---------- ---swap-- -----io---- -system-- ------cpu----- -----timestamp-----
 r  b   swpd   free   buff  cache   si   so    bi    bo   in   cs us sy id wa st                 UTC
 4  0      0 113600  77520 984604    0    0     0   692 83969 4577 42 58  0  0  0 2026-10-01 10:13:37
 5  0      0 121416  76860 963748    0    0   356   636 78644 7056 41 59  0  0  0 2026-10-01 10:13:38
 5  0      0 110844  76720 955796    0    0     0   596 78654 3450 42 59  0  0  0 2026-10-01 10:13:39
 4  0      0 133544  76724 945756    0    0   212   644 71968 6578 37 63  0  0  0 2026-10-01 10:13:40
 3  0      0 144900  76736 939536    0    0  1096   532 38518 13104 15 39 45  1  0 2026-10-01 10:13:41
