procs -----------memory---------- ---swap-- -----io---- -system-- ------cpu----- -----timestamp-----
 r  b   swpd   free   buff  cache   si   so    bi    bo   in   cs us sy id wa st                 UTC
 1  0      0 175352  84180 1119396    0    0    63   763 1301 1667 13  3 83  0  0 2026-10-01 09:51:21
 0  1      0 191228  84184 1088704    0    0  9156 11584 2305 4516  1  3 76 21  0 2026-10-01 09:51:22
 0  1      0 249168  84204 1015604    0    0 18488 25264 4963 8389  1  6 47 46  0 2026-10-01 09:51:23
 0  1      0 320216  84224 942480    0    0 19528 24968 4786 9392  1  4 49 46  0 2026-10-01 09:51:24
 0  1      0 407212  84244 857472    0    0 18260 26472 4787 9420  1  4 49 46  0 2026-10-01 09:51:25
 0  2      0 542164  84288 791936    0    0  6168 35104 6126 12480 44  6 19 31  0 2026-10-01 09:51:26
 0  0      0 541660  84296 792568    0    0     0  3244  922 1642  3  1 93  4  0 2026-10-01 09:51:27
 0  0      0 541660  84296 792568    0    0     0     0   36   24  0  0 100  0  0 2026-10-01 09:51:28
 0  0      0 541660  84296 792568    0    0     0     0   55   44  0  1 100  0  0 2026-10-01 09:51:29
 0  0      0 533876  84304 798200    0    0     0  3128 10094 10802 30  3 56 12  0 2026-10-01 09:51:30
 6  2      0 526200  84312 803488    0    0     0  2872 10684 11033 27  5 58 10  0 2026-10-01 09:51:31
 0  1      0 516524  84356 811856    0    0     0  3192 18260 18169 48 10 33  8  0 2026-10-01 09:51:32
 0  1      0 506388  84372 819952    0    0     0  2728 19654 19214 51  9 35  6  0 2026-10-01 09:51:33
 7  0      0 495268  84396 830116    0    0     0  2768 22111 18779 64 11 21  4  0 2026-10-01 09:51:34
11  0      0 482440  84416 840472    0    0     0  2520 24433 19360 71  8 16  5  0 2026-10-01 09:51:35
 6  0      0 468356  84424 852016    0    0     0  1824 24835 13417 77 10 10  4  0 2026-10-01 09:51:36
 9  1      0 456704  84428 862208    0    0     0  1404 26136 15944 70 10 17  3  0 2026-10-01 09:51:37
 4  0      0 439644  84432 874804    0    0     0  1988 25196 3690 83 11  0  6  0 2026-10-01 09:51:38
12  0      0 426480  84432 886740    0    0     0  1644 26933 7637 82 11  3  3  0 2026-10-01 09:51:39
 3  0      0 409968  84436 899104    0    0     0  2248 30041 6992 83 12  1  4  0 2026-10-01 09:51:40
 3  0      0 395112  84436 910312    0    0     0  1800 29447 6090 80 13  1  5  0 2026-10-01 09:51:41
procs -----------memory---------- ---swap-- -----io---- -system-- ------cpu----- -----timestamp-----
 r  b   swpd   free   buff  cache   si   so    bi    bo   in   cs us sy id wa st                 UTC
 3  0      0 380140  84436 922304    0    0     0 57796 35543 7899 82 16  0  3  0 2026-10-01 09:51:42
 3  0      0 366640  84440 934052    0    0     0   876 34015 3905 86 12  0  2  0 2026-10-01 09:51:43
 4  0      0 336328  84440 945196    0    0     0   892 35025 2485 84 14  1  2  0 2026-10-01 09:51:44
 4  0      0 247984  84440 955424    0    0     0   944 34763 3065 82 16  0  2  0 2026-10-01 09:51:45
 4  0      0 147028  84444 965220    0    0     0 90164 36195 2430 78 20  0  1  0 2026-10-01 09:51:46
 3  0      0 106580  80456 947340    0    0    36 38116 38592 6249 79 19  0  3  1 2026-10-01 09:51:47
 4  0      0 111812  80108 945036    0    0   124 11924 36851 1934 79 19  0  2  0 2026-10-01 09:51:48
 1  1      0 111240  80036 944252    0    0     0 15392 37266 4194 82 16  0  3  0 2026-10-01 09:51:49
 2  0      0 109360  79956 947704    0    0    36 21720 45758 9871 76 20  0  4  0 2026-10-01 09:51:50
 4  0      0 115712  79892 942344    0    0     0 13984 41235 6312 81 17  0  3  0 2026-10-01 09:51:51
 2  0      0 115816  79636 936384    0    0     4 15412 45373 2868 76 21  0  3  0 2026-10-01 09:51:52
 1  1      0 110832  79312 933852    0    0     0  1448 39884 2529 81 17  0  3  0 2026-10-01 09:51:53
 2  0      0 110332  78892 930412    0    0     0 20896 40377 1605 80 19  1  1  0 2026-10-01 09:51:54
 2  0      0 112412  78452 927508    0    0    24 14268 46783 3950 77 20  0  3  0 2026-10-01 09:51:55
 3  0      0 115864  77932 922644    0    0     8 14736 44293 5592 83 17  0  1  0 2026-10-01 09:51:56
 2  0      0 118896  77388 917200    0    0     4   516 43632 2832 83 16  0  1  0 2026-10-01 09:51:57
 3  1      0 108228  77412 927388    0    0     4 19244 44209 4786 79 20  0  2  0 2026-10-01 09:51:58
 2  0      0 111728  76252 915064    0    0     0  7184 44990 1076 81 19  0  0  0 2026-10-01 09:51:59
 3  0      0 108516  75720 914668    0    0     0  2544 47432 3582 78 17  0  5  0 2026-10-01 09:52:00
 2  0      0 109208  74952 909800    0    0  1344 26920 46685 3711 84 15  1  1  0 2026-10-01 09:52:01
 2  0      0 113296  74540 913464    0    0    40 13548 49786 3869 77 22  0  2  0 2026-10-01 09:52:02
procs -----------memory---------- ---swap-- -----io---- -system-- ------cpu----- -----timestamp-----
 r  b   swpd   free   buff  cache   si   so    bi    bo   in   cs us sy id wa st                 UTC
 2  0      0 113324  73512 909732    0    0   240 16096 42321 2512 80 19  0  1  0 2026-10-01 09:52:03
 5  0      0 113756  72712 903952    0    0   360   792 48043 2216 77 22  0  1  0 2026-10-01 09:52:04
 2  0      0 111900  72776 912600    0    0    84 23220 48852 7198 78 20  0  2  1 2026-10-01 09:52:05
 2  0      0 115052  71412 891656    0    0   268  5960 42227 1799 81 19  0  0  0 2026-10-01 09:52:06
 3  0      0 143292  71460 900460    0    0     0  1684 52141 1473 72 24  1  4  0 2026-10-01 09:52:07
 2  0      0 207600  71468 909732    0    0     0   448 51966  696 80 20  0  1  0 2026-10-01 09:52:08
 2  0      0 228168  71468 916836    0    0     0     0 46612  586 83 17  1  0  0 2026-10-01 09:52:09
 4  0      0 313836  71496 928520    0    0    20   820 60825 2704 74 23  2  1  0 2026-10-01 09:52:10
 3  0      0 289892  71496 936720    0    0     0     0 44953 3463 78 19  3  0  0 2026-10-01 09:52:11
 2  0      0 273960  71496 941776    0    0     0     8 41792  644 83 17  0  0  0 2026-10-01 09:52:12
 2  0      0 265564  71500 954956    0    0     4  1132 61734 1349 71 27  0  2  0 2026-10-01 09:52:13
 3  0      0 287156  71612 959444    0    0     0 53988 70216 10021 64 25 10  1  0 2026-10-01 09:52:14
 2  0      0 266708  71612 965308    0    0     0     0 41065  607 87 14  0  0  0 2026-10-01 09:52:15
 2  0      0 251624  71612 973940    0    0    60     0 48708  749 76 24  1  0  0 2026-10-01 09:52:16
 2  0      0 242300  71624 982936    0    0     0  1336 55076 1181 77 22  0  1  0 2026-10-01 09:52:17
 2  0      0 231868  71624 987672    0    0     0     0 44488  657 83 17  0  0  0 2026-10-01 09:52:18
 2  0      0 219924  71628 993820    0    0     0 30440 52486 1493 79 20  0  1  1 2026-10-01 09:52:19
 3  0      0 238356  71628 1004128    0    0     0   576 58753 1105 73 25  1  0  0 2026-10-01 09:52:20
 2  0      0 227788  71628 1010160    0    0     0     0 53378 7433 70 20 10  0  0 2026-10-01 09:52:21
 2  0      0 204948  71628 1019796    0    0     0   380 50238  754 82 18  1  0  0 2026-10-01 09:52:22
 3  0      0 181328  71628 1025128    0    0     0     0 43745  598 82 18  0  0  0 2026-10-01 09:52:23
procs -----------memory---------- ---swap-- -----io---- -system-- ------cpu----- -----timestamp-----
 r  b   swpd   free   buff  cache   si   so    bi    bo   in   cs us sy id wa st                 UTC
 2  0      0 173780  71636 1031996    0    0     0   308 59062  913 71 29  0  1  0 2026-10-01 09:52:24
 2  0      0 162464  71644 1042220    0    0     0   692 51413 1292 80 19  0  2  0 2026-10-01 09:52:25
 2  0      0 152888  71644 1051168    0    0     0     8 67755 2468 67 30  4  0  0 2026-10-01 09:52:26
 2  0      0 143772  71644 1057980    0    0     0     0 48649  664 81 19  0  0  0 2026-10-01 09:52:27
 2  0      0 135876  71644 1062824    0    0     0     0 55574 17288 60 23 16  0  0 2026-10-01 09:52:28
 3  0      0 127080  71644 1069364    0    0     0     0 53272 9111 70 21  9  0  0 2026-10-01 09:52:29
 0  0      0 154440  71680 1074464    0    0   464 38744 30859 2804 37 15 48  0  0 2026-10-01 09:52:30
 0  0      0 169596  71680 1071204    0    0     0     0 39467 24998  9 16 75  0  0 2026-10-01 09:52:31
 0  0      0 271376  71680 1054384    0    0     0    12 61298 44395 13 21 67  0  0 2026-10-01 09:52:32
 0  0      0 267156  71680 1054784    0    0   400     0   96   99  1  0 99  1  0 2026-10-01 09:52:33
