procs -----------memory---------- ---swap-- -----io---- -system-- ------cpu----- -----timestamp-----
 r  b   swpd   free   buff  cache   si   so    bi    bo   in   cs us sy id wa st                 UTC
 0  0      0 31159080  23892 475660    0    0     5     2  117  165 14  3 83  0  0 2026-10-01 09:51:21
 0  0      0 31146264  23892 475664    0    0     0     0 1916 1923  1  0 99  0  0 2026-10-01 09:51:22
 0  0      0 31146264  23892 475664    0    0     0     0  101  164  0  0 100  0  0 2026-10-01 09:51:23
 0  0      0 31146264  23892 475664    0    0     0     0   88  156  0  0 100  0  0 2026-10-01 09:51:24
 0  0      0 31146264  23900 475664    0    0     0    52   68  120  0  0 100  0  0 2026-10-01 09:51:25
 0  0      0 31146264  23900 475664    0    0     0     0   82  122  0  0 100  0  0 2026-10-01 09:51:26
 0  0      0 31141896  23900 475664    0    0     0    44 2595 1984  2  0 98  0  0 2026-10-01 09:51:27
 0  0      0 31141896  23900 475664    0    0     0     0   78  135  0  0 100  0  0 2026-10-01 09:51:28
 0  0      0 31141896  23900 475664    0    0     0     0   66  118  0  0 100  0  0 2026-10-01 09:51:29
 1  0      0 31083712  23900 475664    0    0     0     0 41273 44774 16  2 82  0  0 2026-10-01 09:51:30
16  0      0 31013976  23908 475664    0    0     0    12 45456 53031 16  2 82  0  0 2026-10-01 09:51:31
 1  0      0 30892092  23908 475696    0    0     0    12 57652 54275 27  2 71  0  0 2026-10-01 09:51:32
16  0      0 30773796  23908 476568    0    0     0     0 57912 53787 27  3 70  0  0 2026-10-01 09:51:33
16  0      0 30602588  23908 477896    0    0     0     0 68381 54992 36  3 61  0  0 2026-10-01 09:51:34
10  0      0 30472736  23908 479128    0    0     0     0 68327 56961 35  4 61  0  0 2026-10-01 09:51:35
 0  0      0 30276296  23908 480656    0    0     0     0 77836 52619 43  4 53  0  0 2026-10-01 09:51:36
 1  0      0 30143936  23916 481792    0    0     0    28 80356 54008 42  3 55  0  0 2026-10-01 09:51:37
10  0      0 29940992  23916 483112    0    0     0     0 88246 50394 50  5 46  0  0 2026-10-01 09:51:38
 2  0      0 29875388  23916 484232    0    0     0     0 82927 55446 45  4 52  0  0 2026-10-01 09:51:39
16  0      0 29688320  23916 485248    0    0     0     4 90452 46293 53  5 42  0  0 2026-10-01 09:51:40
16  0      0 29420528  23916 486312    0    0     0     0 97486 55078 43  5 52  0  0 2026-10-01 09:51:41
procs -----------memory---------- ---swap-- -----io---- -system-- ------cpu----- -----timestamp-----
 r  b   swpd   free   buff  cache   si   so    bi    bo   in   cs us sy id wa st                 UTC
 5  1      0 29362372  23924 487368    0    0     0    20 91447 43202 54  5 41  0  0 2026-10-01 09:51:42
 9  0      0 29225096  23924 488344    0    0     0     0 99650 54104 48  5 47  0  0 2026-10-01 09:51:43
16  0      0 29216980  23924 488800    0    0     0     0 91900 51063 48  4 48  0  0 2026-10-01 09:51:44
 6  0      0 29083772  23924 489664    0    0     0     0 104021 49292 51  5 44  0  0 2026-10-01 09:51:45
17  0      0 28963256  23924 490552    0    0     0     4 105715 53768 49  5 47  0  0 2026-10-01 09:51:46
16  0      0 28769388  23924 491040    0    0     0     0 115943 59231 49  6 46  0  0 2026-10-01 09:51:47
16  0      0 28755396  23932 492104    0    0     0    12 105227 58104 48  4 47  0  0 2026-10-01 09:51:48
16  0      0 28727252  23932 492736    0    0     0     0 105198 49824 53  5 42  0  0 2026-10-01 09:51:49
16  0      0 28641656  23932 493384    0    0     0     0 115368 54229 57  5 37  0  0 2026-10-01 09:51:50
 5  0      0 28601996  23932 494072    0    0     0     0 116343 71593 40  6 55  0  0 2026-10-01 09:51:51
 5  0      0 28328180  23932 494848    0    0     0   764 117783 47725 58  7 36  0  0 2026-10-01 09:51:52
16  0      0 28326900  23940 495568    0    0     0    28 118369 61326 54  5 41  0  0 2026-10-01 09:51:53
 6  0      0 28174156  23940 496720    0    0     0     0 116247 46825 63  6 31  0  0 2026-10-01 09:51:54
16  0      0 28147164  23940 497008    0    0     0     0 129703 77410 43  5 51  0  0 2026-10-01 09:51:55
 3  0      0 28027180  23940 498184    0    0     0     0 119186 48445 59  6 35  0  0 2026-10-01 09:51:56
 7  0      0 27952068  23940 498196    0    0     0     0 125440 63308 47  6 46  0  0 2026-10-01 09:51:57
 3  0      0 27792752  23948 499188    0    0     0    20 121147 43490 66  6 28  0  0 2026-10-01 09:51:58
 7  0      0 27791600  23948 499924    0    0     0     0 119897 76176 39  5 56  0  0 2026-10-01 09:51:59
 4  0      0 27668116  23948 500148    0    0     0     0 137793 65685 55  7 38  0  0 2026-10-01 09:52:00
16  0      0 27533380  23948 500908    0    0     0    28 120675 36084 68  6 26  0  0 2026-10-01 09:52:01
16  0      0 27532336  23948 501876    0    0     0     0 131571 80855 38  6 55  0  0 2026-10-01 09:52:02
procs -----------memory---------- ---swap-- -----io---- -system-- ------cpu----- -----timestamp-----
 r  b   swpd   free   buff  cache   si   so    bi    bo   in   cs us sy id wa st                 UTC
 3  0      0 27333272  23956 502548    0    0     0    36 135869 52652 61  7 32  0  0 2026-10-01 09:52:03
 2  0      0 27297800  23956 503660    0    0     0     4 119568 48261 63  6 31  0  0 2026-10-01 09:52:04
16  0      0 27293076  23956 504308    0    0     0     0 133237 74178 47  6 47  0  0 2026-10-01 09:52:05
16  0      0 27179228  23956 504452    0    0     0     0 129834 55754 60  6 34  0  0 2026-10-01 09:52:06
16  0      0 27058856  23956 505292    0    0     0   192 134893 52348 58  7 35  0  0 2026-10-01 09:52:07
 5  0      0 27052112  23956 505948    0    0     0     0 110868 29320 45 38 16  0  0 2026-10-01 09:52:08
16  0      0 26839028  23964 506372    0    0     0    20 138518 29089 64 22 15  0  0 2026-10-01 09:52:09
16  0      0 26826076  23964 507012    0    0     0     4 107811 19464 51 39 10  0  0 2026-10-01 09:52:10
 1  0      0 26773664  23964 507956    0    0     0     0 102067 10773 54 37  9  0  0 2026-10-01 09:52:11
16  0      0 26633504  23964 508388    0    0     0     0 142374 67959 42 14 45  0  0 2026-10-01 09:52:12
16  0      0 26588652  23964 508620    0    0     0     0 122466 6350 67 33  0  0  0 2026-10-01 09:52:13
16  0      0 26502788  23964 509388    0    0     0     0 111407 10602 60 37  3  0  0 2026-10-01 09:52:14
 2  0      0 26495708  23972 510372    0    0     0    12 114693 32277 40 42 18  0  0 2026-10-01 09:52:15
17  0      0 25950056  23972 510476    0    0     0     4 143523 39133 62 19 19  0  0 2026-10-01 09:52:16
16  0      0 25945368  23972 511036    0    0     0     0 115125 7682 51 49  0  0  0 2026-10-01 09:52:17
16  0      0 25961280  23972 511620    0    0     0     0 99063 7236 60 39  1  0  0 2026-10-01 09:52:18
16  0      0 25958280  23972 512196    0    0     0     0 139769 54036 44 30 26  0  0 2026-10-01 09:52:19
16  0      0 25673384  23972 512764    0    0     0     0 138626 19081 58 35  7  0  0 2026-10-01 09:52:20
16  0      0 25688480  23980 513332    0    0     0    12 116213 4954 55 45  0  0  0 2026-10-01 09:52:21
16  0      0 25712464  23980 513356    0    0     0     4 99816 6126 63 37  0  0  0 2026-10-01 09:52:22
 2  0      0 25699088  23980 514508    0    0     0     0 110725 5980 44 53  2  0  0 2026-10-01 09:52:23
procs -----------memory---------- ---swap-- -----io---- -system-- ------cpu----- -----timestamp-----
 r  b   swpd   free   buff  cache   si   so    bi    bo   in   cs us sy id wa st                 UTC
16  0      0 25608096  23980 514924    0    0     0     0 134611 27825 64 24 12  0  0 2026-10-01 09:52:24
27  0      0 25595372  23980 515588    0    0     0     0 119554 25442 44 42 14  0  0 2026-10-01 09:52:25
16  0      0 25526112  23980 515596    0    0     0     0 141438 14649 64 33  4  0  0 2026-10-01 09:52:26
16  0      0 25523996  23988 516124    0    0     0    12 112305 10064 48 52  0  0  0 2026-10-01 09:52:27
16  0      0 25302600  23988 516756    0    0     0     4 142645 15990 59 39  2  0  0 2026-10-01 09:52:28
16  0      0 25377340  23988 517460    0    0     0     0 108301 4264 54 45  0  0  0 2026-10-01 09:52:29
 0  0      0 25366592  23988 517508    0    0     0     0 101126 63673 41 13 46  0  0 2026-10-01 09:52:30
 0  0      0 31161456  23988 475612    0    0     0     0 65300 2260  0  7 93  0  0 2026-10-01 09:52:31
 0  0      0 31161204  23988 475612    0    0     0     8 39946  176  0  0 100  0  0 2026-10-01 09:52:32
 0  0      0 31161204  23996 475612    0    0     0    28   72  118  0  0 100  0  0 2026-10-01 09:52:33
 0  0      0 31161204  23996 475612    0    0     0    32   92  140  0  0 100  0  0 2026-10-01 09:52:34
 1  0      0 31153676  23996 475612    0    0     0     0  524  601  0  0 100  0  0 2026-10-01 09:52:35
