procs -----------memory---------- ---swap-- -----io---- -system-- ------cpu----- -----timestamp-----
 r  b   swpd   free   buff  cache   si   so    bi    bo   in   cs us sy id wa st                 UTC
 1  0      0 191044  76816 1123752    0    0    68   797 1400 1616 13  3 83  0  0 2026-10-01 09:51:21
 0  1      0 191044  76836 1067780    0    0  6980 13568 2269 4562  1  2 76 21  0 2026-10-01 09:51:22
 0  1      0 303852  76856 954660    0    0 17192 27488 4573 9120  1  5 49 45  0 2026-10-01 09:51:23
 0  1      0 415748  76864 842848    0    0 18532 27852 4820 9582  2  4 49 45  0 2026-10-01 09:51:24
 3  0      0 577780  76884 733564    0    0 12608 30496 4543 8879 30  7 31 33  0 2026-10-01 09:51:25
 0  0      0 710332  76916 735748    0    0     0 14728 5135 6893 26  4 57 14  0 2026-10-01 09:51:26
 0  0      0 725188  76916 736248    0    0    48   964  955 1318  1  0 97  2  0 2026-10-01 09:51:27
 0  0      0 1025104  76916 736248    0    0     0     0  285  380  1  2 98  0  0 2026-10-01 09:51:28
 0  0      0 1025104  76916 736248    0    0     0     0   37   39  0  0 100  0  0 2026-10-01 09:51:29
 0  1      0 1257220  76920 742820    0    0     0  3692 12647 10633 35  8 44 13  0 2026-10-01 09:51:30
 2  0      0 1312840  76940 750428    0    0     0  3956 13546 12475 36  7 42 15  0 2026-10-01 09:51:31
 0  0      0 1377164  76960 759628    0    0     0  2560 19517 16789 57 10 26  7  0 2026-10-01 09:51:32
 3  0      0 1345148  76968 768752    0    0     0  2772 20822 19429 58  9 27  6  0 2026-10-01 09:51:33
 8  0      0 1290444  76976 779760    0    0     0  2000 21450 12673 72 10 13  5  1 2026-10-01 09:51:34
 3  0      0 1214308  76984 789532    0    0     0  1776 22683 15627 70 12 14  4  0 2026-10-01 09:51:35
 2  1      0 1361180  76996 801440    0    0    64  2156 26485 5022 79 14  1  6  0 2026-10-01 09:51:36
 3  0      0 1417356  77000 814244    0    0     0  2632 26937 7304 80 16  0  4  0 2026-10-01 09:51:37
 4  0      0 1503476  77000 826552    0    0     0  1580 28191 4897 78 16  1  4  0 2026-10-01 09:51:38
 8  0      0 1602600  77008 836936    0    0     0  1848 28646 7513 86  9  0  5  0 2026-10-01 09:51:39
11  0      0 1630152  77012 849332    0    0     0  1144 32193 4303 84 13  0  3  0 2026-10-01 09:51:40
 3  0      0 1619256  77012 861568    0    0    32  1244 31796 3576 82 14  0  3  0 2026-10-01 09:51:41
procs -----------memory---------- ---swap-- -----io---- -system-- ------cpu----- -----timestamp-----
 r  b   swpd   free   buff  cache   si   so    bi    bo   in   cs us sy id wa st                 UTC
 9  0      0 1610936  77012 872384    0    0     0   968 32651 4015 85 13  0  2  0 2026-10-01 09:51:42
12  0      0 1554444  77012 884084    0    0     0  2448 35925 7730 79 17  0  4  0 2026-10-01 09:51:43
 8  0      0 1508060  77016 892520    0    0     0  1628 33594 8647 79 17  0  4  0 2026-10-01 09:51:44
11  0      0 1502596  77036 904076    0    0     0  2376 35142 6481 81 14  1  5  0 2026-10-01 09:51:45
 3  0      0 1498828  77036 914256    0    0     0   872 36148 7006 86 12  0  2  0 2026-10-01 09:51:46
 3  0      0 1492580  77048 924756    0    0     0  1172 40896 8003 84 14  0  2  0 2026-10-01 09:51:47
 3  0      0 1476436  77052 936404    0    0     0  1140 38674 2263 83 15  0  3  0 2026-10-01 09:51:48
 4  0      0 1440760  77056 947076    0    0     0   960 37392 2360 83 15  0  2  0 2026-10-01 09:51:49
 4  0      0 1344128  77060 958536    0    0     0  1344 39821 1763 77 21  0  3  0 2026-10-01 09:51:50
 4  0      0 1303736  77068 966972    0    0    32 56340 37384 1918 80 18  0  2  0 2026-10-01 09:51:51
 4  0      0 1290768  77068 975980    0    0     0  1084 31784 2427 85 12  1  2  0 2026-10-01 09:51:52
 3  0      0 1270184  77068 986976    0    0     0   600 63220 2807 74 26  0  1  0 2026-10-01 09:51:53
 5  0      0 1260372  77072 998764    0    0     0  1576 42724 8817 79 18  1  3  0 2026-10-01 09:51:54
 2  0      0 1243740  77076 1007776    0    0     0   788 43828 3733 80 17  0  2  0 2026-10-01 09:51:55
 2  0      0 1230672  77080 1019432    0    0     0 200656 44151 3367 77 21  0  3  0 2026-10-01 09:51:56
 3  0      0 1147020  77084 1028660    0    0     0  1976 42916 1189 75 21  1  4  0 2026-10-01 09:51:57
 4  0      0 1048668  77084 1038200    0    0     0  1312 42710 7223 75 21  0  3  0 2026-10-01 09:51:58
 2  0      0 947444  77084 1045540    0    0     0   616 33873 2462 83 17  0  1  0 2026-10-01 09:51:59
 2  0      0 934592  77084 1054776    0    0     0  1228 45984 1018 77 21  0  2  0 2026-10-01 09:52:00
 2  0      0 923036  77088 1065016    0    0     0  1628 42971 5744 75 23  0  2  0 2026-10-01 09:52:01
 2  0      0 910320  77092 1072892    0    0     0   660 38652 2151 88 11  0  1  0 2026-10-01 09:52:02
procs -----------memory---------- ---swap-- -----io---- -system-- ------cpu----- -----timestamp-----
 r  b   swpd   free   buff  cache   si   so    bi    bo   in   cs us sy id wa st                 UTC
 2  0      0 896964  77092 1083656    0    0     0  1096 47220 1154 79 18  0  2  0 2026-10-01 09:52:03
 2  0      0 881652  77092 1092544    0    0     0  1064 42322 1804 79 18  0  2  0 2026-10-01 09:52:04
 2  0      0 870816  77092 1101964    0    0     0   768 47405 1735 80 19  0  1  0 2026-10-01 09:52:05
 2  0      0 856564  77092 1114084    0    0     0  1596 48556 2719 77 20  0  3  0 2026-10-01 09:52:06
 2  0      0 772824  77092 1121168    0    0     0     0 41239  580 84 16  0  0  0 2026-10-01 09:52:07
 2  0      0 674920  77096 1129140    0    0     0   740 44107  970 77 21  0  2  0 2026-10-01 09:52:08
 2  0      0 581428  77104 1139192    0    0     0  1660 51525 1918 72 24  0  3  0 2026-10-01 09:52:09
 2  0      0 514420  77104 1146092    0    0     0     0 39064  680 81 19  0  0  0 2026-10-01 09:52:10
 2  0      0 491456  77104 1151528    0    0     0     0 43472  664 84 16  0  0  0 2026-10-01 09:52:11
 2  0      0 510260  77104 1163152    0    0     0 48140 50465 1590 73 26  0  1  0 2026-10-01 09:52:12
 2  0      0 499028  77104 1171612    0    0     0   452 48548  923 78 20  0  1  0 2026-10-01 09:52:13
 2  0      0 479716  77104 1178180    0    0     0     8 43380 1492 86 14  0  0  0 2026-10-01 09:52:14
 2  0      0 462944  77104 1187796    0    0     0     0 53634  651 77 23  0  0  1 2026-10-01 09:52:15
 2  0      0 444980  77104 1198068    0    0     0   564 51936  727 76 23  1  1  0 2026-10-01 09:52:16
 2  0      0 435416  77104 1205192    0    0     0 136188 51890 2057 81 19  0  0  0 2026-10-01 09:52:17
 2  0      0 424592  77104 1214344    0    0     0     0 49396  741 78 23  0  0  0 2026-10-01 09:52:18
 2  0      0 381260  77104 1222480    0    0     0   348 56266  712 77 23  0  0  0 2026-10-01 09:52:19
 2  0      0 279776  77104 1230540    0    0     0     8 49716  685 75 25  0  0  0 2026-10-01 09:52:20
 2  0      0 182012  77108 1238208    0    0     0   756 55232 1008 73 26  0  2  0 2026-10-01 09:52:21
 2  0      0 130340  77104 1243488    0    0    76     0 41246  652 83 17  0  0  0 2026-10-01 09:52:22
 3  0      0 108228  77052 1222064    0    0     0     0 54103  693 80 21  0  0  0 2026-10-01 09:52:23
procs -----------memory---------- ---swap-- -----io---- -system-- ------cpu----- -----timestamp-----
 r  b   swpd   free   buff  cache   si   so    bi    bo   in   cs us sy id wa st                 UTC
 2  0      0 108912  77048 1220716    0    0    12   280 48937  742 81 19  0  1  0 2026-10-01 09:52:24
 2  0      0 102124  77048 1225688    0    0    40     0 49914  664 80 19  0  0  0 2026-10-01 09:52:25
 2  0      0 139588  77060 1228916    0    0    12   632 62015 1981 68 30  2  1  0 2026-10-01 09:52:26
 5  0      0 118516  77060 1235860    0    0    12     0 53712 8266 65 23 11  0  0 2026-10-01 09:52:27
 2  0      0 108600  77060 1240632    0    0     0     0 55279 20639 60 21 20  0  0 2026-10-01 09:52:28
 2  0      0 115532  76932 1223656    0    0    68     0 45270 7613 75 18  6  0  0 2026-10-01 09:52:29
 0  0      0 102136  76876 1226964    0    0   148     0 48202 3271 74 20  5  0  0 2026-10-01 09:52:30
 2  0      0 102136  76876 1224656    0    0     0   264 35162 23706  8 14 79  0  0 2026-10-01 09:52:31
 0  0      0 224628  76876 1207348    0    0     0     8 53445 39799  9 18 73  0  0 2026-10-01 09:52:32
 0  0      0 224376  76876 1207352    0    0     0     0   25   34  0  0 100  0  0 2026-10-01 09:52:33
 1  0      0 220912  76876 1207352    0    0     0     0   83   82  0  0 100  0  0 2026-10-01 09:52:34
