procs -----------memory---------- ---swap-- -----io---- -system-- ------cpu----- -----timestamp-----
 r  b   swpd   free   buff  cache   si   so    bi    bo   in   cs us sy id wa st                 UTC
 1  0      0 1298164  61192 537104    0    0   219   487  641 2126  9 11 79  1  0 2026-10-01 09:51:21
 4  1      0 1298104  61380 535684    0    0     0 19024 4192 8441 34  7 49 10  0 2026-10-01 09:51:22
 0  0      0 1298164  61676 537352    0    0     0 12760 3715 6023 19  3 64 14  0 2026-10-01 09:51:23
 0  0      0 1298164  61680 537352    0    0     0    20  277  441  0  0 100  0  0 2026-10-01 09:51:24
 0  0      0 1298164  61680 537352    0    0     0     0  248  412  0  0 100  0  0 2026-10-01 09:51:25
 0  0      0 1298164  61680 537352    0    0     0     0  264  427  0  0 99  0  0 2026-10-01 09:51:26
 0  0      0 1298164  61708 537352    0    0     0   460 1696 1937  2  1 97  1  0 2026-10-01 09:51:27
 0  0      0 1298164  61708 537352    0    0     0    12  243  394  0  0 100  0  0 2026-10-01 09:51:28
 0  0      0 1298164  61716 537352    0    0     0    80  433  665  0  0 99  1  0 2026-10-01 09:51:29
 1  0      0 1296336  61760 537468    0    0     0  1048 34109 31832 19 16 63  2  0 2026-10-01 09:51:30
 0  0      0 1291376  61792 538688    0    0     0   468 39811 38415 25 21 53  0  0 2026-10-01 09:51:31
 0  0      0 1284488  61824 540536    0    0     0   780 51836 40163 23 27 49  1  0 2026-10-01 09:51:32
 0  0      0 1276212  61844 542484    0    0     0  1080 55114 40772 27 29 43  1  0 2026-10-01 09:51:33
 1  0      0 1266728  61896 544812    0    0     0  1672 62764 41424 23 33 43  1  0 2026-10-01 09:51:34
 3  0      0 1256560  61968 547064    0    0     0  1980 65465 41561 27 33 38  2  1 2026-10-01 09:51:35
 4  0      0 1245172  62036 549632    0    0     0  1972 73011 40511 27 39 34  1  0 2026-10-01 09:51:36
 3  0      0 1235636  62104 552164    0    0     0  1900 73385 37356 28 38 33  2  0 2026-10-01 09:51:37
 5  0      0 1223788  62172 554740    0    0     0  1812 79166 35173 24 45 30  1  0 2026-10-01 09:51:38
 6  0      0 1217052  62224 557012    0    0     0  1676 78201 37187 27 43 29  1  0 2026-10-01 09:51:39
 3  0      0 1205928  62272 559752    0    0     0  1532 83760 33579 25 48 26  1  0 2026-10-01 09:51:40
 5  0      0 1199632  62324 561212    0    0     0  1448 84554 34838 27 46 27  1  0 2026-10-01 09:51:41
procs -----------memory---------- ---swap-- -----io---- -system-- ------cpu----- -----timestamp-----
 r  b   swpd   free   buff  cache   si   so    bi    bo   in   cs us sy id wa st                 UTC
 5  0      0 1192872  62360 563376    0    0     0  1376 85355 31755 28 47 24  1  0 2026-10-01 09:51:42
 3  0      0 1183508  62396 564888    0    0     0  1388 86766 29713 30 51 18  0  0 2026-10-01 09:51:43
 6  0      0 1178696  62440 566624    0    0     0  1352 86908 32935 25 53 22  0  0 2026-10-01 09:51:44
 6  0      0 1173124  62472 568504    0    0     0  1332 89523 33211 23 51 26  0  0 2026-10-01 09:51:45
 6  0      0 1165904  62504 570104    0    0     0  1404 90048 29061 29 53 18  0  0 2026-10-01 09:51:46
 4  0      0 1162172  62528 571420    0    0     0  1220 93421 31826 26 53 21  1  0 2026-10-01 09:51:47
 6  0      0 1154492  62576 572736    0    0     0  4496 92596 29984 26 55 19  0  0 2026-10-01 09:51:48
 3  0      0 1147760  62612 574484    0    0     0  1336 92068 29554 24 56 20  0  0 2026-10-01 09:51:49
 3  0      0 1142816  62648 576552    0    0     0  1092 93467 27663 25 59 15  0  0 2026-10-01 09:51:50
 5  0      0 1138024  62680 577604    0    0     0   980 91516 29427 26 59 16  0  1 2026-10-01 09:51:51
 8  0      0 1125620  62696 579376    0    0     0  1912 94402 26898 27 56 16  1  0 2026-10-01 09:51:52
10  0      0 1121680  62712 580448    0    0     0   904 95377 26922 25 60 14  0  0 2026-10-01 09:51:53
 6  0      0 1116552  62724 583096    0    0     0   812 94224 28406 22 60 18  1  0 2026-10-01 09:51:54
 8  0      0 1100464  62748 583528    0    0     0   808 95309 21752 29 62  9  0  0 2026-10-01 09:51:55
 4  0      0 1095576  62752 585832    0    0     0   840 93924 28168 27 58 15  0  0 2026-10-01 09:51:56
 7  0      0 1093992  62772 586248    0    0     0   808 92957 26656 27 57 16  1  0 2026-10-01 09:51:57
 3  0      0 1089752  62796 588640    0    0     0   808 94079 26316 24 57 18  0  0 2026-10-01 09:51:58
 4  0      0 1082380  62800 589716    0    0     0   732 95238 25784 29 59 12  0  0 2026-10-01 09:51:59
 8  0      0 1081228  62820 590348    0    0     0   720 94750 22876 19 68 13  0  0 2026-10-01 09:52:00
 4  0      0 1076564  62828 592964    0    0     0   744 92552 27549 24 58 18  1  0 2026-10-01 09:52:01
 7  0      0 1073156  62840 593524    0    0     0   748 92634 20832 30 64  7  0  0 2026-10-01 09:52:02
procs -----------memory---------- ---swap-- -----io---- -system-- ------cpu----- -----timestamp-----
 r  b   swpd   free   buff  cache   si   so    bi    bo   in   cs us sy id wa st                 UTC
 4  0      0 1069676  62848 595068    0    0     0   704 98334 27373 27 58 15  0  0 2026-10-01 09:52:03
 6  0      0 1064104  62872 597136    0    0     0   688 95318 25235 23 62 15  1  0 2026-10-01 09:52:04
 0  0      0 1046372  62892 598496    0    0     0   640 93156 17716 28 64  8  0  0 2026-10-01 09:52:05
 3  0      0 1042888  62896 600128    0    0     0   660 94786 25563 24 61 14  1  1 2026-10-01 09:52:06
 4  0      0 1036204  62904 600816    0    0     0   700 91540 23618 22 65 13  0  0 2026-10-01 09:52:07
 6  0      0 1030244  62920 602384    0    0     0   668 95222 16250 29 61 10  0  0 2026-10-01 09:52:08
 5  0      0 1025644  62928 603676    0    0     0   824 93747 23917 17 63 19  1  0 2026-10-01 09:52:09
 0  0      0 1024716  62944 604412    0    0     0   832 92709 24376 18 62 20  0  0 2026-10-01 09:52:10
 5  0      0 1021156  62952 606784    0    0     0   760 89485 24589 19 58 23  0  0 2026-10-01 09:52:11
 2  0      0 998780  62976 606916    0    0     0   656 96397 20296 26 66  9  0  0 2026-10-01 09:52:12
 2  0      0 997088  62984 608620    0    0     0   648 91676 16739 20 69 12  1  0 2026-10-01 09:52:13
 1  0      0 995876  62988 610080    0    0     0   652 91570 26933 17 56 28  0  0 2026-10-01 09:52:14
 3  0      0 976788  63000 610972    0    0     0   572 95585 17435 26 64 10  0  0 2026-10-01 09:52:15
 3  0      0 972792  63008 611740    0    0     0   572 89580 21232 17 68 15  0  0 2026-10-01 09:52:16
 0  0      0 971352  63016 613540    0    0     0   472 89699 18206 17 66 17  0  0 2026-10-01 09:52:17
 4  0      0 912780  63028 613992    0    0     0   532 95472 25014 18 60 22  1  0 2026-10-01 09:52:18
 2  0      0 973740  63040 615252    0    0     0   772 92173 12453 21 73  6  0  0 2026-10-01 09:52:19
 2  0      0 969440  63052 615784    0    0     0   648 89002 20207 18 68 14  0  0 2026-10-01 09:52:20
 2  0      0 968000  63056 617384    0    0     0   736 90763 21286 15 66 19  1  1 2026-10-01 09:52:21
 2  0      0 957760  63084 618512    0    0     0   736 94460 20001 22 64 13  0  0 2026-10-01 09:52:22
 2  0      0 951812  63088 620300    0    0     0   592 89997 17205 20 65 15  0  0 2026-10-01 09:52:23
procs -----------memory---------- ---swap-- -----io---- -system-- ------cpu----- -----timestamp-----
 r  b   swpd   free   buff  cache   si   so    bi    bo   in   cs us sy id wa st                 UTC
 2  0      0 943256  63100 620564    0    0     0   612 85800 18083 17 67 16  1  0 2026-10-01 09:52:24
 2  0      0 925228  63116 621984    0    0     0   680 94571 10838 26 71  2  0  0 2026-10-01 09:52:25
 4  0      0 916492  63132 622088    0    0     0   584 81968 10709 20 76  4  0  0 2026-10-01 09:52:26
 2  0      0 912760  63144 623304    0    0     0   504 91801 21263 13 67 19  0  0 2026-10-01 09:52:27
 3  0      0 901960  63156 624348    0    0     0   500 95408 24510 17 61 22  1  0 2026-10-01 09:52:28
 1  0      0 890552  63160 625984    0    0     0   504 92116 12862 18 71 12  0  0 2026-10-01 09:52:29
 0  0      0 888104  63164 625160    0    0     0   452 68898 9939  7 46 47  0  0 2026-10-01 09:52:30
 2  0      0 968548  63168 607888    0    0     0   480 34487 1477  8 41 49  1  0 2026-10-01 09:52:31
 0  0      0 1310924  63176 539360    0    0     0  1056 63454 2682 32 47 21  0  0 2026-10-01 09:52:32
