+--------+--------+-------------------------------------------+-------+-------+-------+---------+-------+--------+-----+-----+-----+
| COUNT  | METHOD |                    URI                    |  MIN  |  AVG  |  MAX  |   SUM   |  P99  |  2XX   | 3XX | 4XX | 5XX |
+--------+--------+-------------------------------------------+-------+-------+-------+---------+-------+--------+-----+-----+-----+
| 140081 | GET    | ^/api/player/player/[^/]+                 | 0.000 | 0.002 | 0.088 | 344.496 | 0.032 | 140068 | 0   | 13  | 0   |
| 59204  | GET    | ^/api/player/competition/[^/]+/ranking    | 0.000 | 0.003 | 0.076 | 151.252 | 0.028 | 59193  | 0   | 11  | 0   |
| 7796   | GET    | /api/player/competitions                  | 0.004 | 0.004 | 0.088 | 30.656  | 0.040 | 7786   | 0   | 10  | 0   |
| 1287   | POST   | ^/api/organizer/competition/[^/]+/finish  | 0.004 | 0.005 | 0.128 | 6.480   | 0.040 | 1286   | 0   | 1   | 0   |
| 1349   | GET    | /api/organizer/players                    | 0.000 | 0.003 | 0.088 | 4.204   | 0.032 | 1349   | 0   | 0   | 0   |
| 1344   | POST   | ^/api/organizer/competition/[^/]+/score   | 0.004 | 0.003 | 0.048 | 3.880   | 0.024 | 1339   | 0   | 5   | 0   |
| 1341   | POST   | /api/organizer/competitions/add           | 0.000 | 0.003 | 0.048 | 3.808   | 0.028 | 1340   | 0   | 1   | 0   |
| 1265   | GET    | /api/organizer/billing                    | 0.000 | 0.003 | 0.060 | 3.624   | 0.032 | 1265   | 0   | 0   | 0   |
| 1241   | GET    | /api/admin/tenants/billing?before=xxx     | 0.004 | 0.002 | 0.048 | 2.160   | 0.024 | 1241   | 0   | 0   | 0   |
| 118    | POST   | /api/organizer/players/add                | 0.004 | 0.015 | 0.048 | 1.716   | 0.044 | 118    | 0   | 0   | 0   |
| 1      | POST   | /initialize                               | 0.912 | 0.912 | 0.912 | 0.912   | 0.912 | 1      | 0   | 0   | 0   |
| 92     | POST   | /api/admin/tenants/add                    | 0.004 | 0.002 | 0.060 | 0.204   | 0.060 | 87     | 0   | 5   | 0   |
| 82     | GET    | /api/admin/tenants/billing                | 0.000 | 0.002 | 0.028 | 0.168   | 0.028 | 82     | 0   | 0   | 0   |
| 12     | POST   | ^/api/organizer/player/[^/]+/disqualified | 0.000 | 0.004 | 0.028 | 0.044   | 0.028 | 11     | 0   | 1   | 0   |
| 1      | GET    | ^/js/                                     | 0.000 | 0.000 | 0.000 | 0.000   | 0.000 | 1      | 0   | 0   | 0   |
| 1      | GET    | /api/me                                   | 0.000 | 0.000 | 0.000 | 0.000   | 0.000 | 1      | 0   | 0   | 0   |
| 1      | GET    | /index.html                               | 0.000 | 0.000 | 0.000 | 0.000   | 0.000 | 1      | 0   | 0   | 0   |
| 1      | GET    | ^/css/                                    | 0.000 | 0.000 | 0.000 | 0.000   | 0.000 | 1      | 0   | 0   | 0   |
| 1      | GET    | /api/organizer/competitions               | 0.000 | 0.000 | 0.000 | 0.000   | 0.000 | 1      | 0   | 0   | 0   |
+--------+--------+-------------------------------------------+-------+-------+-------+---------+-------+--------+-----+-----+-----+
