procs -----------memory---------- ---swap-- -----io---- -system-- ------cpu----- -----timestamp-----
 r  b   swpd   free   buff  cache   si   so    bi    bo   in   cs us sy id wa st                 UTC
 1  0      0 1297512  56512 2241132    0    0   410   685  356  558  5  1 89  4  0 2026-10-01 07:28:07
 0  3      0 1258712  56980 2262384    0    0    24 11908 1535 2659 15  3 77  5  0 2026-10-01 07:28:08
 0  0      0 1210120  58488 2265260    0    0     0 17716 4708 8844 33  3 43 20  0 2026-10-01 07:28:09
 0  0      0 1210120  58488 2265260    0    0     0 20180  259  391  1  0 98  2  0 2026-10-01 07:28:10
 0  0      0 1210120  58488 2265260    0    0     0  1188  155  249  0  1 99  1  0 2026-10-01 07:28:11
 0  0      0 1210120  58488 2265260    0    0     0     8   43   49  0  0 100  0  0 2026-10-01 07:28:12
 0  0      0 1200600  58696 2267364    0    0     0  1072 3102 4237  3  1 92  4  0 2026-10-01 07:28:13
 0  0      0 1194048  58820 2268780    0    0     0   596 2549 3406  2  2 94  3  0 2026-10-01 07:28:14
 0  0      0 1186992  58896 2270648    0    0     0   416 4134 5398  6  1 92  2  0 2026-10-01 07:28:15
 0  0      0 1184752  58916 2272064    0    0     0   120 3683 4619  4  1 95  1  0 2026-10-01 07:28:16
 1  0      0 1182232  58988 2273860    0    0     0   972 4514 5809  3  3 94  2  0 2026-10-01 07:28:17
 1  0      0 1177948  59012 2275448    0    0     0   144 4607 5842  3  2 94  0  0 2026-10-01 07:28:18
 1  0      0 1170136  59012 2277116    0    0     0     0 5314 6824  3  3 95  0  0 2026-10-01 07:28:19
 1  0      0 1167868  59012 2278340    0    0     0     0 4679 5805  4  2 94  0  0 2026-10-01 07:28:20
 2  0      0 1166132  59012 2279748    0    0     0     0 5500 6927  5  1 94  0  0 2026-10-01 07:28:21
 1  0      0 1163864  59012 2281312    0    0     0     0 5922 7419  2  1 97  0  0 2026-10-01 07:28:22
 1  0      0 1161848  59044 2282852    0    0     0   200 5868 7454  4  3 92  0  0 2026-10-01 07:28:23
 3  0      0 1155548  59044 2284208    0    0     0     8 6294 8007  3  4 94  0  0 2026-10-01 07:28:24
 1  0      0 1150004  59044 2285508    0    0     0     0 5508 6714  4  2 94  0  0 2026-10-01 07:28:25
 2  0      0 1148240  59044 2286792    0    0     0     0 6293 8062  3  2 95  0  0 2026-10-01 07:28:26
 1  0      0 1146252  59068 2288232    0    0     0   152 7154 8939  6  2 92  1  0 2026-10-01 07:28:27
procs -----------memory---------- ---swap-- -----io---- -system-- ------cpu----- -----timestamp-----
 r  b   swpd   free   buff  cache   si   so    bi    bo   in   cs us sy id wa st                 UTC
 1  0      0 1144516  59068 2289500    0    0     0     0 6726 8343  4  2 93  0  0 2026-10-01 07:28:28
 1  0      0 1143508  59068 2290416    0    0     0     0 6401 8175  4  2 94  0  0 2026-10-01 07:28:29
 0  0      0 1139980  59068 2292076    0    0     0    12 7931 10164  3  3 94  0  0 2026-10-01 07:28:30
 1  0      0 1135192  59068 2293128    0    0     0     0 6983 8920  6  2 91  0  0 2026-10-01 07:28:31
 0  0      0 1133932  59072 2294020    0    0     0    60 7519 9179  5  3 92  0  0 2026-10-01 07:28:32
 0  0      0 1132672  59072 2295188    0    0     0     0 6760 8711  3  2 95  0  0 2026-10-01 07:28:33
 0  0      0 1131416  59072 2296076    0    0     0     0 7836 9774  5  2 93  0  0 2026-10-01 07:28:34
 0  0      0 1130408  59072 2297080    0    0     0     0 7815 9928  4  4 92  0  0 2026-10-01 07:28:35
 0  0      0 1129400  59072 2298008    0    0     0     8 7859 10190  4  1 94  0  1 2026-10-01 07:28:36
 0  0      0 1123352  59080 2299244    0    0     0    52 7584 9394  6  4 90  0  0 2026-10-01 07:28:37
 0  0      0 1121588  59080 2299948    0    0     0     0 8300 10881  5  2 93  0  0 2026-10-01 07:28:38
 0  0      0 1120384  59080 2300764    0    0     0  3104 7247 9563  4  4 92  0  0 2026-10-01 07:28:39
 0  0      0 1118872  59080 2301776    0    0     0     0 7719 9864  5  2 94  0  0 2026-10-01 07:28:40
 0  0      0 1117612  59080 2302952    0    0     0     0 9234 11749  6  3 91  0  0 2026-10-01 07:28:41
 0  0      0 1116856  59084 2303664    0    0     0   100 6947 8902  4  1 95  0  0 2026-10-01 07:28:42
 0  0      0 1115092  59084 2304648    0    0     0     0 9451 11992  5  2 93  0  0 2026-10-01 07:28:43
 1  0      0 1109576  59084 2305260    0    0     0 23088 7802 9928  6  2 90  2  0 2026-10-01 07:28:44
 0  0      0 1107812  59084 2306236    0    0     0     0 7957 10278  4  3 93  0  0 2026-10-01 07:28:45
 0  0      0 1106804  59084 2307208    0    0     0     0 10278 13210  5  4 91  0  0 2026-10-01 07:28:46
 0  0      0 1106048  59088 2307856    0    0     0    52 7458 9709  3  2 95  0  0 2026-10-01 07:28:47
 0  0      0 1105292  59088 2308696    0    0     0   116 9540 12226  4  5 92  0  0 2026-10-01 07:28:48
procs -----------memory---------- ---swap-- -----io---- -system-- ------cpu----- -----timestamp-----
 r  b   swpd   free   buff  cache   si   so    bi    bo   in   cs us sy id wa st                 UTC
 0  0      0 1104536  59088 2309176    0    0     0 15040 7669 9885  5  3 90  3  0 2026-10-01 07:28:49
 0  0      0 1103276  59088 2310208    0    0     0     0 9289 11980  5  3 93  0  0 2026-10-01 07:28:50
 0  0      0 1100252  59088 2310788    0    0     0     0 8828 11261  7  2 91  0  0 2026-10-01 07:28:51
 0  0      0 1098992  59096 2311660    0    0     0    60 8863 11569  4  3 92  1  0 2026-10-01 07:28:52
 0  0      0 1097984  59096 2312296    0    0     0     0 9485 12495  4  2 94  0  0 2026-10-01 07:28:53
 0  0      0 1097480  59096 2312840    0    0     0  1708 8146 10397  4  2 94  0  0 2026-10-01 07:28:54
 0  0      0 1096976  59096 2313508    0    0     0     0 10303 13501  5  3 93  0  0 2026-10-01 07:28:55
 0  0      0 1095716  59096 2314456    0    0     0     0 8078 10402  4  4 93  0  0 2026-10-01 07:28:56
 0  0      0 1094960  59112 2315208    0    0     0   156 10495 13721  4  4 92  0  0 2026-10-01 07:28:57
 0  0      0 1092188  59112 2315860    0    0     0     0 7708 9886  5  3 92  0  0 2026-10-01 07:28:58
 0  0      0 1090676  59112 2316664    0    0     0     0 11066 14364  5  4 91  0  0 2026-10-01 07:28:59
 0  0      0 1089668  59112 2317364    0    0     0  1512 8004 10402  5  1 93  0  1 2026-10-01 07:29:00
 0  0      0 1087936  59120 2318032    0    0     0    88 10866 14368  4  5 91  0  0 2026-10-01 07:29:01
 0  0      0 1087460  59120 2318436    0    0     0     0 8093 10515  4  3 93  0  0 2026-10-01 07:29:02
 2  0      0 1086984  59120 2319128    0    0     0     0 10810 13967  5  1 94  0  0 2026-10-01 07:29:03
 0  0      0 1085752  59128 2320060    0    0     0    68 8289 10789  5  3 92  0  0 2026-10-01 07:29:04
 0  0      0 1082532  59128 2320496    0    0     0     0 11613 15230  7  3 91  0  0 2026-10-01 07:29:05
 0  0      0 1080040  59128 2321308    0    0     0   168 7512 9530  6  2 92  0  0 2026-10-01 07:29:06
 0  0      0 1079060  59128 2321920    0    0     0     0 11521 14903  4  4 93  0  0 2026-10-01 07:29:07
 0  0      0 1078080  59128 2322576    0    0     0     0 8254 10843  4  2 95  0  0 2026-10-01 07:29:08
 0  0      0 1077128  59128 2322764    0    0     0    48 10127 13183  5  4 92  0  0 2026-10-01 07:29:09
procs -----------memory---------- ---swap-- -----io---- -system-- ------cpu----- -----timestamp-----
 r  b   swpd   free   buff  cache   si   so    bi    bo   in   cs us sy id wa st                 UTC
 0  0      0 1076400  59128 2323352    0    0     0     0 8601 11162  3  3 94  0  0 2026-10-01 07:29:10
 0  0      0 1075672  59128 2323812    0    0     0     0 8643 10973  4  2 94  0  0 2026-10-01 07:29:11
 0  0      0 1074916  59128 2324320    0    0     0    12 8322 10908  3  3 94  0  0 2026-10-01 07:29:12
 0  0      0 1074916  59128 2324320    0    0     0     0   27   30  0  0 100  0  0 2026-10-01 07:29:13
 0  0      0 1074916  59136 2324312    0    0     0    40   51   56  0  0 100  0  0 2026-10-01 07:29:14
 0  0      0 1074916  59136 2324320    0    0     0  6940  107  112  0  0 99  0  0 2026-10-01 07:29:15
 0  0      0 1074916  59136 2324324    0    0     0     0   42   44  0  0 100  0  0 2026-10-01 07:29:16
 0  0      0 1074916  59136 2324324    0    0     0     0   43   43  0  1 100  0  0 2026-10-01 07:29:17
