procs -----------memory---------- ---swap-- -----io---- -system-- ------cpu----- -----timestamp-----
 r  b   swpd   free   buff  cache   si   so    bi    bo   in   cs us sy id wa st                 UTC
 1  0      0 1257996  57224 2270848    0    0   438   820  358  555  7  1 87  4  0 2026-10-01 07:28:07
 1  1      0 1223524  57796 2292172    0    0    28 32752 1733 3221 13  4 77  7  0 2026-10-01 07:28:08
 0  0      0 1176400  59152 2295260    0    0     0 17404 4956 9197 35  5 43 17  0 2026-10-01 07:28:09
 0  0      0 1176400  59152 2295260    0    0     0     0   38   48  0  0 100  0  0 2026-10-01 07:28:10
 0  0      0 1176400  59152 2295260    0    0     0     0   35   53  0  0 100  0  0 2026-10-01 07:28:11
 0  1      0 1171612  59296 2296216    0    0     0  1876 1784 2667  1  1 93  4  0 2026-10-01 07:28:12
 2  0      0 1161812  59532 2299064    0    0     0  1176 4011 5503  3  1 91  5  0 2026-10-01 07:28:13
 0  0      0 1156268  59712 2301788    0    0     0   992 4970 6652  4  2 89  4  0 2026-10-01 07:28:14
 2  0      0 1141428  59916 2305188    0    0     0  1520 6414 8385  5  3 88  4  0 2026-10-01 07:28:15
 2  1      0 1136640  60000 2307596    0    0     0   452 5564 7109  6  1 91  2  0 2026-10-01 07:28:16
 0  0      0 1132636  60060 2310980    0    0     0   272 7514 9460  6  2 92  1  0 2026-10-01 07:28:17
 1  0      0 1123564  60076 2313268    0    0     0   148 7069 8833  5  3 92  1  0 2026-10-01 07:28:18
 2  0      0 1113540  60148 2316656    0    0     0   388 8573 10673  7  3 89  1  0 2026-10-01 07:28:19
 1  0      0 1110012  60164 2319492    0    0     0   136 8723 11025  6  3 90  0  0 2026-10-01 07:28:20
 1  0      0 1105728  60164 2322520    0    0     0     0 9358 11686  6  4 89  0  0 2026-10-01 07:28:21
 1  0      0 1096404  60192 2325256    0    0     0   212 9420 11406  7  4 88  1  0 2026-10-01 07:28:22
 1  0      0 1093408  60192 2327744    0    0     0     0 9238 11489  6  2 91  0  1 2026-10-01 07:28:23
 1  0      0 1090412  60192 2330228    0    0     0     0 10147 12585  7  4 90  0  0 2026-10-01 07:28:24
 1  0      0 1082180  60220 2332556    0    0     0   176 9579 11540  8  2 89  1  0 2026-10-01 07:28:25
 1  0      0 1077980  60220 2334980    0    0     0     0 10346 12837  6  4 89  0  0 2026-10-01 07:28:26
 1  0      0 1075012  60220 2337136    0    0     0     0 10732 13236  7  3 91  0  0 2026-10-01 07:28:27
procs -----------memory---------- ---swap-- -----io---- -system-- ------cpu----- -----timestamp-----
 r  b   swpd   free   buff  cache   si   so    bi    bo   in   cs us sy id wa st                 UTC
 2  0      0 1072296  60220 2339412    0    0     0     0 10853 12747  4  4 92  0  0 2026-10-01 07:28:28
 1  0      0 1062468  60228 2341620    0    0     0    64 10801 13240  9  5 87  0  0 2026-10-01 07:28:29
 1  0      0 1059444  60228 2343944    0    0     0     0 12531 15579  7  6 86  0  0 2026-10-01 07:28:30
 1  0      0 1056700  60228 2345884    0    0     0    12 11021 13519  8  4 88  0  0 2026-10-01 07:28:31
 1  0      0 1054444  60228 2347960    0    0     0    12 11844 14031  7  3 91  0  0 2026-10-01 07:28:32
 0  0      0 1049712  60228 2349464    0    0     0     0 11205 13842  7  4 90  0  0 2026-10-01 07:28:33
 0  0      0 1043524  60232 2351772    0    0     0    72 12237 14783  9  5 86  0  0 2026-10-01 07:28:34
 0  0      0 1041060  60232 2353748    0    0     0     0 13046 16154  6  4 90  0  0 2026-10-01 07:28:35
 0  0      0 1038568  60240 2355332    0    0     0    64 12659 15833  6  5 89  1  0 2026-10-01 07:28:36
 0  0      0 1035824  60260 2357236    0    0     0   160 12211 15074  8  4 87  0  0 2026-10-01 07:28:37
 2  0      0 1027540  60276 2359508    0    0     0    80 14573 17847 10  5 85  0  0 2026-10-01 07:28:38
 0  0      0 1025524  60276 2360988    0    0     0  2400 11667 14823  5  4 91  0  0 2026-10-01 07:28:39
 0  0      0 1024040  60276 2362564    0    0     0     0 12954 15642  6  5 89  0  0 2026-10-01 07:28:40
 0  0      0 1021520  60320 2364572    0    0     0   256 14233 17902  7  4 89  1  0 2026-10-01 07:28:41
 0  0      0 1014464  60320 2366164    0    0     0     0 12127 15039  8  4 88  0  0 2026-10-01 07:28:42
 0  0      0 1012448  60320 2368068    0    0     0    12 15588 19234 10  4 86  0  0 2026-10-01 07:28:43
 0  0      0 1011188  60328 2369248    0    0     0 39000 12684 15523  7  4 86  3  0 2026-10-01 07:28:44
 0  0      0 1008752  60328 2370980    0    0     0   108 13112 16086  8  4 88  0  0 2026-10-01 07:28:45
 0  0      0 1004972  60332 2372836    0    0     0    72 16171 19935 11  4 85  0  0 2026-10-01 07:28:46
 0  0      0 1000716  60332 2374200    0    0     0     0 12253 15567  9  5 86  0  0 2026-10-01 07:28:47
 0  0      0 997300  60360 2375888    0    0     0   180 15581 19083  7  6 87  1  0 2026-10-01 07:28:48
procs -----------memory---------- ---swap-- -----io---- -system-- ------cpu----- -----timestamp-----
 r  b   swpd   free   buff  cache   si   so    bi    bo   in   cs us sy id wa st                 UTC
 0  0      0 995788  60360 2377208    0    0     0 30284 13135 16268  6  4 89  2  0 2026-10-01 07:28:49
 2  0      0 993520  60360 2379348    0    0     0     0 15176 18521  7  5 88  0  0 2026-10-01 07:28:50
 2  0      0 987276  60360 2380464    0    0     0     0 14065 16992 10  4 86  0  0 2026-10-01 07:28:51
 0  0      0 985540  60360 2382000    0    0     0     0 14182 17680  8  5 88  0  0 2026-10-01 07:28:52
 0  0      0 983384  60368 2382960    0    0     0   140 15498 19485  8  5 88  0  0 2026-10-01 07:28:53
 0  0      0 981396  60368 2384524    0    0     0  5088 12743 15613  7  5 88  1  0 2026-10-01 07:28:54
 0  0      0 979632  60368 2386256    0    0     0     8 18242 22473  9  6 85  0  0 2026-10-01 07:28:55
 0  0      0 972576  60368 2387600    0    0     0     0 12189 15122  7  5 88  0  0 2026-10-01 07:28:56
 0  0      0 971064  60368 2388776    0    0     0     0 17983 22385  9  7 84  0  0 2026-10-01 07:28:57
 0  0      0 970308  60376 2389684    0    0     0    76 11250 14235  6  3 91  0  0 2026-10-01 07:28:58
 0  0      0 968796  60376 2390960    0    0     0  1588 17935 22183  8  6 87  0  0 2026-10-01 07:28:59
 0  0      0 967284  60376 2392480    0    0     0     0 12748 16020  7  4 89  0  0 2026-10-01 07:29:00
 0  0      0 962496  60400 2393656    0    0     0   144 17562 21422 13  5 82  0  0 2026-10-01 07:29:01
 2  0      0 960984  60400 2394760    0    0     0     0 13451 16940  6  5 89  0  0 2026-10-01 07:29:02
 0  0      0 959472  60400 2395904    0    0     0     0 17844 22158  7  6 87  0  0 2026-10-01 07:29:03
 0  0      0 958464  60400 2397252    0    0     0     0 13152 16574  8  3 89  0  0 2026-10-01 07:29:04
 0  0      0 957456  60400 2398068    0    0     0     0 18525 23264  9  7 84  0  0 2026-10-01 07:29:05
 0  0      0 954432  60408 2399792    0    0     0    76 12303 15101  7  5 88  0  0 2026-10-01 07:29:06
 0  0      0 951408  60408 2400700    0    0     0    12 18765 23223  9  5 86  0  1 2026-10-01 07:29:07
 0  0      0 949392  60432 2402360    0    0     0   172 13525 16933 10  5 85  0  0 2026-10-01 07:29:08
 3  0      0 948888  60432 2402680    0    0     0     0 16319 20134  7  4 89  0  0 2026-10-01 07:29:09
procs -----------memory---------- ---swap-- -----io---- -system-- ------cpu----- -----timestamp-----
 r  b   swpd   free   buff  cache   si   so    bi    bo   in   cs us sy id wa st                 UTC
 0  0      0 946620  60448 2404964    0    0     0  4104 13916 17273  8  4 87  1  0 2026-10-01 07:29:10
 0  0      0 945360  60456 2406160    0    0     0    56 14743 18089  9  4 86  1  0 2026-10-01 07:29:11
 0  0      0 941076  60456 2406800    0    0     0     0 13218 16059  8  4 88  0  0 2026-10-01 07:29:12
 0  0      0 941076  60456 2406800    0    0     0     8   37   36  0  0 100  0  0 2026-10-01 07:29:13
 0  0      0 941076  60456 2406800    0    0     0     0   30   38  0  0 100  0  0 2026-10-01 07:29:14
 0  0      0 941076  60456 2406800    0    0     0 12748  181  244  1  0 99  1  0 2026-10-01 07:29:15
 0  0      0 941076  60464 2406804    0    0     0    76   36   47  0  1 100  0  0 2026-10-01 07:29:16
