procs -----------memory---------- ---swap-- -----io---- -system-- ------cpu----- -----timestamp-----
 r  b   swpd   free   buff  cache   si   so    bi    bo   in   cs us sy id wa st                 UTC
 1  0      0 792000  96120 2156108    0    0   788  1811 1446 1871 19  4 69  9  0 2026-10-01 07:28:08
 2  1      0 947136  96124 2011876    0    0     4 12808 2572 4657 17  8 70  4  0 2026-10-01 07:28:09
 0  0      0 896056  96156 2014676    0    0    48 19648 5678 9379 39  4 38 20  0 2026-10-01 07:28:10
 0  0      0 896056  96156 2014680    0    0     0   184  389  574  2  1 97  1  0 2026-10-01 07:28:11
 0  0      0 896056  96156 2014688    0    0     0  1496  437  725  0  0 98  2  0 2026-10-01 07:28:12
 0  0      0 887796  96156 2014988    0    0     0   344 4731 4061 10  4 83  1  0 2026-10-01 07:28:13
 1  0      0 874300  96156 2016996    0    0     0  1480 17224 15699 40  8 48  3  0 2026-10-01 07:28:14
 2  0      0 855496  96164 2019756    0    0     0   868 17913 14946 42 11 44  2  0 2026-10-01 07:28:15
 3  0      0 841284  96168 2021316    0    0     0   260 18787 11310 43  7 50  1  0 2026-10-01 07:28:16
 0  0      0 821104  96172 2024092    0    0     0   532 19677 12690 42 13 45  1  0 2026-10-01 07:28:17
 2  0      0 808824  96172 2025824    0    0     0   216 21226 10428 43 12 45  0  0 2026-10-01 07:28:18
 0  0      0 799204  96172 2028496    0    0     0   216 21286 12279 39 12 49  1  0 2026-10-01 07:28:19
 1  0      0 788756  96172 2030260    0    0     0   256 24128 11756 43 12 45  0  0 2026-10-01 07:28:20
 3  0      0 780452  96172 2032592    0    0     0   232 23503 12665 41 12 46  1  0 2026-10-01 07:28:21
 2  0      0 767948  96180 2034468    0    0     0   380 26093 13878 42 16 42  1  0 2026-10-01 07:28:22
 5  0      0 757432  96180 2036528    0    0     0   220 25976 13259 41 16 42  1  0 2026-10-01 07:28:23
 1  0      0 751944  96184 2038560    0    0     0   240 26187 13767 41 13 46  0  0 2026-10-01 07:28:24
 5  0      0 745684  96188 2040524    0    0     0   228 28725 14512 45 14 42  1  0 2026-10-01 07:28:25
 3  0      0 737576  96200 2042488    0    0     0   248 25400 12826 39 15 46  1  0 2026-10-01 07:28:26
 6  0      0 732312  96200 2044540    0    0     0   236 28422 14019 39 14 47  0  0 2026-10-01 07:28:27
 5  0      0 724008  96200 2046264    0    0     0   264 28586 14052 37 16 48  0  0 2026-10-01 07:28:28
procs -----------memory---------- ---swap-- -----io---- -system-- ------cpu----- -----timestamp-----
 r  b   swpd   free   buff  cache   si   so    bi    bo   in   cs us sy id wa st                 UTC
 4  0      0 712760  96200 2048200    0    0     0   232 29253 13635 42 17 40  0  0 2026-10-01 07:28:29
 4  0      0 707732  96200 2050116    0    0     0   400 28897 14790 40 14 45  1  0 2026-10-01 07:28:30
 1  0      0 701684  96200 2052456    0    0     0   252 32368 15522 41 20 39  0  0 2026-10-01 07:28:31
 3  0      0 694964  96200 2054304    0    0     0   232 29586 14990 32 19 48  1  0 2026-10-01 07:28:32
 4  0      0 686672  96204 2056488    0    0     0   460 30915 14719 40 17 43  1  0 2026-10-01 07:28:33
 5  0      0 680904  96204 2058624    0    0     0   212 30206 16076 39 15 46  0  0 2026-10-01 07:28:34
 5  0      0 665396  96208 2060072    0    0     0 27796 30472 14889 40 16 42  2  0 2026-10-01 07:28:35
 2  0      0 661872  96212 2062172    0    0     0   668 33243 18057 35 18 47  1  0 2026-10-01 07:28:36
 5  0      0 656128  96212 2064040    0    0     0   620 32412 16578 32 19 48  0  0 2026-10-01 07:28:37
 3  0      0 653160  96212 2065812    0    0     0   608 30749 15750 38 17 45  0  0 2026-10-01 07:28:38
 6  0      0 650164  96212 2067672    0    0     0   608 34691 17243 39 16 45  0  0 2026-10-01 07:28:39
 7  0      0 646160  96216 2069328    0    0     0   780 29611 16726 30 15 54  1  0 2026-10-01 07:28:40
 4  0      0 637604  96216 2071536    0    0     0   604 32928 15824 40 21 39  0  0 2026-10-01 07:28:41
 7  0      0 634860  96224 2073388    0    0     0 17436 36476 18351 36 17 46  1  0 2026-10-01 07:28:42
11  0      0 627592  96236 2074716    0    0     0   604 28565 15436 32 15 53  1  0 2026-10-01 07:28:43
 0  0      0 615080  96244 2077168    0    0     0   576 37861 18140 41 21 38  0  0 2026-10-01 07:28:44
 6  0      0 609788  96252 2078840    0    0     0   628 31488 15082 37 17 45  1  1 2026-10-01 07:28:45
 1  0      0 607112  96268 2080456    0    0     0   584 31715 16035 36 14 50  0  0 2026-10-01 07:28:46
 2  0      0 604648  96280 2082484    0    0     0   612 39711 19610 32 25 43  1  0 2026-10-01 07:28:47
 2  0      0 601412  96288 2083948    0    0     0  4928 29360 16886 28 14 58  0  0 2026-10-01 07:28:48
 2  0      0 590384  96292 2086192    0    0     0   584 37852 18162 45 20 34  1  0 2026-10-01 07:28:49
procs -----------memory---------- ---swap-- -----io---- -system-- ------cpu----- -----timestamp-----
 r  b   swpd   free   buff  cache   si   so    bi    bo   in   cs us sy id wa st                 UTC
 2  0      0 585596  96304 2087868    0    0     0   560 32071 16987 32 15 52  1  0 2026-10-01 07:28:50
 0  0      0 579564  96320 2089584    0    0     0   540 36113 17449 39 20 41  0  0 2026-10-01 07:28:51
 2  0      0 574580  96324 2091328    0    0     0   568 34195 17792 32 16 50  1  0 2026-10-01 07:28:52
 0  0      0 570044  96336 2093160    0    0     0   560 33509 17111 33 19 47  1  0 2026-10-01 07:28:53
 3  0      0 565760  96348 2094980    0    0     0   556 36824 19509 32 20 47  1  0 2026-10-01 07:28:54
 0  0      0 558296  96360 2096504    0    0     0   540 30802 16248 34 17 50  0  0 2026-10-01 07:28:55
 1  0      0 554432  96380 2098400    0    0     0   504 40939 19459 38 22 39  1  0 2026-10-01 07:28:56
 0  0      0 549460  96388 2100112    0    0     0   520 31177 16769 34 16 50  0  0 2026-10-01 07:28:57
 2  0      0 542404  96400 2102176    0    0     0   540 40933 20665 38 20 41  1  0 2026-10-01 07:28:58
 1  0      0 534812  96424 2103548    0    0     0   520 29189 17220 29 15 55  1  0 2026-10-01 07:28:59
 1  0      0 530068  96428 2105616    0    0     0   516 41338 20732 31 24 45  0  0 2026-10-01 07:29:00
 4  0      0 526540  96444 2107108    0    0     0 18196 31635 16646 33 17 50  1  0 2026-10-01 07:29:01
 1  0      0 524020  96448 2108956    0    0     0   580 41513 21783 34 22 42  1  1 2026-10-01 07:29:02
 5  0      0 520028  96464 2110548    0    0     0 14908 31932 17199 30 17 53  1  0 2026-10-01 07:29:03
 5  0      0 513840  96484 2112240    0    0     0   592 40609 20470 35 20 44  1  0 2026-10-01 07:29:04
 0  0      0 509864  96508 2113844    0    0     0   640 32921 17958 32 17 50  1  0 2026-10-01 07:29:05
 0  0      0 503060  96508 2116828    0    0     0  2232 41662 21786 30 24 44  1  0 2026-10-01 07:29:06
 0  0      0 493244  96508 2118432    0    0     0   716 30918 16311 39 15 45  1  0 2026-10-01 07:29:07
 3  0      0 489468  96512 2120184    0    0     0   612 41644 22130 32 20 47  1  0 2026-10-01 07:29:08
 0  0      0 486276  96516 2121892    0    0     0   512 33503 18474 35 17 48  1  0 2026-10-01 07:29:09
 4  0      0 484260  96520 2123416    0    0     0   484 37119 19559 32 16 51  1  0 2026-10-01 07:29:10
procs -----------memory---------- ---swap-- -----io---- -system-- ------cpu----- -----timestamp-----
 r  b   swpd   free   buff  cache   si   so    bi    bo   in   cs us sy id wa st                 UTC
 0  0      0 481752  96524 2124844    0    0     0   484 33483 19631 26 20 53  0  0 2026-10-01 07:29:11
 0  0      0 477468  96524 2126180    0    0     0   464 33577 17943 33 17 49  1  0 2026-10-01 07:29:12
 0  0      0 475452  96528 2127472    0    0     0   464 29980 15936 26 12 62  1  0 2026-10-01 07:29:13
 3  0      0 466440  96528 2125640    0    0     0   324 15592 1299 12 11 77  1  0 2026-10-01 07:29:14
 1  0      0 465876  96528 2121700    0    0    52   356 5673 1914 36  6 57  1  0 2026-10-01 07:29:15
 1  0      0 462600  96528 2121832    0    0     0  7304 2027 2838 64  3 28  6  0 2026-10-01 07:29:16
