procs -----------memory---------- ---swap-- -----io---- -system-- ------cpu----- -----timestamp-----
 r  b   swpd   free   buff  cache   si   so    bi    bo   in   cs us sy id wa st                 UTC
 0  0      0 2301108  30664 1232896    0    0   403   135  759  391  6  1 89  4  0 2026-10-01 07:28:08
 0  0      0 2290048  30664 1232888    0    0     0     8  813 1205  6  2 93  0  0 2026-10-01 07:28:09
 0  0      0 2287024  30664 1232896    0    0     0     0 1594 1231 11  2 87  0  0 2026-10-01 07:28:10
 0  0      0 2287024  30664 1232896    0    0     0     0  108  196  0  0 100  0  0 2026-10-01 07:28:11
 0  0      0 2287024  30664 1232896    0    0     0     0   73  137  0  0 100  0  0 2026-10-01 07:28:12
 2  0      0 2269408  30672 1232896    0    0     0    52 6407 3274 35  6 60  0  0 2026-10-01 07:28:13
 3  0      0 2228192  30672 1233200    0    0     0     0 13342 8419 63  9 29  0  0 2026-10-01 07:28:14
 2  0      0 2178404  30672 1233472    0    0     0     0 13905 6764 66 17 17  0  0 2026-10-01 07:28:15
 2  0      0 2134920  30672 1233744    0    0     0     0 14319 4063 68 22 10  0  0 2026-10-01 07:28:16
 2  0      0 2081380  30672 1234064    0    0     0     0 14124 2634 76 15  8  0  0 2026-10-01 07:28:17
 2  0      0 2013476  30672 1234400    0    0     0     0 15461 1719 81 16  3  0  0 2026-10-01 07:28:18
 2  0      0 1973492  30680 1234672    0    0     0    24 15237  777 86 13  2  0  0 2026-10-01 07:28:19
 2  0      0 1938320  30680 1234864    0    0     0     0 16144  726 92  8  0  0  0 2026-10-01 07:28:20
 2  0      0 1906120  30680 1234992    0    0     0     0 16358 1741 90  7  3  0  0 2026-10-01 07:28:21
 2  0      0 1868428  30680 1235168    0    0     0     0 17527  695 91  9  0  0  0 2026-10-01 07:28:22
 2  0      0 1830180  30680 1235344    0    0     0     0 16963  676 94  6  1  0  0 2026-10-01 07:28:23
 2  0      0 1809572  30680 1235588    0    0     0     0 17699  672 95  5  0  0  0 2026-10-01 07:28:24
 2  0      0 1793976  30688 1235760    0    0     0    16 18319  679 96  5  0  0  0 2026-10-01 07:28:25
 2  0      0 1762780  30688 1235936    0    0     0     0 18260  684 94  6  0  0  0 2026-10-01 07:28:26
 2  0      0 1745952  30688 1236092    0    0     0     0 18055  651 96  4  0  0  0 2026-10-01 07:28:27
 2  0      0 1718036  30688 1236208    0    0     0     0 19143  616 93  7  0  0  0 2026-10-01 07:28:28
procs -----------memory---------- ---swap-- -----io---- -system-- ------cpu----- -----timestamp-----
 r  b   swpd   free   buff  cache   si   so    bi    bo   in   cs us sy id wa st                 UTC
 2  1      0 1689536  30696 1236336    0    0     0    12 19348  694 94  6  1  0  0 2026-10-01 07:28:29
 2  0      0 1657308  30696 1236444    0    0     0     0 19052  649 93  7  0  0  0 2026-10-01 07:28:30
 2  0      0 1631884  30696 1236600    0    0     0     4 19135  630 94  6  0  0  0 2026-10-01 07:28:31
 2  0      0 1610332  30696 1236840    0    0     0     0 20637  634 94  6  0  0  0 2026-10-01 07:28:32
 2  0      0 1600756  30696 1236896    0    0     0    12 18353  626 96  4  0  0  0 2026-10-01 07:28:33
 3  0      0 1573092  30696 1237088    0    0     0     0 20716  627 92  8  0  0  0 2026-10-01 07:28:34
 2  0      0 1542164  30704 1237172    0    0     0    28 19180  590 95  5  0  0  0 2026-10-01 07:28:35
 2  0      0 1538928  30704 1237308    0    0     0     0 19917  600 93  8  0  0  0 2026-10-01 07:28:36
 2  0      0 1511992  30704 1237464    0    0     0     4 20944  791 93  7  0  0  0 2026-10-01 07:28:37
 2  0      0 1485532  30704 1237524    0    0     0     0 20327  607 91  9  0  0  0 2026-10-01 07:28:38
 2  0      0 1466196  30704 1237640    0    0     0   880 20635  729 94  6  0  0  1 2026-10-01 07:28:39
 2  0      0 1460708  30712 1237856    0    0     0    24 20126  561 92  8  0  0  0 2026-10-01 07:28:40
 2  0      0 1418372  30712 1237932    0    0     0     0 20188  667 92  8  0  0  0 2026-10-01 07:28:41
 2  0      0 1415376  30712 1237996    0    0     0     0 21650  568 91  9  0  0  0 2026-10-01 07:28:42
 2  0      0 1383472  30712 1238148    0    0     0    44 18666  633 91  8  0  0  0 2026-10-01 07:28:43
 2  0      0 1338124  30712 1238272    0    0     0     0 20958  667 93  8  0  0  0 2026-10-01 07:28:44
 2  0      0 1326560  30720 1238368    0    0     0    12 24245  651 93  7  0  0  0 2026-10-01 07:28:45
 2  0      0 1321828  30720 1238468    0    0     0     0 17512  646 95  5  0  0  0 2026-10-01 07:28:46
 2  0      0 1307716  30720 1238624    0    0     0     0 24285  658 93  8  0  0  0 2026-10-01 07:28:47
 2  0      0 1293672  30720 1238744    0    0     0     0 18371  594 95  6  0  0  0 2026-10-01 07:28:48
 2  0      0 1279320  30720 1238820    0    0     0     8 23019  704 95  5  0  0  0 2026-10-01 07:28:49
procs -----------memory---------- ---swap-- -----io---- -system-- ------cpu----- -----timestamp-----
 r  b   swpd   free   buff  cache   si   so    bi    bo   in   cs us sy id wa st                 UTC
 2  0      0 1249876  30728 1238920    0    0     0    20 21044  683 91  9  0  0  0 2026-10-01 07:28:50
 2  0      0 1228988  30728 1238996    0    0     0     0 20658  603 94  7  0  0  0 2026-10-01 07:28:51
 2  0      0 1198300  30728 1239132    0    0     0     0 22954  723 92  8  0  0  0 2026-10-01 07:28:52
 2  0      0 1186708  30728 1239212    0    0     0     0 19159  628 93  7  0  0  0 2026-10-01 07:28:53
 2  0      0 1185236  30728 1239292    0    0     0     0 23772  697 89 11  0  0  0 2026-10-01 07:28:54
 2  0      0 1161840  30736 1239408    0    0     0    16 19631  658 94  6  0  0  0 2026-10-01 07:28:55
 2  0      0 1158592  30736 1239488    0    0     0     0 23365  624 92  9  0  0  0 2026-10-01 07:28:56
 2  0      0 1089572  30736 1239660    0    0     0     0 20404  648 91 10  0  0  0 2026-10-01 07:28:57
 2  0      0 1075740  30736 1239724    0    0     0     0 24029  652 91  9  0  0  0 2026-10-01 07:28:58
 2  0      0 1075012  30736 1239820    0    0     0     0 19651  660 92  8  0  0  0 2026-10-01 07:28:59
 2  0      0 1074296  30744 1239860    0    0     0    12 22995  586 93  7  0  0  0 2026-10-01 07:29:00
 2  0      0 1058460  30744 1240016    0    0     0     4 20019  736 93  7  0  0  0 2026-10-01 07:29:01
 2  0      0 1054456  30760 1240040    0    0     0    64 23709  661 92  9  0  0  0 2026-10-01 07:29:02
 2  0      0 1025980  30760 1240192    0    0     0     0 20882  741 90 10  0  0  0 2026-10-01 07:29:03
 2  0      0 1016180  30760 1240216    0    0     0     0 23402  605 92  8  0  0  0 2026-10-01 07:29:04
 2  0      0 992492  30760 1240308    0    0     0     0 19014  634 92  9  0  0  0 2026-10-01 07:29:05
 2  0      0 989748  30760 1240336    0    0     0     0 24882  609 89 12  0  0  0 2026-10-01 07:29:06
 2  0      0 959576  30760 1240452    0    0     0     4 19034  667 93  7  0  0  0 2026-10-01 07:29:07
 2  0      0 942692  30768 1240548    0    0     0    36 27115  719 88 12  0  0  0 2026-10-01 07:29:08
 2  0      0 939352  30768 1240624    0    0     0     0 17250  673 94  6  1  0  0 2026-10-01 07:29:09
 2  0      0 923292  30768 1240664    0    0     0     0 25367  629 79 21  0  0  0 2026-10-01 07:29:10
procs -----------memory---------- ---swap-- -----io---- -system-- ------cpu----- -----timestamp-----
 r  b   swpd   free   buff  cache   si   so    bi    bo   in   cs us sy id wa st                 UTC
 2  0      0 921792  30768 1240780    0    0     0     0 18207  664 76 24  0  0  0 2026-10-01 07:29:11
 2  0      0 849284  30768 1240860    0    0     0     0 21459  678 82 18  0  0  0 2026-10-01 07:29:12
 0  0      0 846260  30776 1240868    0    0     0    16 13096 1629 55 10 35  0  0 2026-10-01 07:29:13
 0  0      0 2244732  30784 1233016    0    0     0    24 21000 1766  0  9 91  0  0 2026-10-01 07:29:14
 0  0      0 2244732  30784 1232992    0    0     0     0   76  129  0  0 100  0  0 2026-10-01 07:29:15
 0  0      0 2244732  30784 1232992    0    0     0     0   84  144  0  0 100  0  0 2026-10-01 07:29:16
 0  0      0 2244732  30784 1232992    0    0     0     0   82  153  0  0 100  0  0 2026-10-01 07:29:17
 0  0      0 2244732  30784 1232992    0    0     0     0   78  132  0  0 100  0  0 2026-10-01 07:29:18
 1  0      0 2223816  30792 1232984    0    0     0    32  392  589  7  2 91  0  0 2026-10-01 07:29:19
