+--------+--------+-------------------------------------------+-------+-------+-------+-----------+-------+--------+-----+------+-----+
| COUNT  | METHOD |                    URI                    |  MIN  |  AVG  |  MAX  |    SUM    |  P99  |  2XX   | 3XX | 4XX  | 5XX |
+--------+--------+-------------------------------------------+-------+-------+-------+-----------+-------+--------+-----+------+-----+
| 180503 | GET    | ^/api/player/player/[^/]+                 | 0.448 | 0.198 | 4.352 | 35660.396 | 1.828 | 177994 | 0   | 2509 | 0   |
| 80062  | GET    | ^/api/player/competition/[^/]+/ranking    | 2.208 | 0.175 | 3.488 | 14049.720 | 1.744 | 79132  | 0   | 930  | 0   |
| 11797  | GET    | /api/player/competitions                  | 2.208 | 0.132 | 2.208 | 1552.540  | 0.836 | 11730  | 0   | 67   | 0   |
| 1888   | POST   | ^/api/organizer/competition/[^/]+/finish  | 1.176 | 0.109 | 2.208 | 205.604   | 0.888 | 1882   | 0   | 6    | 0   |
| 1995   | POST   | ^/api/organizer/competition/[^/]+/score   | 0.000 | 0.096 | 2.592 | 190.880   | 0.420 | 1985   | 0   | 10   | 0   |
| 1986   | GET    | /api/organizer/players                    | 2.976 | 0.089 | 2.976 | 177.632   | 0.548 | 1983   | 0   | 3    | 0   |
| 1986   | POST   | /api/organizer/competitions/add           | 2.404 | 0.088 | 2.592 | 173.812   | 0.420 | 1981   | 0   | 5    | 0   |
| 1863   | GET    | /api/organizer/billing                    | 1.212 | 0.090 | 1.424 | 167.132   | 0.492 | 1853   | 0   | 10   | 0   |
| 2216   | GET    | /api/admin/tenants/billing?before=xxx     | 0.004 | 0.011 | 0.640 | 24.296    | 0.216 | 2216   | 0   | 0    | 0   |
| 162    | POST   | /api/organizer/players/add                | 0.004 | 0.044 | 0.724 | 7.120     | 0.504 | 162    | 0   | 0    | 0   |
| 127    | GET    | /api/admin/tenants/billing                | 0.004 | 0.010 | 0.320 | 1.308     | 0.168 | 127    | 0   | 0    | 0   |
| 1      | POST   | /initialize                               | 1.036 | 1.036 | 1.036 | 1.036     | 1.036 | 1      | 0   | 0    | 0   |
| 137    | POST   | /api/admin/tenants/add                    | 0.024 | 0.007 | 0.252 | 0.896     | 0.136 | 132    | 0   | 5    | 0   |
| 12     | POST   | ^/api/organizer/player/[^/]+/disqualified | 0.004 | 0.058 | 0.244 | 0.692     | 0.244 | 11     | 0   | 1    | 0   |
| 1      | GET    | /api/me                                   | 0.000 | 0.000 | 0.000 | 0.000     | 0.000 | 1      | 0   | 0    | 0   |
| 1      | GET    | ^/js/                                     | 0.000 | 0.000 | 0.000 | 0.000     | 0.000 | 1      | 0   | 0    | 0   |
| 1      | GET    | /index.html                               | 0.000 | 0.000 | 0.000 | 0.000     | 0.000 | 1      | 0   | 0    | 0   |
| 1      | GET    | ^/css/                                    | 0.000 | 0.000 | 0.000 | 0.000     | 0.000 | 1      | 0   | 0    | 0   |
| 1      | GET    | /api/organizer/competitions               | 0.000 | 0.000 | 0.000 | 0.000     | 0.000 | 1      | 0   | 0    | 0   |
+--------+--------+-------------------------------------------+-------+-------+-------+-----------+-------+--------+-----+------+-----+
