procs -----------memory---------- ---swap-- -----io---- -system-- ------cpu----- -----timestamp-----
 r  b   swpd   free   buff  cache   si   so    bi    bo   in   cs us sy id wa st                 UTC
 1  0      0 2286584  24268 554240    0    0    52    36  387  352  1  0 99  0  0 2026-10-01 08:29:02
 2  2      0 2300296  25028 490364    0    0     0 20936 3171 6139 17  8 64 12  0 2026-10-01 08:29:03
 0  0      0 2309396  26768 493000    0    0     0 18396 7555 11539 38  4 42 16  0 2026-10-01 08:29:04
 0  0      0 2309396  26792 493012    0    0     0   116  372  576  0  0 100  1  0 2026-10-01 08:29:05
 0  0      0 2309396  26792 493012    0    0     0     0  230  391  0  0 100  0  0 2026-10-01 08:29:06
 2  0      0 2308484  26984 494320    0    0     0  2516 7073 6747 19  3 76  3  0 2026-10-01 08:29:07
 2  0      0 2306632  27512 498492    0    0     0  2976 22914 21142 55 14 26  5  0 2026-10-01 08:29:08
 5  0      0 2304780  27736 502336    0    0     0  1052 25028 19510 62 15 21  1  0 2026-10-01 08:29:09
 3  0      0 2302928  27872 506496    0    0     0   724 27528 17251 67 16 16  0  0 2026-10-01 08:29:10
 2  0      0 2299240  27912 510072    0    0     0   316 29622 14654 73 13 14  1  0 2026-10-01 08:29:11
 3  0      0 2297612  27968 514072    0    0     0   436 31018 15130 72 18 10  1  0 2026-10-01 08:29:12
 2  0      0 2294304  28032 518432    0    0     0  3564 33652 13356 78 19  3  0  0 2026-10-01 08:29:13
 2  0      0 2288068  28104 523124    0    0     0   528 35914 13628 81 18  2  0  0 2026-10-01 08:29:14
 3  0      0 2280924  28136 527196    0    0     0   356 36435 13089 78 19  3  0  1 2026-10-01 08:29:15
 4  0      0 2277476  28208 531932    0    0     0   520 38981 14809 81 19  0  0  0 2026-10-01 08:29:16
 3  0      0 2273176  28240 535736    0    0     0   320 41679 14245 76 24  0  0  0 2026-10-01 08:29:17
 3  0      0 2266692  28272 540128    0    0     0   408 41565 15246 80 20  0  0  0 2026-10-01 08:29:18
 4  0      0 2257060  28304 543864    0    0     0   280 41789 12797 80 20  0  0  0 2026-10-01 08:29:19
 4  0      0 2251992  28336 547940    0    0     0   312 45480 13963 78 22  0  0  0 2026-10-01 08:29:20
 3  0      0 2247092  28368 551776    0    0     0   244 45353 14447 74 26  0  0  0 2026-10-01 08:29:21
 3  0      0 2239532  28432 555788    0    0     0   392 46914 14354 79 22  0  0  0 2026-10-01 08:29:22
procs -----------memory---------- ---swap-- -----io---- -system-- ------cpu----- -----timestamp-----
 r  b   swpd   free   buff  cache   si   so    bi    bo   in   cs us sy id wa st                 UTC
 5  0      0 2226996  28464 559820    0    0     0   264 46661 14881 75 26  0  0  0 2026-10-01 08:29:23
 3  0      0 2219376  28488 563400    0    0     0   200 48269 14793 73 27  0  0  0 2026-10-01 08:29:24
 3  0      0 2211156  28520 567256    0    0     0   176 50023 16041 74 27  0  0  0 2026-10-01 08:29:25
 3  0      0 2201996  28544 571388    0    0     0   184 50688 17843 72 28  0  0  0 2026-10-01 08:29:26
 7  0      0 2187660  28568 574616    0    0     0   160 53001 15809 73 27  0  0  0 2026-10-01 08:29:27
 3  0      0 2170088  28592 579044    0    0     0   176 53133 16745 71 29  0  0  0 2026-10-01 08:29:28
 3  0      0 2160932  28664 583080    0    0     0 47604 49519 14940 70 30  0  0  0 2026-10-01 08:29:29
 4  0      0 2148452  28696 586836    0    0     0   168 56914 18649 72 28  0  0  0 2026-10-01 08:29:30
 3  0      0 2144168  28720 590184    0    0     0   340 52446 16200 74 25  0  0  0 2026-10-01 08:29:31
 3  0      0 2128800  28752 594208    0    0     0   376 55533 17238 69 32  0  0  0 2026-10-01 08:29:32
 5  0      0 2124016  28792 597468    0    0     0 26808 53772 17219 70 31  0  0  0 2026-10-01 08:29:33
 4  0      0 2102476  28836 601356    0    0     0   388 59477 19370 66 34  0  0  0 2026-10-01 08:29:34
 5  0      0 2094920  28900 604916    0    0     0   836 52123 16837 73 27  0  0  0 2026-10-01 08:29:35
 3  0      0 2088228  28972 608660    0    0     0   800 60842 21290 66 35  0  0  0 2026-10-01 08:29:36
 7  0      0 2070212  29044 612184    0    0     0   804 56067 16385 68 32  0  0  0 2026-10-01 08:29:37
 6  0      0 2057148  29116 615580    0    0     0   828 58929 22488 68 33  0  0  0 2026-10-01 08:29:38
 5  0      0 2038400  29188 619416    0    0     0   796 52884 18360 70 30  0  0  0 2026-10-01 08:29:39
 7  0      0 2019164  29268 623420    0    0     0   764 64522 22411 63 37  0  0  0 2026-10-01 08:29:40
 8  0      0 2012220  29340 626724    0    0     0   776 57489 19295 71 30  0  0  0 2026-10-01 08:29:41
 6  0      0 2003220  29412 630300    0    0     0   760 63819 21091 65 35  0  0  0 2026-10-01 08:29:42
 5  0      0 1992412  29484 633796    0    0     0   772 56879 17324 68 32  0  0  0 2026-10-01 08:29:43
procs -----------memory---------- ---swap-- -----io---- -system-- ------cpu----- -----timestamp-----
 r  b   swpd   free   buff  cache   si   so    bi    bo   in   cs us sy id wa st                 UTC
 7  0      0 1974296  29540 637452    0    0     0   764 57903 20215 67 34  0  0  0 2026-10-01 08:29:44
 7  0      0 1953336  29620 641252    0    0     0   788 62497 20430 65 35  0  0  0 2026-10-01 08:29:45
 7  0      0 1942260  29692 644344    0    0     0   752 62496 20063 64 35  0  0  0 2026-10-01 08:29:46
 5  0      0 1934588  29772 647788    0    0     0   740 61513 20644 66 34  0  0  0 2026-10-01 08:29:47
 5  0      0 1917244  29852 651300    0    0     0   804 61763 18775 67 33  0  0  0 2026-10-01 08:29:48
 2  0      0 1931288  29932 655372    0    0     0 27112 60590 20241 63 37  0  0  0 2026-10-01 08:29:49
 5  0      0 1921164  30004 658696    0    0     0   816 65102 23906 64 36  0  0  0 2026-10-01 08:29:50
 5  0      0 1914500  30076 661848    0    0     0   796 61896 18577 69 31  0  0  0 2026-10-01 08:29:51
 2  0      0 1897684  30148 665328    0    0     0   788 60062 20746 64 36  0  0  0 2026-10-01 08:29:52
 2  0      0 1886104  30228 670364    0    0     0  2260 65225 22536 60 40  0  0  0 2026-10-01 08:29:53
 4  0      0 1871992  30276 673432    0    0     0 38244 58364 20104 66 34  0  0  0 2026-10-01 08:29:54
 3  0      0 1853720  30340 676780    0    0     0   604 63655 20102 65 35  0  0  0 2026-10-01 08:29:55
 3  0      0 1825348  30396 679208    0    0     0   564 55355 15802 69 31  0  0  0 2026-10-01 08:29:56
 2  0      0 1810552  30452 680212    0    0     0   552 39757 7998 81 19  0  0  0 2026-10-01 08:29:57
 3  0      0 1781696  30508 681752    0    0     0   504 44397 8708 76 24  0  0  0 2026-10-01 08:29:58
 2  0      0 1775144  30548 683648    0    0    12   464 65340 19139 58 42  0  0  0 2026-10-01 08:29:59
 2  0      0 1770296  30580 683612    0    0     0   560 10437  861 95  6  0  0  0 2026-10-01 08:30:00
 5  0      0 1747616  31116 684044    0    0    52  7392 16765 5994 87 14  0  0  0 2026-10-01 08:30:01
 1  0      0 1856548  31132 673792    0    0     0   140 15654 3361 85  9  6  0  0 2026-10-01 08:30:02
 1  0      0 1854532  31148 673832    0    0     0    96 1699 1828 68  1 32  0  0 2026-10-01 08:30:03
 1  0      0 1851508  31628 673852    0    0     0  7760 2144 2975 65  2 27  6  0 2026-10-01 08:30:04
procs -----------memory---------- ---swap-- -----io---- -system-- ------cpu----- -----timestamp-----
 r  b   swpd   free   buff  cache   si   so    bi    bo   in   cs us sy id wa st                 UTC
 1  0      0 1892704  31924 673800    0    0     0  6548 2080 3759 37  7 51  6  0 2026-10-01 08:30:05
