procs -----------memory---------- ---swap-- -----io---- -system-- ------cpu----- -----timestamp-----
 r  b   swpd   free   buff  cache   si   so    bi    bo   in   cs us sy id wa st                 UTC
 1  0      0 3057348  19636 423756    0    0    37    19   80  105  0  0 100  0  0 2026-10-01 08:29:02
 4  1      0 3100232  20292 359128    0    0    44 19952 1993 4047 11  3 74 12  0 2026-10-01 08:29:03
 0  0      0 3117156  22092 362176    0    0    80 19064 5462 9300 36  4 41 19  0 2026-10-01 08:29:04
 0  0      0 3117156  22092 362176    0    0     0     0   36   42  0  0 100  0  0 2026-10-01 08:29:05
 0  0      0 3117156  22092 362176    0    0     0     0   28   35  0  0 100  0  0 2026-10-01 08:29:06
 0  1      0 3117156  22140 362328    0    0     0   772  564  759  1  0 98  1  1 2026-10-01 08:29:07
 0  0      0 3116680  22452 365328    0    0     0  1296 4014 5460  5  1 89  6  0 2026-10-01 08:29:08
 0  1      0 3116456  22776 368616    0    0     0  1380 5307 7003  7  1 87  6  0 2026-10-01 08:29:09
 0  0      0 3115700  22988 371812    0    0     0   836 5791 7464  5  2 89  3  0 2026-10-01 08:29:10
 2  0      0 3104376  23204 376164    0    0     0   940 8521 10692  8  3 84  4  0 2026-10-01 08:29:11
 0  0      0 3097096  23324 379132    0    0     0   556 7451 9188  6  4 89  2  0 2026-10-01 08:29:12
 0  0      0 3091568  23404 383396    0    0     0   344 9836 12046  9  4 87  1  0 2026-10-01 08:29:13
 0  0      0 3082304  23468 386780    0    0     0   248 9538 11449  9  3 87  1  0 2026-10-01 08:29:14
 1  0      0 3078776  23500 390140    0    0     0   172 10328 12416  7  3 90  1  0 2026-10-01 08:29:15
 1  0      0 3075276  23500 393256    0    0     0     0 10987 12850  8  4 89  0  0 2026-10-01 08:29:16
 3  0      0 3062172  23516 396988    0    0     0    76 12473 14668 11  4 84  0  0 2026-10-01 08:29:17
 1  0      0 3058672  23516 399824    0    0     0     0 12034 14083  8  4 88  0  0 2026-10-01 08:29:18
 1  0      0 3054652  23516 403324    0    0     0     0 12991 14872  7  3 90  0  0 2026-10-01 08:29:19
 3  0      0 3044880  23516 406040    0    0     0     8 13192 15211 10  5 85  0  0 2026-10-01 08:29:20
 1  0      0 3041856  23516 409084    0    0     0     0 14020 16175  8  4 88  0  0 2026-10-01 08:29:21
 1  0      0 3038356  23524 412208    0    0     0    56 14271 16446  8  4 88  0  0 2026-10-01 08:29:22
procs -----------memory---------- ---swap-- -----io---- -system-- ------cpu----- -----timestamp-----
 r  b   swpd   free   buff  cache   si   so    bi    bo   in   cs us sy id wa st                 UTC
 1  0      0 3034328  23524 414156    0    0     0     0 13726 15754  8  3 89  0  0 2026-10-01 08:29:23
 5  0      0 3019648  23524 417240    0    0     0     0 15350 16655 12  5 84  0  0 2026-10-01 08:29:24
 1  0      0 3014916  23524 419752    0    0     0     0 17602 19337  8  5 86  0  1 2026-10-01 08:29:25
 2  0      0 3011932  23524 421816    0    0     0    12 15362 16890  6  4 91  0  0 2026-10-01 08:29:26
 1  0      0 3007648  23532 424888    0    0     0    56 18731 19876 13  5 81  1  0 2026-10-01 08:29:27
 4  0      0 3006136  23532 426848    0    0     0     0 17837 19159  9  4 88  0  0 2026-10-01 08:29:28
 0  0      0 3004876  23548 429060    0    0     0    76 16771 17804 11  4 85  0  0 2026-10-01 08:29:29
 2  0      0 3003140  23548 431820    0    0     0     0 20547 21439 12  6 82  0  0 2026-10-01 08:29:30
 3  0      0 2998380  23548 434100    0    0     0     0 18069 19145 12  7 82  0  0 2026-10-01 08:29:31
 0  0      0 2997624  23548 435608    0    0     0     8 19527 21101 11  6 84  0  0 2026-10-01 08:29:32
 0  0      0 2995692  23548 438108    0    0     0   676 17168 18369  9  5 85  1  0 2026-10-01 08:29:33
 1  0      0 2991184  23580 440392    0    0     0  2736 22970 24072 15  8 77  0  0 2026-10-01 08:29:34
 0  0      0 2980852  23580 442232    0    0     0     0 17402 18500 10  5 85  0  0 2026-10-01 08:29:35
 0  0      0 2978836  23580 444288    0    0     0     0 21683 23147  9  6 84  0  0 2026-10-01 08:29:36
 4  0      0 2976568  23580 446340    0    0     0     0 20536 21337 11  5 84  0  0 2026-10-01 08:29:37
 0  0      0 2974552  23580 448244    0    0     0    12 21562 22463 10  4 85  0  0 2026-10-01 08:29:38
 0  0      0 2967496  23588 449888    0    0     0 44932 17749 19234 12  6 79  3  0 2026-10-01 08:29:39
 0  0      0 2965480  23588 451828    0    0     0     0 26134 26417 12  8 80  0  0 2026-10-01 08:29:40
 0  0      0 2962708  23588 453908    0    0     0     0 20498 21544 12  5 83  0  0 2026-10-01 08:29:41
 0  0      0 2960692  23588 455800    0    0     0     0 24619 25691 10  7 83  0  0 2026-10-01 08:29:42
 2  0      0 2955904  23588 457200    0    0     0     0 20638 21852  8  7 85  0  0 2026-10-01 08:29:43
procs -----------memory---------- ---swap-- -----io---- -system-- ------cpu----- -----timestamp-----
 r  b   swpd   free   buff  cache   si   so    bi    bo   in   cs us sy id wa st                 UTC
 2  0      0 2950888  23596 458728    0    0     0 42064 21890 23170 12  9 76  3  1 2026-10-01 08:29:44
 3  0      0 2948872  23600 460572    0    0     0    20 22413 23721 10  8 82  0  0 2026-10-01 08:29:45
 0  0      0 2946604  23608 462648    0    0     0   112 24018 24566 11  9 80  0  0 2026-10-01 08:29:46
 0  0      0 2945092  23608 464240    0    0     0     0 23071 24024 11  8 81  0  0 2026-10-01 08:29:47
 0  0      0 2935320  23640 465720    0    0     0   164 23409 23233 14  9 77  1  0 2026-10-01 08:29:48
 0  0      0 2933584  23640 467116    0    0     0  2012 23801 24466 11  8 82  0  0 2026-10-01 08:29:49
 0  0      0 2931568  23640 468784    0    0     0     8 23515 24660 12  7 81  0  0 2026-10-01 08:29:50
 3  0      0 2929328  23640 470720    0    0     0     0 24424 25267 15  6 79  0  0 2026-10-01 08:29:51
 0  0      0 2925800  23640 472344    0    0     0     0 21657 22776 10  7 84  0  0 2026-10-01 08:29:52
 1  0      0 2917036  23648 473612    0    0     0    72 23869 24921 14  8 78  0  0 2026-10-01 08:29:53
 0  0      0 2914824  23648 475380    0    0     0     0 21330 22288 10  6 85  0  0 2026-10-01 08:29:54
 0  0      0 2913816  23648 476552    0    0     0   164 22595 23385 11  7 82  0  0 2026-10-01 08:29:55
 0  0      0 2912556  23648 477464    0    0     0     8 17989 19251  8  6 87  0  0 2026-10-01 08:29:56
 0  0      0 2911800  23648 478244    0    0     0     0 10444 9440  5  4 91  0  0 2026-10-01 08:29:57
 0  0      0 2910844  23656 478436    0    0     0    56 10313 10619  3  2 96  0  0 2026-10-01 08:29:58
 0  0      0 2907568  23656 478748    0    0     0     0 18123 15342  5  8 87  0  0 2026-10-01 08:29:59
 0  0      0 2907568  23656 478792    0    0     0   160   61   56  0  0 100  0  0 2026-10-01 08:30:00
 0  0      0 2907064  23656 478792    0    0     0     0 2200 1381  1  1 99  0  0 2026-10-01 08:30:01
 0  0      0 2906308  23656 478760    0    0     0    12 1734 1877  0  1 99  0  0 2026-10-01 08:30:02
 0  0      0 2906308  23664 478752    0    0     0    84   32   43  0  0 100  0  0 2026-10-01 08:30:03
 0  0      0 2906308  23664 478752    0    0     0     0   43   39  0  0 100  0  0 2026-10-01 08:30:04
procs -----------memory---------- ---swap-- -----io---- -system-- ------cpu----- -----timestamp-----
 r  b   swpd   free   buff  cache   si   so    bi    bo   in   cs us sy id wa st                 UTC
 0  0      0 2906308  23664 478760    0    0     0  1228   74   57  0  0 100  1  0 2026-10-01 08:30:05
 0  0      0 2907976  23664 478760    0    0     0     4  608  893 12  4 84  0  0 2026-10-01 08:30:06
