procs -----------memory---------- ---swap-- -----io---- -system-- ------cpu----- -----timestamp-----
 r  b   swpd   free   buff  cache   si   so    bi    bo   in   cs us sy id wa st                 UTC
 0  0      0 31263108  15508 411136    0    0   331    13   78   81  0  1 98  0  0 2026-10-01 08:29:01
 0  0      0 31237740  15652 424720    0    0 13132  1236 2282 2261  1  0 98  1  0 2026-10-01 08:29:02
 2  0      0 31237488  15664 424836    0    0   148     0  508  615  0  0 100  0  0 2026-10-01 08:29:03
 0  0      0 31236032  15664 424904    0    0    48     0 2950 1777  2  0 98  0  0 2026-10-01 08:29:04
 0  0      0 31236032  15664 424904    0    0     0     0  117  176  0  0 100  0  0 2026-10-01 08:29:05
 0  0      0 31236032  15664 424904    0    0     0     0   93  142  0  0 100  0  0 2026-10-01 08:29:06
 0  0      0 31200948  15672 425196    0    0   100   349 38441 40849 11  1 88  0  0 2026-10-01 08:29:07
 0  0      0 31143652  15672 425580    0    0     0     0 38631 42398 10  1 89  0  0 2026-10-01 08:29:08
 2  0      0 31072916  15672 426164    0    0     0     0 44721 45484 15  1 83  0  0 2026-10-01 08:29:09
 0  0      0 31000240  15672 426756    0    0     0     0 47314 47755 15  2 83  0  0 2026-10-01 08:29:10
 0  0      0 30930108  15672 427468    0    0     0     0 49048 44348 17  2 81  0  0 2026-10-01 08:29:11
 3  0      0 30833344  15680 428000    0    0     0    44 52556 46281 16  2 82  0  0 2026-10-01 08:29:12
12  0      0 30795984  15680 428548    0    0     0     4 50882 42652 19  2 79  0  0 2026-10-01 08:29:13
 0  0      0 30734612  15680 429012    0    0     0     0 52725 44246 17  2 80  0  0 2026-10-01 08:29:14
 1  0      0 30643192  15680 429500    0    0     0     0 55388 44284 20  3 77  0  0 2026-10-01 08:29:15
 3  0      0 30532512  15680 429868    0    0     0     0 60413 45045 19  2 79  0  0 2026-10-01 08:29:16
 0  0      0 30527608  15680 430204    0    0     0     8 57035 45284 19  2 79  0  0 2026-10-01 08:29:17
 1  0      0 30525964  15688 430516    0    0     0    12 58458 46520 21  2 77  0  0 2026-10-01 08:29:18
 0  0      0 30429056  15688 430780    0    0     0     4 61795 46498 19  3 78  0  0 2026-10-01 08:29:19
 0  0      0 30368640  15688 431068    0    0     0     0 62362 47140 19  3 79  0  0 2026-10-01 08:29:20
 0  0      0 30300492  15688 431260    0    0     0     0 65899 48887 21  3 77  0  0 2026-10-01 08:29:21
procs -----------memory---------- ---swap-- -----io---- -system-- ------cpu----- -----timestamp-----
 r  b   swpd   free   buff  cache   si   so    bi    bo   in   cs us sy id wa st                 UTC
16  0      0 30299300  15688 431684    0    0     0     0 60506 46418 19  2 79  0  0 2026-10-01 08:29:22
 3  0      0 30174868  15688 431796    0    0     0     0 65479 46891 19  3 78  0  0 2026-10-01 08:29:23
 2  0      0 30172432  15696 432076    0    0     0    12 68012 55355 19  2 79  0  0 2026-10-01 08:29:24
 2  0      0 30171036  15696 432364    0    0     0     4 65128 51308 18  2 80  0  0 2026-10-01 08:29:25
 1  0      0 30170284  15696 432436    0    0     0     0 66176 51777 21  2 76  0  0 2026-10-01 08:29:26
 4  0      0 30125912  15696 432836    0    0     0     0 68710 55882 15  2 82  0  0 2026-10-01 08:29:27
16  0      0 29999884  15696 432884    0    0     0     0 62763 45229 19  3 78  0  0 2026-10-01 08:29:28
 0  0      0 29998488  15696 433268    0    0     0     0 65734 46867 22  2 76  0  0 2026-10-01 08:29:29
 2  0      0 29996512  15704 433364    0    0     0    12 69782 53868 19  3 78  0  0 2026-10-01 08:29:30
 4  0      0 29990268  15704 433388    0    0     0     4 67710 51147 19  3 79  0  0 2026-10-01 08:29:31
16  0      0 29985864  15704 433828    0    0     0     0 66017 50188 17  6 77  0  0 2026-10-01 08:29:32
 0  0      0 29767044  15704 434004    0    0     0   144 65828 47351 20 12 69  0  0 2026-10-01 08:29:33
 3  0      0 29764340  15704 434124    0    0     0     0 64285 52856 21  9 70  0  0 2026-10-01 08:29:34
 1  0      0 29763192  15704 434420    0    0     0     0 67791 57501 16  8 76  0  0 2026-10-01 08:29:35
16  0      0 29761960  15712 434464    0    0     0    20 67104 48898 22 11 67  0  0 2026-10-01 08:29:36
 3  0      0 29760784  15712 434924    0    0     0     8 68085 49383 21 10 69  0  0 2026-10-01 08:29:37
 4  0      0 29758124  15712 434948    0    0     0     0 69395 50564 22 11 67  0  0 2026-10-01 08:29:38
 4  0      0 29756388  15712 435084    0    0     0     0 70559 53549 14  9 77  0  0 2026-10-01 08:29:39
14  0      0 29620396  15712 435316    0    0     0     0 80669 57329 21 11 67  0  0 2026-10-01 08:29:40
 5  0      0 29618940  15720 435460    0    0     0   292 72335 56496 14  9 76  0  0 2026-10-01 08:29:41
 0  0      0 29445380  15720 435716    0    0     0     0 73486 48818 20 11 70  0  0 2026-10-01 08:29:42
procs -----------memory---------- ---swap-- -----io---- -system-- ------cpu----- -----timestamp-----
 r  b   swpd   free   buff  cache   si   so    bi    bo   in   cs us sy id wa st                 UTC
 3  0      0 29443868  15720 435772    0    0     0     4 73132 54887 16 10 75  0  0 2026-10-01 08:29:43
 1  0      0 29401116  15720 436036    0    0     0     0 73829 51934 21  9 70  0  0 2026-10-01 08:29:44
16  0      0 29399184  15720 436284    0    0     0     0 71612 56050 13 10 77  0  0 2026-10-01 08:29:45
 2  0      0 29338512  15728 436324    0    0     0    40 80371 56050 22 10 68  0  0 2026-10-01 08:29:46
13  0      0 29332300  15728 436420    0    0     0     0 73287 58718 15  9 77  0  0 2026-10-01 08:29:47
 2  0      0 29265856  15728 436732    0    0     0     0 75277 50217 22 10 67  0  0 2026-10-01 08:29:48
15  0      0 29261608  15728 436764    0    0     0     4 72612 57229 14  8 78  0  0 2026-10-01 08:29:49
17  0      0 29243804  15728 436844    0    0     0     0 78210 56898 22 12 67  0  0 2026-10-01 08:29:50
 4  0      0 29236052  15728 437180    0    0     0    20 69824 51658 15  9 75  0  0 2026-10-01 08:29:51
 2  0      0 29234540  15736 437220    0    0     0    12 78844 65732 12  7 82  0  0 2026-10-01 08:29:52
 1  0      0 29147016  15736 437532    0    0     0     0 77346 52855 23 11 66  0  0 2026-10-01 08:29:53
 4  0      0 29146544  15736 437684    0    0     0     0 74294 55831 12  9 79  0  0 2026-10-01 08:29:54
 6  0      0 29117316  15736 437684    0    0     0     4 66485 48407 19  5 75  0  0 2026-10-01 08:29:55
 1  0      0 29113036  15736 437684    0    0     0     0 78834 52799 10 17 73  0  0 2026-10-01 08:29:56
 0  0      0 29113036  15736 437684    0    0     0     0 46858 35156  5  5 90  0  0 2026-10-01 08:29:57
 1  0      0 29108840  15744 437684    0    0     0    12 102011 81674 11 22 67  0  0 2026-10-01 08:29:58
 1  0      0 29108616  15744 437684    0    0     0     0 29199 17706  1  1 99  0  0 2026-10-01 08:29:59
 0  0      0 31255112  15744 426728    0    0    76     0 18042  899  0  2 98  0  0 2026-10-01 08:30:00
 0  0      0 31253104  15744 426728    0    0     0     4 15483  182  0  0 100  0  0 2026-10-01 08:30:01
 0  0      0 31253104  15744 426728    0    0     0     0 4200  138  0  0 100  0  0 2026-10-01 08:30:02
 0  0      0 31253104  15744 426728    0    0     0     0   84  145  0  0 100  0  0 2026-10-01 08:30:03
procs -----------memory---------- ---swap-- -----io---- -system-- ------cpu----- -----timestamp-----
 r  b   swpd   free   buff  cache   si   so    bi    bo   in   cs us sy id wa st                 UTC
 0  0      0 31253104  15752 426728    0    0     0    36   78  126  0  0 100  0  0 2026-10-01 08:30:04
 0  0      0 31253104  15752 426728    0    0     0   412  146  180  0  0 100  0  0 2026-10-01 08:30:05
 0  0      0 31253104  15752 426728    0    0     0     0   74  123  0  0 100  0  0 2026-10-01 08:30:06
 1  0      0 31225172  15752 426736    0    0     0     4  819  684  1  0 99  0  0 2026-10-01 08:30:07
