procs -----------memory---------- ---swap-- -----io---- -system-- ------cpu----- -----timestamp-----
 r  b   swpd   free   buff  cache   si   so    bi    bo   in   cs us sy id wa st                 UTC
 1  0      0 2998356  19916 459040    0    0    37    24  112  143  0  0 100  0  0 2026-10-01 08:29:02
 5  0      0 3090708  20464 358296    0    0     0 23312 1880 3966  3  4 75 18  0 2026-10-01 08:29:03
 0  0      0 3101824  22528 361716    0    0     0 21304 6739 9680 47  5 38 11  0 2026-10-01 08:29:04
 0  0      0 3101824  22528 361716    0    0     0     0   37   44  0  0 100  0  0 2026-10-01 08:29:05
 0  0      0 3101824  22528 361716    0    0     0     0   27   36  0  0 100  0  0 2026-10-01 08:29:06
 0  1      0 3102848  22612 362432    0    0     0  1156 1348 1704  2  1 95  2  0 2026-10-01 08:29:07
 0  0      0 3101140  23040 366260    0    0     0  1716 5211 7215  4  1 88  8  0 2026-10-01 08:29:08
 0  0      0 3098408  23320 369540    0    0     0  1060 5584 7053  7  2 87  5  0 2026-10-01 08:29:09
 0  0      0 3096180  23608 373588    0    0     0  1124 7363 9645  5  3 87  5  0 2026-10-01 08:29:10
 0  0      0 3089628  23808 377268    0    0     0   840 7764 9946  7  3 87  3  0 2026-10-01 08:29:11
 0  0      0 3084088  23936 381328    0    0     0   528 9233 11354  8  4 85  2  0 2026-10-01 08:29:12
 0  0      0 3077484  24032 385288    0    0     0   444 9223 11004 10  4 85  2  0 2026-10-01 08:29:13
 0  0      0 3072976  24072 389220    0    0     0   184 10691 12782  8  3 88  1  1 2026-10-01 08:29:14
 3  0      0 3063764  24104 392992    0    0     0   168 10979 12708  8  5 87  1  0 2026-10-01 08:29:15
 1  0      0 3058472  24104 396480    0    0     0     0 11341 12974 11  5 84  0  0 2026-10-01 08:29:16
 1  0      0 3053684  24144 400356    0    0     0   224 13086 14903  9  4 87  1  0 2026-10-01 08:29:17
 4  0      0 3039572  24184 403892    0    0     0   188 12300 14138  9  5 86  1  0 2026-10-01 08:29:18
 4  1      0 3035820  24188 407264    0    0     0    76 13369 15452 10  4 87  0  0 2026-10-01 08:29:19
 4  0      0 3031284  24224 411260    0    0     0   120 15070 16850 10  5 85  1  0 2026-10-01 08:29:20
 4  0      0 3017256  24276 414608    0    0     0   252 15076 17082 10  6 84  1  0 2026-10-01 08:29:21
 1  0      0 3013728  24276 418136    0    0     0     0 15522 17449  8  5 87  0  0 2026-10-01 08:29:22
procs -----------memory---------- ---swap-- -----io---- -system-- ------cpu----- -----timestamp-----
 r  b   swpd   free   buff  cache   si   so    bi    bo   in   cs us sy id wa st                 UTC
 1  0      0 3008256  24276 421300    0    0     0     0 15966 17761 10  2 88  0  0 2026-10-01 08:29:23
 5  0      0 2998528  24276 424444    0    0     0     0 16311 17223 12  6 83  0  0 2026-10-01 08:29:24
 1  0      0 2995816  24292 427300    0    0     0    96 17692 19307  8  6 86  0  0 2026-10-01 08:29:25
 2  0      0 2993604  24324 430444    0    0     0   188 17638 19691 10  5 85  1  0 2026-10-01 08:29:26
 2  0      0 2987864  24324 433520    0    0     0     0 19535 20108 11  5 84  0  0 2026-10-01 08:29:27
 0  0      0 2984488  24324 436240    0    0     0     0 20169 21508  9  7 84  0  0 2026-10-01 08:29:28
 4  0      0 2982724  24324 438852    0    0     0     0 18083 19161 13  4 84  0  0 2026-10-01 08:29:29
 3  0      0 2980008  24324 441372    0    0     0     0 22142 22788 11  7 82  0  0 2026-10-01 08:29:30
 1  0      0 2970516  24332 444284    0    0     0    72 19248 19933 13  7 81  0  0 2026-10-01 08:29:31
 0  0      0 2967072  24332 446564    0    0     0     8 21685 22832 12  8 81  0  0 2026-10-01 08:29:32
 2  0      0 2964132  24332 448976    0    0     0   500 20785 21936 10  6 84  1  0 2026-10-01 08:29:33
 0  0      0 2953632  24332 451552    0    0     0 60808 25145 25315 14  8 75  3  0 2026-10-01 08:29:34
 0  0      0 2948592  24332 453796    0    0     0     0 20003 21116 12  8 80  0  0 2026-10-01 08:29:35
 0  0      0 2945344  24356 456228    0    0     0   232 24931 26547 12  9 78  1  0 2026-10-01 08:29:36
 0  0      0 2943076  24356 458424    0    0     0     0 21759 22308 10  7 83  0  0 2026-10-01 08:29:37
 0  0      0 2934788  24356 460816    0    0     0   140 22594 23159  9  7 84  0  0 2026-10-01 08:29:38
 2  0      0 2929060  24396 462832    0    0     0 31972 20045 21333 11  6 80  3  1 2026-10-01 08:29:39
 3  0      0 2925824  24396 465188    0    0     0     0 27309 26604 13  8 79  0  0 2026-10-01 08:29:40
 2  0      0 2923612  24396 467132    0    0     0     0 22001 22373 11  6 83  0  0 2026-10-01 08:29:41
 1  0      0 2915408  24396 469360    0    0     0     0 26122 25812 16  7 77  0  0 2026-10-01 08:29:42
 0  0      0 2911236  24396 471424    0    0     0     0 23146 23131 11  9 80  0  0 2026-10-01 08:29:43
procs -----------memory---------- ---swap-- -----io---- -system-- ------cpu----- -----timestamp-----
 r  b   swpd   free   buff  cache   si   so    bi    bo   in   cs us sy id wa st                 UTC
 0  0      0 2908532  24404 473544    0    0     0    84 24535 24210 11  9 80  0  0 2026-10-01 08:29:44
 2  0      0 2905816  24412 475052    0    0     0    68 26639 26267 13  8 79  1  0 2026-10-01 08:29:45
 3  0      0 2898508  24412 477332    0    0     0     0 26117 25650 12  8 79  0  0 2026-10-01 08:29:46
 0  0      0 2890724  24412 479260    0    0     0     0 24244 24809 15  8 77  0  0 2026-10-01 08:29:47
 0  0      0 2888456  24412 481264    0    0     0     0 25680 25551 11 10 79  0  0 2026-10-01 08:29:48
 1  0      0 2886944  24412 482728    0    0     0     0 24250 24150 13  7 80  0  0 2026-10-01 08:29:49
 2  0      0 2884928  24420 484724    0    0     0    72 26556 26788 12 12 76  0  0 2026-10-01 08:29:50
 0  0      0 2874848  24420 486568    0    0     0     0 24773 24904 17  8 76  0  0 2026-10-01 08:29:51
 0  0      0 2872328  24420 488512    0    0     0     0 25997 26539 11 10 79  0  0 2026-10-01 08:29:52
 0  0      0 2870592  24420 490500    0    0     0     0 27666 28017 14 10 76  0  0 2026-10-01 08:29:53
 0  0      0 2868576  24436 492052    0    0     0    88 22861 23556 10  4 86  0  0 2026-10-01 08:29:54
 0  0      0 2866056  24444 493768    0    0     0    84 25227 25436 11  9 80  0  0 2026-10-01 08:29:55
 0  0      0 2856996  24444 494432    0    0     0     8 18292 19175 10  8 82  0  0 2026-10-01 08:29:56
 0  0      0 2856492  24444 495140    0    0     0     0 10397 9147  5  4 91  0  0 2026-10-01 08:29:57
 0  0      0 2855748  24444 495724    0    0     0     0 10401 10984  2  3 95  0  0 2026-10-01 08:29:58
 0  0      0 2855748  24444 495724    0    0     0     0 18878 15961  6  6 89  0  0 2026-10-01 08:29:59
 0  0      0 2855748  24452 495720    0    0     0    68  212  214  0  0 100  1  0 2026-10-01 08:30:00
 0  0      0 2855748  24452 495728    0    0     0     0 2975 1894  1  1 98  0  0 2026-10-01 08:30:01
 0  0      0 2854236  24452 495364    0    0     0    12 1694 1983  1  1 99  0  0 2026-10-01 08:30:02
 0  0      0 2854236  24452 495364    0    0     0     0   33   41  0  0 100  0  0 2026-10-01 08:30:03
 0  0      0 2854236  24452 495364    0    0     0     0   31   32  0  0 100  0  0 2026-10-01 08:30:04
procs -----------memory---------- ---swap-- -----io---- -system-- ------cpu----- -----timestamp-----
 r  b   swpd   free   buff  cache   si   so    bi    bo   in   cs us sy id wa st                 UTC
 0  0      0 2854236  24460 495364    0    0     0 23284  289  406  0  0 98  2  0 2026-10-01 08:30:05
 0  0      0 2854236  24460 495372    0    0     0     0   30   33  0  0 100  0  0 2026-10-01 08:30:06
 0  0      0 2862276  24460 495372    0    0     0   404  794 1196 13  4 82  0  0 2026-10-01 08:30:07
