procs -----------memory---------- ---swap-- -----io---- -system-- ------cpu----- -----timestamp-----
 r  b   swpd   free   buff  cache   si   so    bi    bo   in   cs us sy id wa st                 UTC
 0  0      0 31172648  24612 475488    0    0     4     2  404  258 15  3 82  0  0 2026-10-01 10:02:49
 0  0      0 31159588  24612 475484    0    0     0     0 1738 1699  1  0 99  0  0 2026-10-01 10:02:50
 0  0      0 31159364  24612 475484    0    0     0     0   71  128  0  0 100  0  0 2026-10-01 10:02:51
 0  0      0 31156760  24612 475484    0    0     0     0 3383 2036  2  0 98  0  0 2026-10-01 10:02:52
 0  0      0 31155192  24612 475484    0    0     0     0   76  138  0  0 100  0  0 2026-10-01 10:02:53
 0  0      0 31155192  24620 475484    0    0     0    48   73  125  0  0 100  0  0 2026-10-01 10:02:54
 2  0      0 31128480  24620 475484    0    0     0     0 22606 23087  8  1 91  0  0 2026-10-01 10:02:55
 6  0      0 31058760  24620 475484    0    0     0     0 42551 48789 17  2 82  0  0 2026-10-01 10:02:56
 0  0      0 30957260  24620 475548    0    0     0     0 52235 53159 22  2 76  0  0 2026-10-01 10:02:57
 1  0      0 30838200  24620 476364    0    0     0     0 57792 54030 27  2 70  0  0 2026-10-01 10:02:58
13  0      0 30694752  24620 477540    0    0     0  1184 66560 58917 31  3 66  0  0 2026-10-01 10:02:59
12  0      0 30574304  24628 478884    0    0     0    28 66498 53697 36  3 61  0  0 2026-10-01 10:03:00
11  0      0 30373684  24628 480236    0    0     0     0 76323 54632 39  3 58  0  0 2026-10-01 10:03:01
14  0      0 30197036  24628 481596    0    0     0     0 77588 48548 42  4 54  0  0 2026-10-01 10:03:02
 1  0      0 30031436  24628 482788    0    0     0     0 81528 53244 44  4 52  0  0 2026-10-01 10:03:03
13  0      0 29862856  24628 483860    0    0     0     0 88581 51776 50  4 45  0  0 2026-10-01 10:03:04
 1  0      0 29796444  24628 484972    0    0     0     0 86865 55704 45  4 51  0  0 2026-10-01 10:03:05
16  0      0 29610356  24636 486004    0    0     0    32 93517 53581 47  4 49  0  0 2026-10-01 10:03:06
 1  0      0 29498564  24636 487012    0    0     0     0 95124 50659 51  5 44  0  0 2026-10-01 10:03:07
16  0      0 29350816  24636 487916    0    0     0     0 100519 56756 46  5 49  0  0 2026-10-01 10:03:08
16  0      0 29258568  24636 488620    0    0     0     0 100093 58161 50  5 46  0  0 2026-10-01 10:03:09
procs -----------memory---------- ---swap-- -----io---- -system-- ------cpu----- -----timestamp-----
 r  b   swpd   free   buff  cache   si   so    bi    bo   in   cs us sy id wa st                 UTC
16  0      0 29147500  24636 489332    0    0     0     0 102226 46646 56  5 39  0  0 2026-10-01 10:03:10
 6  0      0 29024732  24636 490364    0    0     0     0 97870 56058 41  4 54  0  0 2026-10-01 10:03:11
 9  0      0 28810828  24644 491188    0    0     0    12 104711 46394 51  5 44  0  0 2026-10-01 10:03:12
 5  0      0 28802184  24644 491740    0    0     0     0 102238 50478 53  5 42  0  0 2026-10-01 10:03:13
 6  0      0 28673484  24644 492604    0    0     0     0 114401 54943 52  6 43  0  0 2026-10-01 10:03:14
 4  0      0 28663044  24644 493356    0    0     0     0 102849 52911 51  5 44  0  0 2026-10-01 10:03:15
16  0      0 28424884  24644 494340    0    0     0     0 121826 44155 60  7 33  0  0 2026-10-01 10:03:16
16  0      0 28413784  24644 494524    0    0     0    48 115705 64647 46  6 48  0  0 2026-10-01 10:03:17
 4  0      0 28408840  24652 495684    0    0     0    12 97788 57734 41  5 54  0  0 2026-10-01 10:03:18
 4  0      0 28328916  24652 496308    0    0     0     0 129132 48959 62  6 32  0  0 2026-10-01 10:03:19
 7  0      0 28235048  24652 497212    0    0     0    20 113249 57570 54  6 41  0  0 2026-10-01 10:03:20
12  0      0 28019884  24652 497620    0    0     0     0 135707 54822 57  7 36  0  0 2026-10-01 10:03:21
16  0      0 28012972  24652 498452    0    0     0     0 107208 57393 49  5 46  0  0 2026-10-01 10:03:22
 7  0      0 27987112  24660 499196    0    0     0    32 131481 70641 52  6 42  0  0 2026-10-01 10:03:23
 7  0      0 27765212  24660 500044    0    0     0     0 122157 42491 57  6 37  0  0 2026-10-01 10:03:24
16  0      0 27641800  24660 500304    0    0     0     0 145347 65098 59  7 34  0  0 2026-10-01 10:03:25
14  0      0 27631876  24660 501560    0    0     0     0 108297 52648 51  5 44  0  0 2026-10-01 10:03:26
10  0      0 27563896  24660 501600    0    0     0     0 140545 81966 45  7 48  0  0 2026-10-01 10:03:27
16  0      0 27404548  24668 502736    0    0     0    12 123342 31042 77  7 15  0  0 2026-10-01 10:03:28
16  0      0 27391256  24668 503880    0    0     0     0 125887 74422 42  6 52  0  0 2026-10-01 10:03:29
 4  0      0 27269636  24668 503968    0    0     0     0 153416 89599 47  7 46  0  0 2026-10-01 10:03:30
procs -----------memory---------- ---swap-- -----io---- -system-- ------cpu----- -----timestamp-----
 r  b   swpd   free   buff  cache   si   so    bi    bo   in   cs us sy id wa st                 UTC
 0  0      0 27063144  24668 505392    0    0     0     0 113096 21456 75  7 19  0  0 2026-10-01 10:03:31
 9  0      0 27062852  24668 505480    0    0     0     0 141808 89334 33  7 60  0  0 2026-10-01 10:03:32
17  0      0 26996432  24668 505520    0    0     0   188 130664 42869 64 18 18  0  0 2026-10-01 10:03:33
17  0      0 26927572  24676 506512    0    0     0    20 108806 9931 58 39  3  0  0 2026-10-01 10:03:34
16  0      0 26924924  24676 507048    0    0     0     0 116585 23666 49 39 12  0  0 2026-10-01 10:03:35
16  0      0 26550008  24676 507512    0    0     0     0 147368 36336 64 16 20  0  0 2026-10-01 10:03:36
16  0      0 26542680  24676 508504    0    0     0     0 91733 2206 44 56  0  0  0 2026-10-01 10:03:37
24  0      0 26543208  24676 508672    0    0     0     0 135229 53520 61 12 28  0  0 2026-10-01 10:03:38
16  0      0 26438284  24684 509200    0    0     0    12 133519 47598 59 19 22  0  0 2026-10-01 10:03:39
16  0      0 26382736  24684 510064    0    0     0     0 120439 4836 49 50  0  0  0 2026-10-01 10:03:40
16  0      0 26397024  24684 510616    0    0     0     0 111594 6958 67 32  0  0  0 2026-10-01 10:03:41
 1  0      0 26408972  24684 511232    0    0     0     0 120766 31269 47 37 16  0  0 2026-10-01 10:03:42
16  0      0 26179824  24684 511728    0    0     0     0 133856 13616 60 36  4  0  0 2026-10-01 10:03:43
16  0      0 26213484  24692 512168    0    0     0    12 108272 23778 47 40 13  0  0 2026-10-01 10:03:44
26  0      0 26143516  24692 512840    0    0     0     0 126868 16821 67 32  1  0  0 2026-10-01 10:03:45
16  0      0 26045644  24692 513384    0    0     0     0 122222 21591 55 39  6  0  0 2026-10-01 10:03:46
16  0      0 26028600  24692 513920    0    0     0     0 126906 6421 56 43  0  0  0 2026-10-01 10:03:47
16  0      0 25681668  24692 514600    0    0     0     0 123687 6136 59 41  0  0  0 2026-10-01 10:03:48
16  0      0 25637796  24700 515104    0    0     0    12 130332 6442 58 41  0  0  0 2026-10-01 10:03:49
15  0      0 25627224  24700 515696    0    0     0     0 96671 22746 56 33 12  0  0 2026-10-01 10:03:50
16  0      0 25623724  24700 515752    0    0     0     8 153206 46456 50 33 17  0  0 2026-10-01 10:03:51
procs -----------memory---------- ---swap-- -----io---- -system-- ------cpu----- -----timestamp-----
 r  b   swpd   free   buff  cache   si   so    bi    bo   in   cs us sy id wa st                 UTC
16  0      0 25570420  24700 516136    0    0     0     0 117975 6833 60 40  1  0  0 2026-10-01 10:03:52
16  0      0 25476784  24700 517056    0    0     0    20 125581 3502 47 53  0  0  0 2026-10-01 10:03:53
16  0      0 25274100  24708 517488    0    0     0    20 112749 6086 58 41  0  0  0 2026-10-01 10:03:54
 4  0      0 25324532  24708 518008    0    0     0     0 163444 68762 46 28 25  0  0 2026-10-01 10:03:55
 1  0      0 30984048  24708 514472    0    0     0     0 66911 23218  4  4 92  0  0 2026-10-01 10:03:56
 0  0      0 31156280  24708 475872    0    0     0     0 60186  471  0  1 99  0  0 2026-10-01 10:03:57
 0  0      0 31156280  24708 475872    0    0     0     0   63  111  0  0 100  0  0 2026-10-01 10:03:58
 0  0      0 31156028  24716 475872    0    0     0    28   82  121  0  0 100  0  0 2026-10-01 10:03:59
 0  0      0 31155776  24716 475876    0    0     0     0  104  162  0  0 100  0  0 2026-10-01 10:04:00
 0  0      0 31155776  24716 475876    0    0     0     0   79  146  0  0 100  0  0 2026-10-01 10:04:01
