procs -----------memory---------- ---swap-- -----io---- -system-- ------cpu----- -----timestamp-----
 r  b   swpd   free   buff  cache   si   so    bi    bo   in   cs us sy id wa st                 UTC
 1  0      0 1001868  47080 780348    0    0   559   371 14589 4705  9 20 70  1  0 2026-10-01 10:02:49
 4  1      0 1052224  48028 779032    0    0    84 21264 5317 8858 41  8 44  8  0 2026-10-01 10:02:50
 0  0      0 1053040  48748 780724    0    0     0 11164 2912 5345 16  2 71 11  0 2026-10-01 10:02:51
 0  0      0 1053040  48784 780692    0    0     0   480 1711 1864  2  1 95  1  0 2026-10-01 10:02:52
 0  0      0 1053040  48796 780680    0    0     0    36  296  501  0  1 100  0  0 2026-10-01 10:02:53
 0  0      0 1053040  48808 780692    0    0     0  1540  508  780  1  0 98  2  0 2026-10-01 10:02:54
 2  0      0 1052368  48892 780424    0    0     0  1388 23444 21699 14 11 73  2  0 2026-10-01 10:02:55
 0  0      0 1052368  48940 780204    0    0     0   452 36468 35573 18 19 62  1  0 2026-10-01 10:02:56
 0  0      0 1052144  48972 779920    0    0     0   592 49779 39322 25 25 49  1  0 2026-10-01 10:02:57
 6  0      0 1052144  49004 779244    0    0     0   596 53428 41445 26 28 46  1  0 2026-10-01 10:02:58
 0  0      0 1052144  49040 778860    0    0     0   640 60978 40728 26 32 42  0  0 2026-10-01 10:02:59
 0  0      0 1050800  49100 778608    0    0     0   740 62587 40533 28 31 41  1  1 2026-10-01 10:03:00
 1  0      0 1048752  49196 778152    0    0     0  1340 68042 40400 25 39 35  1  0 2026-10-01 10:03:01
 4  0      0 1045616  49280 777992    0    0     0  1352 71303 36611 27 40 33  1  0 2026-10-01 10:03:02
 4  0      0 1042480  49324 777968    0    0     0  1184 77076 37896 27 41 32  1  0 2026-10-01 10:03:03
 6  0      0 1037552  49400 777812    0    0     0  1204 80270 36873 24 47 27  1  0 2026-10-01 10:03:04
 6  0      0 1031728  49456 777868    0    0     0  1176 82471 35348 28 47 25  1  0 2026-10-01 10:03:05
 4  0      0 1026112  49508 779228    0    0     0  1148 83930 35528 26 47 28  0  0 2026-10-01 10:03:06
 6  0      0 1021152  49564 781476    0    0     0  1088 87089 34363 24 50 25  0  0 2026-10-01 10:03:07
 7  0      0 1017656  49620 782912    0    0     0  1072 87883 32383 32 47 21  1  0 2026-10-01 10:03:08
 6  0      0 1008976  49688 784988    0    0     0  1088 90654 32630 25 51 23  1  0 2026-10-01 10:03:09
procs -----------memory---------- ---swap-- -----io---- -system-- ------cpu----- -----timestamp-----
 r  b   swpd   free   buff  cache   si   so    bi    bo   in   cs us sy id wa st                 UTC
 4  0      0 1003180  49752 787216    0    0     0   980 93463 32868 20 56 23  0  0 2026-10-01 10:03:10
 5  0      0 991656  49812 787592    0    0     0  1052 88406 31388 27 52 21  1  0 2026-10-01 10:03:11
10  0      0 979620  49876 789360    0    0     0  1072 90571 32146 25 51 24  0  0 2026-10-01 10:03:12
 3  0      0 971532  49900 790988    0    0     0   976 92534 31173 14 49 36  1  0 2026-10-01 10:03:13
 6  0      0 957720  49916 792404    0    0     0  1028 94185 29849 24 57 19  1  0 2026-10-01 10:03:14
 8  0      0 944404  49952 794452    0    0     0  1032 94001 27813 23 58 18  0  0 2026-10-01 10:03:15
 5  0      0 936748  50000 796284    0    0     0  4296 92130 31259 24 55 22  0  0 2026-10-01 10:03:16
 4  0      0 946648  50048 797104    0    0     0   976 95892 23737 27 61 12  1  0 2026-10-01 10:03:17
 4  0      0 940940  50080 798480    0    0     0  1100 91093 32695 25 53 22  0  0 2026-10-01 10:03:18
 4  0      0 934740  50116 800420    0    0     0   876 93403 26004 25 58 16  1  0 2026-10-01 10:03:19
 6  0      0 923376  50144 801736    0    0     0   808 97740 24210 25 63 12  0  0 2026-10-01 10:03:20
 6  0      0 920564  50172 803636    0    0     0  1004 93410 29480 21 60 18  0  0 2026-10-01 10:03:21
 9  0      0 919624  50196 804188    0    0     0   944 96369 29615 27 56 17  0  0 2026-10-01 10:03:22
 2  0      0 914320  50224 805956    0    0     0   948 94299 24542 26 60 14  0  0 2026-10-01 10:03:23
 5  0      0 907336  50268 807624    0    0     0   836 92400 22860 25 62 12  1  0 2026-10-01 10:03:24
 5  0      0 904376  50300 808604    0    0     0   816 97146 23280 22 66 12  0  0 2026-10-01 10:03:25
 3  0      0 899952  50340 810612    0    0     0   776 92323 30439 24 53 23  1  0 2026-10-01 10:03:26
 2  0      0 871980  50356 810848    0    0     0   740 93154 17404 27 67  6  0  0 2026-10-01 10:03:27
 3  0      0 866548  50380 814788    0    0     0   792 95772 27994 19 60 21  0  0 2026-10-01 10:03:28
 4  0      0 862920  50408 815324    0    0     0   856 97733 30322 24 58 17  0  0 2026-10-01 10:03:29
 3  0      0 844504  50440 815564    0    0     0   664 94889 12855 27 70  3  0  0 2026-10-01 10:03:30
procs -----------memory---------- ---swap-- -----io---- -system-- ------cpu----- -----timestamp-----
 r  b   swpd   free   buff  cache   si   so    bi    bo   in   cs us sy id wa st                 UTC
 1  0      0 837808  50468 818608    0    0     0   564 93571 30424 16 57 26  0  1 2026-10-01 10:03:31
 3  0      0 835088  50496 818880    0    0     0   548 94492 21340 27 62 10  1  0 2026-10-01 10:03:32
 5  0      0 823964  50516 820076    0    0     0   520 95398 19661 25 63 12  0  0 2026-10-01 10:03:33
 3  0      0 851288  50548 821540    0    0     0   536 93130 23737 17 61 22  0  0 2026-10-01 10:03:34
 4  0      0 846808  50560 822120    0    0     0   460 96175 25761 23 60 17  0  0 2026-10-01 10:03:35
 2  0      0 841000  50568 823696    0    0     0   496 92366 20312 17 71 12  0  0 2026-10-01 10:03:36
 2  0      0 831792  50592 825288    0    0     0   464 95871 22043 19 62 19  0  0 2026-10-01 10:03:37
 2  0      0 831540  50620 825328    0    0     0   476 93506 19246 24 66  9  0  0 2026-10-01 10:03:38
 3  0      0 828268  50640 826708    0    0     0   460 92375 22824 20 66 15  0  0 2026-10-01 10:03:39
 2  0      0 790580  50644 828476    0    0     0   448 93709 11873 23 69  8  0  0 2026-10-01 10:03:40
 2  0      0 787784  50660 829940    0    0     0   528 94787 25864 15 63 23  0  0 2026-10-01 10:03:41
 2  0      0 785260  50676 830924    0    0     0   472 96111 23302 20 64 16  0  0 2026-10-01 10:03:42
 3  0      0 776824  50692 831804    0    0     0   436 96387 19142 19 68 14  0  0 2026-10-01 10:03:43
 3  0      0 773760  50716 832848    0    0     0   476 97195 26405 19 63 18  0  0 2026-10-01 10:03:44
 4  0      0 772352  50736 834108    0    0     0   468 93084 17233 18 72 10  0  0 2026-10-01 10:03:45
 8  0      0 769156  50764 834780    0    0     0   492 92552 24193 16 64 19  0  1 2026-10-01 10:03:46
 3  0      0 777912  50788 836928    0    0     0   504 93473 6695 22 77  2  0  0 2026-10-01 10:03:47
 3  0      0 765732  50804 837920    0    0     0   456 94285 23944 18 64 19  0  0 2026-10-01 10:03:48
 2  0      0 760400  50824 839384    0    0     0   468 92196 19846 19 66 15  0  0 2026-10-01 10:03:49
 2  0      0 741764  50828 840024    0    0     0   496 93535 18254 26 61 14  0  0 2026-10-01 10:03:50
 3  0      0 737292  50848 840676    0    0     0   500 85514 9428 17 79  4  0  0 2026-10-01 10:03:51
procs -----------memory---------- ---swap-- -----io---- -system-- ------cpu----- -----timestamp-----
 r  b   swpd   free   buff  cache   si   so    bi    bo   in   cs us sy id wa st                 UTC
 2  0      0 737292  50860 840896    0    0     0   476 89387 16820 14 73 12  0  0 2026-10-01 10:03:52
 4  0      0 732340  50880 842504    0    0     0   468 93306 19148 17 68 15  0  0 2026-10-01 10:03:53
 2  0      0 719696  50912 843240    0    0     0   528 93174 25342 18 53 28  1  0 2026-10-01 10:03:54
 2  0      0 710372  50932 843368    0    0     0   476 78460 7177 16 80  5  0  0 2026-10-01 10:03:55
 2  0      0 758688  50952 830080    0    0     0   500 31388 1516  6 36 59  0  0 2026-10-01 10:03:56
 2  0      0 1084308  51144 758468    0    0     0  7000 40051 3214 23 39 27 11  0 2026-10-01 10:03:57
