procs -----------memory---------- ---swap-- -----io---- -system-- ------cpu----- -----timestamp-----
 r  b   swpd   free   buff  cache   si   so    bi    bo   in   cs us sy id wa st                 UTC
 1  0      0 2810856  58188 726580    0    0   462  1992 7187 1142 26  7 65  2  0 2026-10-01 10:02:49
 3  0      0 2880828  58480 650348    0    0     0 14632 2272 4066 20  5 69  7  0 2026-10-01 10:02:50
 0  0      0 2823372  59164 652600    0    0     0 16224 4368 8101 28  4 53 16  0 2026-10-01 10:02:51
 0  0      0 2823472  59164 652600    0    0     0  6732  410  646  0  1 97  3  0 2026-10-01 10:02:52
 0  0      0 2823472  59164 652600    0    0     0     0   34   39  0  0 100  0  0 2026-10-01 10:02:53
 0  0      0 2823472  59164 652600    0    0     0     8   57   60  1  0 100  0  0 2026-10-01 10:02:54
 9  0      0 2800344  59488 656448    0    0     0  2496 6819 7421 19  4 69  9  0 2026-10-01 10:02:55
 0  0      0 2733728  59964 664428    0    0     0  4624 13157 12945 38  7 41 14  0 2026-10-01 10:02:56
 3  0      0 2687200  60400 673296    0    0     0  3816 16606 13680 57  3 30 10  0 2026-10-01 10:02:57
 0  0      0 2629444  60804 683908    0    0     0  3520 19514 15033 60  9 21 10  0 2026-10-01 10:02:58
 3  0      0 2560996  61104 694476    0    0     0  2384 22654 15954 71 12 13  5  0 2026-10-01 10:02:59
10  0      0 2533188  61412 706612    0    0     0  2892 22749 11723 75 12  8  6  0 2026-10-01 10:03:00
 3  0      0 2421132  61644 718536    0    0     0  2180 23701 9431 74 14  7  6  0 2026-10-01 10:03:01
 3  0      0 2367956  61824 729356    0    0     0  1784 25468 9404 85 11  1  4  0 2026-10-01 10:03:02
 8  0      0 2349172  61980 742272    0    0     0  1948 28174 8934 82 14  1  3  0 2026-10-01 10:03:03
 4  0      0 2263012  62160 754740    0    0     0  1740 30246 7145 80 16  0  4  0 2026-10-01 10:03:04
 4  0      0 2151904  62320 766056    0    0     0  2248 29279 2798 76 18  1  6  0 2026-10-01 10:03:05
 3  0      0 2099624  62360 776404    0    0     0   712 29387 1421 84 14  0  1  0 2026-10-01 10:03:06
 6  0      0 2081700  62500 788936    0    0     0  2176 33589 4386 80 15  1  5  1 2026-10-01 10:03:07
 3  0      0 2066612  62540 799692    0    0     0   796 34391 4920 87 11  1  1  0 2026-10-01 10:03:08
 5  0      0 2000000  62692 811944    0    0     0  1868 35391 1617 80 15  0  5  0 2026-10-01 10:03:09
procs -----------memory---------- ---swap-- -----io---- -system-- ------cpu----- -----timestamp-----
 r  b   swpd   free   buff  cache   si   so    bi    bo   in   cs us sy id wa st                 UTC
 3  0      0 1883992  62748 823396    0    0     0   636 37992 1972 81 18  0  1  0 2026-10-01 10:03:10
 4  0      0 1800720  62764 832232    0    0     0   264 33368  958 84 15  0  0  0 2026-10-01 10:03:11
 3  0      0 1786408  62800 842372    0    0     0   380 33368 1768 85 13  1  2  0 2026-10-01 10:03:12
 4  0      0 1772348  62924 853056    0    0     0  1424 39329 2589 79 17  0  4  0 2026-10-01 10:03:13
 3  0      0 1758260  62936 863812    0    0     0   200 38712 1778 83 16  2  0  0 2026-10-01 10:03:14
 3  0      0 1744412  63020 874536    0    0     0  1328 37182 1110 83 14  0  4  0 2026-10-01 10:03:15
 4  0      0 1652568  63044 885284    0    0     0   456 43899 3844 77 19  3  1  0 2026-10-01 10:03:16
 3  0      0 1537444  63116 896536    0    0     0 42864 45687 4394 74 20  2  5  0 2026-10-01 10:03:17
 4  0      0 1457072  63116 902904    0    0     0     0 30116 1580 87 12  0  0  0 2026-10-01 10:03:18
 2  0      0 1437860  63204 914468    0    0     0  1404 46650 1008 79 19  0  2  0 2026-10-01 10:03:19
 3  0      0 1422304  63236 925028    0    0     0   820 35947  794 86 13  0  1  0 2026-10-01 10:03:20
 4  0      0 1407268  63316 936424    0    0     0 77664 50777 1359 76 23  1  1  0 2026-10-01 10:03:21
 3  0      0 1392200  63348 945776    0    0     0  1072 36872  705 86 13  0  1  0 2026-10-01 10:03:22
 2  0      0 1379852  63436 956144    0    0     0  1084 46526  905 79 19  1  2  0 2026-10-01 10:03:23
 2  0      0 1329224  63480 965816    0    0     0   852 41529  764 84 15  0  0  0 2026-10-01 10:03:24
 2  0      0 1205600  63596 977440    0    0     0  1412 51717 1000 74 25  0  1  0 2026-10-01 10:03:25
 2  0      0 1114176  63600 984920    0    0     0 165796 38681 3021 82 18  0  1  0 2026-10-01 10:03:26
 2  0      0 1049132  63624 992132    0    0     0   560 47744  803 81 18  0  0  0 2026-10-01 10:03:27
 2  0      0 1029872  63664 1003896    0    0     0   816 43095  831 83 16  0  1  0 2026-10-01 10:03:28
 2  0      0 1019732  63664 1012000    0    0     0    12 45604 1603 82 17  1  0  0 2026-10-01 10:03:29
 2  0      0 1006460  63744 1022588    0    0     0  1384 48848 1001 78 20  0  2  0 2026-10-01 10:03:30
procs -----------memory---------- ---swap-- -----io---- -system-- ------cpu----- -----timestamp-----
 r  b   swpd   free   buff  cache   si   so    bi    bo   in   cs us sy id wa st                 UTC
 2  0      0 993492  63744 1031540    0    0     0   140 47139  653 84 16  0  0  0 2026-10-01 10:03:31
 2  0      0 984696  63744 1038888    0    0     0     0 44695  605 85 15  0  0  0 2026-10-01 10:03:32
 2  0      0 969336  63864 1050420    0    0     0  1728 51870 1107 79 19  0  2  0 2026-10-01 10:03:33
 2  0      0 924744  63904 1059836    0    0     0   696 44971  711 79 21  0  1  0 2026-10-01 10:03:34
 3  0      0 824220  63908 1067464    0    0     0   232 52695  829 75 25  0  0  0 2026-10-01 10:03:35
 2  0      0 721908  63908 1076744    0    0     0     0 53861  758 75 25  0  0  0 2026-10-01 10:03:36
 2  0      0 633480  63936 1082624    0    0     0   612 40145  840 82 18  0  1  0 2026-10-01 10:03:37
 2  0      0 618696  63960 1090664    0    0     0   332 55157  822 76 24  0  1  0 2026-10-01 10:03:38
 2  0      0 607612  64024 1100268    0    0     0  1024 51104  970 79 20  0  1  0 2026-10-01 10:03:39
 2  0      0 596544  64024 1109280    0    0     0     0 54763  757 76 24  0  0  0 2026-10-01 10:03:40
 2  0      0 589008  64024 1114992    0    0     0 57428 50823 1358 82 19  0  0  0 2026-10-01 10:03:41
 2  0      0 575136  64024 1124740    0    0     0     0 53775  697 80 20  0  0  0 2026-10-01 10:03:42
 2  0      0 593216  64048 1133952    0    0     0   788 61565  873 75 24  0  1  0 2026-10-01 10:03:43
 2  0      0 570068  64048 1141744    0    0     0     0 46443  641 79 21  0  0  0 2026-10-01 10:03:44
 2  0      0 549500  64048 1149272    0    0     0     0 54845  740 76 24  0  0  0 2026-10-01 10:03:45
 1  0      0 520020  64096 1158480    0    0     0 131284 56645 4099 71 25  2  2  0 2026-10-01 10:03:46
 2  0      0 435852  64096 1165224    0    0     0     8 58726 7454 71 22  7  0  0 2026-10-01 10:03:47
 2  0      0 333184  64096 1172132    0    0     0     0 47103  694 79 22  0  0  0 2026-10-01 10:03:48
 2  0      0 218900  64096 1178380    0    0     0     0 50757  758 75 25  1  0  0 2026-10-01 10:03:49
 2  0      0 154892  64096 1184776    0    0     0     0 38550 1129 83 18  0  0  0 2026-10-01 10:03:50
 2  0      0 146324  64108 1192868    0    0     0   408 65834  854 74 26  0  0  0 2026-10-01 10:03:51
procs -----------memory---------- ---swap-- -----io---- -system-- ------cpu----- -----timestamp-----
 r  b   swpd   free   buff  cache   si   so    bi    bo   in   cs us sy id wa st                 UTC
 2  0      0 138260  64108 1199864    0    0     0     0 53000  706 78 22  0  0  0 2026-10-01 10:03:52
 2  0      0 158032  64108 1207024    0    0     0    12 59750  724 76 24  0  0  0 2026-10-01 10:03:53
 0  0      0 152488  64108 1212188    0    0     0     0 45865 15455 64 17 19  0  0 2026-10-01 10:03:54
 0  0      0 146224  64108 1217292    0    0   148   252 70065 18685 55 30 15  0  0 2026-10-01 10:03:55
 0  0      0 146224  64108 1216924    0    0     0     0 39359 24329  9 14 77  0  0 2026-10-01 10:03:56
 0  0      0 261776  64108 1196572    0    0     0     0 56567 38169 12 22 66  0  0 2026-10-01 10:03:57
 0  0      0 261776  64108 1196572    0    0     0     0   43   38  0  0 100  0  0 2026-10-01 10:03:58
 0  0      0 261776  64108 1196572    0    0     0     8   51   58  0  0 100  0  0 2026-10-01 10:03:59
