procs -----------memory---------- ---swap-- -----io---- -system-- ------cpu----- -----timestamp-----
 r  b   swpd   free   buff  cache   si   so    bi    bo   in   cs us sy id wa st                 UTC
 1  0      0 327904  56560 1193200    0    0   473  1933 7153 1081 26  7 65  2  0 2026-10-01 10:02:49
 0  1      0 515624  57152 986252    0    0     0 35844 2289 5264  1  5 82 12  0 2026-10-01 10:02:50
 2  2      0 922152  58140 650772    0    0     0 57824 5321 11519 21  8 38 33  0 2026-10-01 10:02:51
 0  0      0 917924  59004 653744    0    0     0 17296 4732 9057 26  3 52 19  0 2026-10-01 10:02:52
 0  0      0 917924  59004 653744    0    0     0     0   31   41  0  0 100  0  0 2026-10-01 10:02:53
 0  0      0 917924  59004 653744    0    0     0  1280  175  318  0  0 99  2  0 2026-10-01 10:02:54
 0  0      0 916096  59160 655956    0    0     0  1276 3964 3623 14  2 80  4  0 2026-10-01 10:02:55
 5  0      0 910740  59556 661436    0    0     0  3148 10448 11406 28  3 57 12  0 2026-10-01 10:02:56
 0  0      0 899744  59808 667812    0    0     0  2496 13960 13461 39  5 49  8  0 2026-10-01 10:02:57
 0  1      0 889416  60068 674620    0    0     0  2060 15806 13765 44  6 42  8  0 2026-10-01 10:02:58
 6  0      0 841044  60344 682860    0    0     0  2356 20333 18632 55  8 30  7  0 2026-10-01 10:02:59
 4  0      0 807276  60528 690644    0    0     0  1760 20035 14871 65 11 20  5  0 2026-10-01 10:03:00
 5  0      0 795456  60752 700148    0    0     0  1860 23311 16680 68  9 20  4  0 2026-10-01 10:03:01
10  0      0 781848  60976 709848    0    0     0  2284 27656 19957 75 10 12  3  0 2026-10-01 10:03:02
 3  0      0 768076  61204 720708    0    0     0  2232 28395 17290 75 15  6  4  0 2026-10-01 10:03:03
 7  0      0 754300  61352 732316    0    0     0  1880 28291 11417 81 13  2  4  0 2026-10-01 10:03:04
 6  0      0 741084  61464 743900    0    0     0  1116 25864 4970 82 13  2  4  0 2026-10-01 10:03:05
 2  0      0 726888  61628 755192    0    0     0  2140 29773 9677 81 15  0  3  0 2026-10-01 10:03:06
 1  1      0 713532  61780 766856    0    0     0  1664 29287 3826 82 14  1  4  0 2026-10-01 10:03:07
 2  0      0 701016  61980 775196    0    0     0  1668 28915 6916 85 12  0  3  0 2026-10-01 10:03:08
 1  1      0 684104  62152 787132    0    0     0 76944 33598 3732 82 14  0  4  0 2026-10-01 10:03:09
procs -----------memory---------- ---swap-- -----io---- -system-- ------cpu----- -----timestamp-----
 r  b   swpd   free   buff  cache   si   so    bi    bo   in   cs us sy id wa st                 UTC
 2  0      0 670244  62316 798232    0    0     0  1940 34192 3102 82 15  0  3  0 2026-10-01 10:03:10
 2  0      0 659672  62376 807876    0    0     0  1376 31933 2112 84 12  1  3  0 2026-10-01 10:03:11
 2  0      0 647688  62488 818072    0    0     0  1916 39547 7499 82 16  1  2  0 2026-10-01 10:03:12
 2  0      0 634500  62580 828800    0    0     0  1488 35947 3886 83 14  0  3  0 2026-10-01 10:03:13
 2  0      0 627948  62580 838256    0    0     0     0 36028  629 86 14  0  0  0 2026-10-01 10:03:14
 2  0      0 617980  62660 847692    0    0     0 88700 37603 2364 82 16  0  2  0 2026-10-01 10:03:15
 2  0      0 674356  62792 859208    0    0     0  2000 43247 4454 79 17  0  4  0 2026-10-01 10:03:16
 4  0      0 828448  62872 869288    0    0     0  1168 45120 2211 78 21  1  2  0 2026-10-01 10:03:17
 2  0      0 816260  62908 877576    0    0     0   336 36795 4215 85 15  0  1  0 2026-10-01 10:03:18
 4  2      0 859848  62980 889820    0    0     0  1816 48861 4569 78 20  0  2  0 2026-10-01 10:03:19
 2  0      0 959632  63040 899836    0    0     0   940 41286 2057 83 15  0  2  0 2026-10-01 10:03:20
 2  0      0 956212  63076 909060    0    0     0   556 40173 2371 82 17  0  1  0 2026-10-01 10:03:21
 2  0      0 950036  63080 915908    0    0     0   332 39423 1015 85 15  0  1  0 2026-10-01 10:03:22
 2  0      0 940420  63196 928232    0    0     0  1920 45314 5025 78 18  0  4  0 2026-10-01 10:03:23
 2  0      0 929132  63264 935980    0    0     0   916 41132 9480 85 14  0  1  0 2026-10-01 10:03:24
 2  0      0 917804  63280 946656    0    0     0   328 48132  666 82 18  0  1  0 2026-10-01 10:03:25
 2  0      0 906404  63356 956704    0    0     0  1184 41641 3664 78 19  0  2  0 2026-10-01 10:03:26
 2  0      0 895076  63464 964948    0    0     0  1256 47943 4756 77 21  1  2  0 2026-10-01 10:03:27
 2  0      0 876080  63536 977188    0    0     0  1396 46477 2287 82 15  0  3  0 2026-10-01 10:03:28
 2  0      0 847976  63536 983784    0    0     0    12 36041  570 88 11  0  0  0 2026-10-01 10:03:29
 2  0      0 867000  63628 996132    0    0     0 52372 56354 6088 70 23  4  3  0 2026-10-01 10:03:30
procs -----------memory---------- ---swap-- -----io---- -system-- ------cpu----- -----timestamp-----
 r  b   swpd   free   buff  cache   si   so    bi    bo   in   cs us sy id wa st                 UTC
 2  0      0 844092  63628 1001992    0    0     0     0 30875 1169 89 11  1  0  0 2026-10-01 10:03:31
 2  0      0 808072  63632 1008392    0    0     0   244 45948 1212 81 19  0  0  0 2026-10-01 10:03:32
 2  0      0 793628  63720 1020600    0    0     0  1480 49214 6670 78 19  0  3  0 2026-10-01 10:03:33
 3  0      0 784008  63748 1028344    0    0     0   600 48076  833 80 19  0  1  0 2026-10-01 10:03:34
 2  0      0 774216  63756 1036988    0    0     0 151768 49803 2223 78 22  0  0  0 2026-10-01 10:03:35
 2  0      0 763632  63840 1046660    0    0     0  1136 52328  852 77 22  0  1  0 2026-10-01 10:03:36
 2  0      0 747024  63840 1056380    0    0     0     0 46857  634 79 21  0  0  0 2026-10-01 10:03:37
 3  0      0 736536  63840 1063300    0    0     0   160 49103  641 79 21  0  0  0 2026-10-01 10:03:38
 2  0      0 714484  63888 1073560    0    0     0   700 48082  900 79 21  0  1  0 2026-10-01 10:03:39
 3  0      0 676360  63928 1082772    0    0     0   764 57119 1978 73 23  3  1  0 2026-10-01 10:03:40
 2  0      0 583328  63928 1089944    0    0     0     0 50434  664 80 20  0  0  0 2026-10-01 10:03:41
 2  0      0 480044  63928 1098232    0    0     0     0 46097  669 81 19  0  0  0 2026-10-01 10:03:42
 2  0      0 393048  63928 1102320    0    0     0     0 40341  623 83 18  0  0  0 2026-10-01 10:03:43
 2  0      0 368868  63948 1108972    0    0     0   368 48102 2240 80 19  0  0  0 2026-10-01 10:03:44
 2  0      0 352808  63996 1118872    0    0     0   788 56038  833 79 20  1  2  0 2026-10-01 10:03:45
 2  0      0 343356  63996 1124896    0    0     0     8 44878  623 81 19  0  0  0 2026-10-01 10:03:46
 2  0      0 333024  63996 1134360    0    0     0     0 57115  685 78 22  0  0  0 2026-10-01 10:03:47
 2  0      0 322716  64004 1144328    0    0     0  2472 50633 1416 82 17  0  0  0 2026-10-01 10:03:48
 2  0      0 309416  64020 1152780    0    0     0   492 63244 1258 74 25  0  1  0 2026-10-01 10:03:49
 2  0      0 298364  64080 1160824    0    0     0 45696 43590 1426 82 19  0  0  0 2026-10-01 10:03:50
 2  0      0 286016  64112 1167880    0    0     0   456 62994  938 72 27  0  1  0 2026-10-01 10:03:51
procs -----------memory---------- ---swap-- -----io---- -system-- ------cpu----- -----timestamp-----
 r  b   swpd   free   buff  cache   si   so    bi    bo   in   cs us sy id wa st                 UTC
 2  0      0 303256  64160 1176680    0    0     0   712 61457 9218 66 24  9  1  0 2026-10-01 10:03:52
 2  0      0 294916  64160 1181884    0    0     0     0 57425 7301 71 21  9  0  0 2026-10-01 10:03:53
 2  0      0 277724  64160 1187496    0    0     0   124 44872 11462 63 20 17  0  0 2026-10-01 10:03:54
 3  0      0 204844  64220 1192796    0    0   372 110448 55306 6317 71 28  2  0  0 2026-10-01 10:03:55
 2  0      0 204844  64220 1192612    0    0     0     0 37323 23477  6 14 80  0  0 2026-10-01 10:03:56
 0  0      0 302244  64220 1175004    0    0     0  1824 56811 36432 13 19 68  1  0 2026-10-01 10:03:57
 0  0      0 302244  64220 1175004    0    0     0     8   39   36  0  0 100  0  0 2026-10-01 10:03:58
 0  0      0 302244  64220 1175004    0    0     0     0   34   44  0  0 100  0  0 2026-10-01 10:03:59
 0  0      0 302244  64220 1175012    0    0     0   356   48   58  0  1 100  0  0 2026-10-01 10:04:00
 1  0      0 270164  64232 1175016    0    0     0    92 1031 1569 13  6 81  0  0 2026-10-01 10:04:01
