procs -----------memory---------- ---swap-- -----io---- -system-- ------cpu----- -----timestamp-----
 r  b   swpd   free   buff  cache   si   so    bi    bo   in   cs us sy id wa st                 UTC
 1  0      0 1372088  33212 589912    0    0   145   359  589 1295  7  6 86  0  0 2026-10-01 08:56:14
 0  2      0 1382968  33456 557680    0    0 18740  9128 1956 3577  6  5 79 10  0 2026-10-01 08:56:15
 0  0      0 1301376  34912 560832    0    0     4 24064 8446 13688 47  8 26 19  0 2026-10-01 08:56:16
 0  0      0 1301376  34928 560864    0    0     0   488  393  599  0  0 99  1  0 2026-10-01 08:56:17
 0  0      0 1301376  34928 560864    0    0     0     0  223  394  0  0 100  0  0 2026-10-01 08:56:18
 0  0      0 1295428  34976 561028    0    0     0   412 5712 4090  4  2 93  2  0 2026-10-01 08:56:19
 1  0      0 1283992  35084 562332    0    0     0  1164 34078 19822 11 10 77  2  0 2026-10-01 08:56:20
 3  0      0 1267548  35296 564932    0    0     0  1268 37644 23410 23 16 57  4  0 2026-10-01 08:56:21
 2  0      0 1258144  35336 566484    0    0     0   556 48254 27131 12 17 70  1  0 2026-10-01 08:56:22
 1  0      0 1231840  35456 569700    0    0     0   872 53185 30895 28 22 47  3  0 2026-10-01 08:56:23
 1  0      0 1215488  35492 571660    0    0     0   440 59502 32312 18 22 59  1  0 2026-10-01 08:56:24
 2  0      0 1180128  35652 575244    0    0     0   920 63718 35952 30 35 34  2  0 2026-10-01 08:56:25
 2  0      0 1161060  35700 577632    0    0     0   520 69975 35402 15 34 50  1  0 2026-10-01 08:56:26
 0  0      0 1124144  35744 580940    0    0     0   464 72559 38609 33 36 31  1  0 2026-10-01 08:56:27
10  0      0 1103760  35760 583296    0    0     0   368 76796 37601 20 38 42  0  0 2026-10-01 08:56:28
 4  0      0 1066536  35824 587216    0    0     0   704 79671 35569 33 43 23  0  0 2026-10-01 08:56:29
 7  0      0 1039392  35876 590028    0    0     0   524 81165 36302 30 40 30  0  0 2026-10-01 08:56:30
 3  0      0 1005220  35952 593784    0    0     0   584 83319 34472 33 44 23  1  0 2026-10-01 08:56:31
 7  0      0 977780  36040 596992    0    0     0  1104 86935 34141 29 45 25  1  0 2026-10-01 08:56:32
 3  0      0 954180  36124 600376    0    0     0  1172 87286 32629 45 44 11  0  0 2026-10-01 08:56:33
 1  0      0 944340  36192 603468    0    0     0  1212 88214 32642 35 46 20  0  0 2026-10-01 08:56:34
procs -----------memory---------- ---swap-- -----io---- -system-- ------cpu----- -----timestamp-----
 r  b   swpd   free   buff  cache   si   so    bi    bo   in   cs us sy id wa st                 UTC
 4  0      0 925468  36284 607748    0    0     0  1280 89559 24989 41 50  9  1  0 2026-10-01 08:56:35
12  0      0 916064  36340 610492    0    0     0 26276 92782 32227 31 51 17  1  0 2026-10-01 08:56:36
 7  0      0 897584  36408 614844    0    0     0  1096 90207 18491 47 51  1  0  0 2026-10-01 08:56:37
10  0      0 882428  36456 617592    0    0     0   964 95876 30443 29 56 15  0  0 2026-10-01 08:56:38
 7  0      0 842640  36528 621612    0    0     0  1180 89781 16534 47 53  1  0  0 2026-10-01 08:56:39
14  0      0 815344  36576 624292    0    0     0   892 93180 23096 31 59  9  0  0 2026-10-01 08:56:40
 7  0      0 775324  36624 627704    0    0     0   896 89714 19515 43 54  2  0  0 2026-10-01 08:56:41
 6  0      0 740932  36668 630472    0    0     0   880 93055 17562 36 57  7  0  0 2026-10-01 08:56:42
 8  0      0 709660  36708 633244    0    0     0   868 91783 13875 37 60  4  0  0 2026-10-01 08:56:43
 6  0      0 669876  36736 636308    0    0     0   884 92166 9583 39 60  0  0  0 2026-10-01 08:56:44
 7  0      0 653404  36768 638628    0    0     0   824 91405 10418 44 56  1  0  0 2026-10-01 08:56:45
 8  0      0 638088  36808 641892    0    0     0   812 90372 7670 43 56  1  0  0 2026-10-01 08:56:46
 6  0      0 627704  36864 644264    0    0     0  1080 92987 13576 43 56  2  0  0 2026-10-01 08:56:47
 7  0      0 620388  36916 646816    0    0     0  1020 92521 9487 38 62  0  0  0 2026-10-01 08:56:48
 5  0      0 608688  36984 649808    0    0     0  1044 91855 9100 42 59  0  0  0 2026-10-01 08:56:49
13  0      0 599636  37032 652032    0    0     0   980 90873 9456 37 63  0  0  0 2026-10-01 08:56:50
 6  0      0 592768  37088 654568    0    0     0 24812 91176 6038 41 59  0  0  0 2026-10-01 08:56:51
 9  0      0 582064  37136 657240    0    0     0   832 93278 12019 38 63  0  0  0 2026-10-01 08:56:52
 6  0      0 574456  37176 659200    0    0     0   824 92743 4116 43 58  0  0  0 2026-10-01 08:56:53
 9  0      0 555896  37216 661524    0    0     0   784 91674 10412 32 68  0  0  0 2026-10-01 08:56:54
 7  0      0 531484  37260 663544    0    0     0   712 90161 8816 35 65  0  0  0 2026-10-01 08:56:55
procs -----------memory---------- ---swap-- -----io---- -system-- ------cpu----- -----timestamp-----
 r  b   swpd   free   buff  cache   si   so    bi    bo   in   cs us sy id wa st                 UTC
 5  0      0 505256  37296 665520    0    0     0   740 89325 7439 37 64  0  0  0 2026-10-01 08:56:56
 4  0      0 482864  37336 667216    0    0     0   656 90929 9306 34 66  0  0  0 2026-10-01 08:56:57
 5  0      0 448276  37376 669452    0    0     0   656 89840 4389 36 65  0  0  0 2026-10-01 08:56:58
 4  0      0 423200  37408 670960    0    0     0   576 91395 13313 30 71  0  0  0 2026-10-01 08:56:59
 5  0      0 386876  37444 673352    0    0     0   524 91721 5258 34 65  0  0  0 2026-10-01 08:57:00
 6  0      0 352056  37480 674932    0    0     0   528 89135 5657 37 63  0  0  0 2026-10-01 08:57:01
 4  0      0 334944  37500 676092    0    0     0   532 91387 7371 38 63  0  0  0 2026-10-01 08:57:02
 4  0      0 307632  37536 677316    0    0     0   460 85789 4582 37 64  0  0  0 2026-10-01 08:57:03
 9  0      0 301368  37576 679272    0    0     0   440 85875 10802 32 69  0  0  0 2026-10-01 08:57:04
 4  0      0 293832  37604 681060    0    0     0   428 85154 5045 38 63  0  0  0 2026-10-01 08:57:05
 4  0      0 281028  37628 682940    0    0     0   360 88976 9313 34 66  0  0  0 2026-10-01 08:57:06
 6  0      0 274980  37648 683740    0    0     0   368 86443 10553 30 70  0  0  0 2026-10-01 08:57:07
 4  0      0 262972  37668 686308    0    0     0   380 90513 11872 36 64  0  0  0 2026-10-01 08:57:08
 4  0      0 237800  37704 687576    0    0     0   360 84593 8556 34 66  0  0  0 2026-10-01 08:57:09
 4  0      0 223980  37732 688840    0    0     0   340 87177 8152 28 72  0  0  0 2026-10-01 08:57:10
 4  0      0 209676  37760 691312    0    0     0   436 85781 8164 33 67  0  0  0 2026-10-01 08:57:11
 5  0      0 199076  37792 692808    0    0     0 21520 85148 5456 31 69  0  0  0 2026-10-01 08:57:12
 4  0      0 191540  37808 693944    0    0     0   320 89135 11671 32 68  0  0  0 2026-10-01 08:57:13
 4  0      0 177740  37828 696080    0    0     0   328 88129 9846 34 66  0  0  0 2026-10-01 08:57:14
 7  0      0 165040  37852 697472    0    0     0   248 86395 8100 30 70  0  0  0 2026-10-01 08:57:15
 5  0      0 157368  37876 698064    0    0     0   316 89516 14646 29 71  0  0  0 2026-10-01 08:57:16
procs -----------memory---------- ---swap-- -----io---- -system-- ------cpu----- -----timestamp-----
 r  b   swpd   free   buff  cache   si   so    bi    bo   in   cs us sy id wa st                 UTC
 6  0      0 138052  37904 700300    0    0     0   396 84789 4828 35 65  0  0  0 2026-10-01 08:57:17
 4  0      0 122716  37928 701504    0    0     0   380 86746 8893 29 71  0  0  0 2026-10-01 08:57:18
 4  0      0 118100  37840 702080    0    0   184   336 86754 8533 33 67  0  0  0 2026-10-01 08:57:19
 0  0      0 123476  37868 702032    0    0    20   448 19474 5020  6 13 80  1  0 2026-10-01 08:57:20
 5  0      0 157048  37668 684732    0    0     0   452 59882 15373 13 61 25  1  0 2026-10-01 08:57:21
