procs -----------memory---------- ---swap-- -----io---- -system-- ------cpu----- -----timestamp-----
 r  b   swpd   free   buff  cache   si   so    bi    bo   in   cs us sy id wa st                 UTC
 1  0      0 2038608  69056 1490092    0    0    87   383 2119  893  8  2 90  0  0 2026-10-01 08:56:14
 2  0      0 2346440  69264 1177640    0    0   124 10760 1716 3084 11  5 81  4  0 2026-10-01 08:56:15
 0  0      0 2274872  69864 1180436    0    0     0 20104 5694 10658 38  4 40 19  0 2026-10-01 08:56:16
 0  0      0 2274872  69864 1180448    0    0     0   616   69   60  0  0 100  1  0 2026-10-01 08:56:17
 0  0      0 2274872  69864 1180448    0    0     0     0   41   53  0  0 100  0  0 2026-10-01 08:56:18
 2  0      0 2273108  69864 1180536    0    0     0    32  687  600  1  1 98  0  0 2026-10-01 08:56:19
 0  1      0 2254488  70028 1184072    0    0     0  2184 9612 8906 23  3 65  8  0 2026-10-01 08:56:20
 5  0      0 2215508  70160 1187992    0    0     0  1976 12162 11576 25  6 63  7  0 2026-10-01 08:56:21
 0  0      0 2160524  70324 1192872    0    0     0  1828 18075 15720 36  7 53  5  0 2026-10-01 08:56:22
 0  0      0 2106232  70404 1197580    0    0     0  1164 19924 17897 36  9 51  4  0 2026-10-01 08:56:23
 0  0      0 2081448  70556 1203336    0    0     0  1624 22647 18085 49  9 37  6  0 2026-10-01 08:56:24
 8  0      0 2061956  70596 1208428    0    0     0   688 22954 18456 45  8 46  2  0 2026-10-01 08:56:25
 6  0      0 1992840  70668 1214536    0    0     0   924 26079 16664 53 12 32  2  0 2026-10-01 08:56:26
 5  0      0 1920612  70764 1220604    0    0     0  1092 29446 23235 49 15 34  3  0 2026-10-01 08:56:27
 3  0      0 1844644  70800 1226384    0    0     0   524 28293 15193 63 12 23  2  0 2026-10-01 08:56:28
 8  0      0 1831692  70896 1233068    0    0     0   764 31321 19642 64  8 26  2  0 2026-10-01 08:56:29
 1  0      0 1813160  71000 1240260    0    0     0  1004 32635 17218 67 12 19  2  0 2026-10-01 08:56:30
 4  0      0 1777484  71088 1246952    0    0     0   728 32164 16428 63 12 24  1  0 2026-10-01 08:56:31
 3  0      0 1684688  71184 1254068    0    0     0   684 34291 12650 72 15 11  1  0 2026-10-01 08:56:32
 6  0      0 1598040  71224 1260680    0    0     0   396 35424 16077 66 15 18  1  0 2026-10-01 08:56:33
 3  0      0 1515312  71224 1266624    0    0     0     0 34397 12343 72 16 13  0  0 2026-10-01 08:56:34
procs -----------memory---------- ---swap-- -----io---- -system-- ------cpu----- -----timestamp-----
 r  b   swpd   free   buff  cache   si   so    bi    bo   in   cs us sy id wa st                 UTC
 9  0      0 1493020  71252 1273668    0    0     0   256 33349 2866 86 12  2  1  0 2026-10-01 08:56:35
 2  1      0 1484324  71272 1280144    0    0     0   404 38805 18705 68 13 18  1  0 2026-10-01 08:56:36
 3  0      0 1469372  71296 1287672    0    0     0   116 37167 7014 84 12  5  0  0 2026-10-01 08:56:37
 3  0      0 1446076  71316 1294716    0    0     0   448 38989 11383 69 18 11  2  0 2026-10-01 08:56:38
 7  0      0 1363220  71316 1301680    0    0     0     0 39518 9378 71 19 10  0  0 2026-10-01 08:56:39
 3  0      0 1261284  71316 1308488    0    0     0     0 40892 5947 81 18  2  0  0 2026-10-01 08:56:40
 3  0      0 1169580  71316 1314556    0    0     0  1216 39411 10168 72 17 12  0  0 2026-10-01 08:56:41
 3  0      0 1086128  71316 1319940    0    0     0     0 37691 8674 76 16  9  0  0 2026-10-01 08:56:42
 3  0      0 1069196  71320 1325628    0    0     0   140 38791  739 86 14  1  0  0 2026-10-01 08:56:43
 4  0      0 1060080  71320 1332228    0    0     0     8 40646 2385 85 13  3  0  0 2026-10-01 08:56:44
 3  0      0 1053036  71324 1337528    0    0     0   132 43192 11489 68 16 15  0  0 2026-10-01 08:56:45
 3  0      0 1044792  71324 1343756    0    0     0  2904 42636 6715 74 18  8  0  0 2026-10-01 08:56:46
 4  0      0 1037020  71348 1350024    0    0     0   308 43149 5173 79 16  4  0  0 2026-10-01 08:56:47
 4  0      0 1022528  71348 1355820    0    0     0     0 45322 4463 77 16  7  0  0 2026-10-01 08:56:48
 4  0      0 947764  71348 1361700    0    0     0   192 44232 4723 78 17  4  0  0 2026-10-01 08:56:49
 3  0      0 860600  71360 1367036    0    0     0   416 48838 6767 69 21  9  1  0 2026-10-01 08:56:50
 3  0      0 761952  71360 1372284    0    0     0 55780 47095 1263 79 21  0  0  0 2026-10-01 08:56:51
11  0      0 668852  71360 1377620    0    0     0     0 52900 6412 66 27  7  0  0 2026-10-01 08:56:52
 4  0      0 611480  71360 1380348    0    0     0     0 40521 2510 83 16  0  0  0 2026-10-01 08:56:53
 3  0      0 602268  71360 1385192    0    0     0     0 45262 4367 81 14  5  0  0 2026-10-01 08:56:54
 3  0      0 593512  71360 1390368    0    0     0   144 52289 3092 76 21  4  0  0 2026-10-01 08:56:55
procs -----------memory---------- ---swap-- -----io---- -system-- ------cpu----- -----timestamp-----
 r  b   swpd   free   buff  cache   si   so    bi    bo   in   cs us sy id wa st                 UTC
 4  0      0 589480  71384 1394164    0    0     0 87288 54992 13102 62 20 17  1  0 2026-10-01 08:56:56
 3  0      0 582928  71384 1399352    0    0     0     0 53087 12677 68 16 16  0  0 2026-10-01 08:56:57
 3  0      0 576640  71384 1405012    0    0     0  1980 52393 9782 75 19  7  0  0 2026-10-01 08:56:58
 3  0      0 571360  71384 1409652    0    0     0     0 55713 14038 70 20 10  0  0 2026-10-01 08:56:59
 7  0      0 565604  71384 1414024    0    0     0     0 53467 10619 67 19 15  0  0 2026-10-01 08:57:00
 2  0      0 558448  71384 1418676    0    0     0     0 53346 6139 74 20  7  0  0 2026-10-01 08:57:01
 2  0      0 543076  71388 1421636    0    0     0 42268 54971 14993 67 20 13  0  0 2026-10-01 08:57:02
 3  0      0 467476  71388 1426044    0    0     0     0 54555 9153 66 21 13  0  0 2026-10-01 08:57:03
 3  0      0 400204  71388 1428776    0    0     0     0 54895 11178 60 24 16  0  0 2026-10-01 08:57:04
 2  0      0 321340  71388 1433336    0    0     0   120 55562 10385 63 23 14  0  0 2026-10-01 08:57:05
 2  0      0 238180  71388 1436656    0    0     0     0 52668 5079 76 19  5  0  0 2026-10-01 08:57:06
 5  0      0 166864  71388 1439748    0    0     0 13876 59301 16772 56 25 19  0  0 2026-10-01 08:57:07
 2  0      0 103924  71388 1442240    0    0     0    12 44325 7931 71 21  8  0  0 2026-10-01 08:57:08
 2  0      0 121708  70312 1420872    0    0     0     0 49549  860 80 20  0  0  1 2026-10-01 08:57:09
 2  0      0 112476  70316 1424688    0    0     0   120 51498 4220 72 22  6  0  0 2026-10-01 08:57:10
 2  0      0 102776  70316 1428296    0    0     0     0 54433 6088 70 21  9  0  0 2026-10-01 08:57:11
 0  0      0 111428  70300 1422152    0    0     0  3336 58623 14455 64 18 17  0  0 2026-10-01 08:57:12
 2  0      0 104344  70300 1425440    0    0     0     0 56887 13750 59 23 18  0  0 2026-10-01 08:57:13
 2  0      0 105732  70220 1423220    0    0     0   152 52714 12006 68 19 12  1  0 2026-10-01 08:57:14
 2  0      0 113980  70164 1420572    0    0     0     0 55317 7182 77 15  9  0  0 2026-10-01 08:57:15
 2  0      0 107656  70164 1423340    0    0     0     0 58388 20862 57 21 22  0  0 2026-10-01 08:57:16
procs -----------memory---------- ---swap-- -----io---- -system-- ------cpu----- -----timestamp-----
 r  b   swpd   free   buff  cache   si   so    bi    bo   in   cs us sy id wa st                 UTC
 0  0      0 102424  70164 1427136    0    0     0  1728 55904 13536 62 22 17  0  0 2026-10-01 08:57:17
 2  0      0 105368  70164 1424112    0    0     0     0 57105 16308 64 19 18  0  0 2026-10-01 08:57:18
 1  0      0 110124  70164 1419132    0    0     0   120 52768 12327 63 21 15  0  0 2026-10-01 08:57:19
 0  0      0 110152  70168 1419432    0    0     0   124 15517 15095  8  6 87  0  0 2026-10-01 08:57:20
 0  0      0 115804  70168 1416756    0    0     0     0 50169 36063 14 20 66  0  0 2026-10-01 08:57:21
 0  0      0 136000  70168 1405740    0    0     0 16172 30037 22888  8 13 78  1  0 2026-10-01 08:57:22
 0  0      0 103284  70196 1406476    0    0   772     4  560  819 13  2 84  1  0 2026-10-01 08:57:23
