procs -----------memory---------- ---swap-- -----io---- -system-- ------cpu----- -----timestamp-----
 r  b   swpd   free   buff  cache   si   so    bi    bo   in   cs us sy id wa st                 UTC
 0  0      0 31221568  17872 440188    0    0    13     2  672 1347 13  2 85  0  0 2026-10-01 08:56:14
 0  0      0 31211796  17872 440188    0    0     0     0 1804 1724  1  0 99  0  0 2026-10-01 08:56:15
 0  0      0 31209640  17872 440188    0    0     0     0 2989 2568  1  0 98  0  0 2026-10-01 08:56:16
 0  0      0 31209388  17872 440188    0    0     0     0  305  406  0  0 100  0  0 2026-10-01 08:56:17
 0  0      0 31209388  17872 440196    0    0     0  1592  512  618  0  0 100  0  0 2026-10-01 08:56:18
 0  0      0 31186736  17872 440196    0    0     0     0 20114 20464  6  1 93  0  0 2026-10-01 08:56:19
11  0      0 31133424  17880 440196    0    0     0    64 40306 42918 11  1 88  0  0 2026-10-01 08:56:20
 5  0      0 31060384  17880 440132    0    0     0     0 48922 50203 14  2 84  0  0 2026-10-01 08:56:21
 4  0      0 30965128  17880 440164    0    0     0    12 57880 55253 19  2 78  0  0 2026-10-01 08:56:22
 0  0      0 30878636  17880 440740    0    0     0     0 62331 57064 21  3 76  0  0 2026-10-01 08:56:23
 1  0      0 30757256  17880 441348    0    0     0     0 68760 59902 24  3 74  0  0 2026-10-01 08:56:24
 4  0      0 30646792  17888 441924    0    0     0    24 73276 59942 27  3 70  0  0 2026-10-01 08:56:25
 1  0      0 30536544  17888 442852    0    0     0     4 73911 60374 25  3 72  0  0 2026-10-01 08:56:26
 3  0      0 30395992  17888 443636    0    0     0     0 83982 64119 33  4 63  0  0 2026-10-01 08:56:27
 1  0      0 30328012  17888 444484    0    0     0     0 82864 63523 31  3 66  0  0 2026-10-01 08:56:28
 2  0      0 30154340  17888 445092    0    0     0     0 96355 63324 38  5 57  0  0 2026-10-01 08:56:29
 3  0      0 30017528  17888 446004    0    0     0     0 91557 64569 35  4 61  0  0 2026-10-01 08:56:30
 1  0      0 29940004  17896 446860    0    0     0    12 99089 67008 39  5 56  0  0 2026-10-01 08:56:31
16  0      0 29761092  17896 447668    0    0     0     4 105103 62477 43  5 52  0  0 2026-10-01 08:56:32
16  0      0 29589676  17896 448540    0    0     0     0 107159 64112 44  5 51  0  0 2026-10-01 08:56:33
10  0      0 29455192  17896 449156    0    0     0     0 107908 68020 43  5 53  0  0 2026-10-01 08:56:34
procs -----------memory---------- ---swap-- -----io---- -system-- ------cpu----- -----timestamp-----
 r  b   swpd   free   buff  cache   si   so    bi    bo   in   cs us sy id wa st                 UTC
16  0      0 29363944  17896 450052    0    0     0     0 107900 61381 47  6 47  0  0 2026-10-01 08:56:35
 2  0      0 29170184  17896 450772    0    0     0     0 117315 64123 47  6 48  0  0 2026-10-01 08:56:36
16  0      0 29013784  17904 451652    0    0     0    12 117097 61405 51  6 43  0  0 2026-10-01 08:56:37
16  0      0 28918364  17904 452252    0    0     0     4 114964 66300 45  6 50  0  0 2026-10-01 08:56:38
16  0      0 28867168  17904 453180    0    0     0     0 109846 56791 54  5 41  0  0 2026-10-01 08:56:39
 8  0      0 28846156  17904 453668    0    0     0     0 115506 71917 44  5 52  0  0 2026-10-01 08:56:40
 2  0      0 28708928  17904 454292    0    0     0     0 121496 62923 49  6 45  0  0 2026-10-01 08:56:41
 9  0      0 28501164  17904 455156    0    0     0     0 126185 57519 47  6 47  0  0 2026-10-01 08:56:42
 4  0      0 28371132  17912 455628    0    0     0    12 124607 53169 56  6 38  0  0 2026-10-01 08:56:43
14  0      0 28131060  17912 456228    0    0     0    56 132944 52723 55  7 38  0  0 2026-10-01 08:56:44
16  0      0 28122996  17912 456804    0    0     0    12 117905 64903 43  5 52  0  0 2026-10-01 08:56:45
 0  0      0 28074084  17912 457380    0    0     0     0 119777 54949 52  6 42  0  0 2026-10-01 08:56:46
 8  0      0 27855640  17912 458012    0    0     0     0 136521 49775 57  8 36  0  0 2026-10-01 08:56:47
16  0      0 27686940  17920 458468    0    0     0    24 132825 50021 58  7 36  0  0 2026-10-01 08:56:48
 7  0      0 27678288  17920 459188    0    0     0     0 126259 68341 41  6 53  0  0 2026-10-01 08:56:49
 7  0      0 27589444  17920 459656    0    0     0     8 129337 52074 58  7 36  0  0 2026-10-01 08:56:50
 0  0      0 27585188  17920 459952    0    0     0     0 120883 60491 49  6 45  0  0 2026-10-01 08:56:51
16  0      0 27581524  17920 460600    0    0     0     0 126912 67026 44  6 50  0  0 2026-10-01 08:56:52
16  0      0 27579452  17920 460904    0    0     0     0 122058 61382 50  6 44  0  0 2026-10-01 08:56:53
16  0      0 27505620  17928 461312    0    0     0    20 127084 56456 55  6 39  0  0 2026-10-01 08:56:54
16  0      0 27494704  17928 461904    0    0     0     0 123208 59086 51  6 43  0  0 2026-10-01 08:56:55
procs -----------memory---------- ---swap-- -----io---- -system-- ------cpu----- -----timestamp-----
 r  b   swpd   free   buff  cache   si   so    bi    bo   in   cs us sy id wa st                 UTC
 7  0      0 27431260  17928 462248    0    0     0     4 130111 63353 44  6 50  0  0 2026-10-01 08:56:56
 0  0      0 27300504  17928 462288    0    0     0     0 134152 53012 56  7 36  0  0 2026-10-01 08:56:57
16  0      0 27252652  17928 463008    0    0     0     0 125874 60783 47  6 47  0  0 2026-10-01 08:56:58
 1  0      0 27207412  17936 463168    0    0     0    12 138045 68476 47  7 46  0  0 2026-10-01 08:56:59
 1  0      0 27128296  17936 463656    0    0     0     0 124994 46575 61  6 33  0  0 2026-10-01 08:57:00
16  0      0 27113540  17936 464200    0    0     0     0 130031 71817 41  6 53  0  0 2026-10-01 08:57:01
 8  0      0 27043568  17936 464488    0    0     0     4 126855 52416 52  6 42  0  0 2026-10-01 08:57:02
 7  0      0 26947360  17936 464784    0    0     0     0 128807 59052 50  6 43  0  0 2026-10-01 08:57:03
 0  0      0 26938712  17936 464912    0    0     0     0 130947 70498 44  6 50  0  0 2026-10-01 08:57:04
 2  0      0 26799256  17944 465416    0    0     0    32 134293 55236 54  7 39  0  0 2026-10-01 08:57:05
16  0      0 26779688  17944 465808    0    0     0   184 125305 64790 43  6 51  0  0 2026-10-01 08:57:06
16  0      0 26662260  17944 465880    0    0     0     0 145677 71009 47  7 46  0  0 2026-10-01 08:57:07
15  0      0 26516100  17944 466472    0    0     0     4 129699 47915 60  7 33  0  0 2026-10-01 08:57:08
 1  0      0 26513580  17944 466752    0    0     0     0 144415 91691 29  6 65  0  0 2026-10-01 08:57:09
16  0      0 26355888  17944 466848    0    0     0     0 132181 45011 65  6 29  0  0 2026-10-01 08:57:10
 8  0      0 26351332  17952 467592    0    0     0    12 134917 70275 41  6 53  0  0 2026-10-01 08:57:11
 5  0      0 26242304  17952 467912    0    0     0     0 132953 52114 57  7 36  0  0 2026-10-01 08:57:12
15  0      0 26233796  17952 467960    0    0     0     0 130975 70617 46  6 49  0  0 2026-10-01 08:57:13
 5  0      0 26180044  17952 468632    0    0     0     4 131715 54837 54  6 40  0  0 2026-10-01 08:57:14
16  0      0 26103744  17952 468696    0    0     0     0 134219 57258 57  7 36  0  0 2026-10-01 08:57:15
 0  0      0 26098704  17952 468704    0    0     0     0 141946 83298 39  7 54  0  0 2026-10-01 08:57:16
procs -----------memory---------- ---swap-- -----io---- -system-- ------cpu----- -----timestamp-----
 r  b   swpd   free   buff  cache   si   so    bi    bo   in   cs us sy id wa st                 UTC
 3  0      0 25951240  17960 469304    0    0     0    12 132024 41226 66  7 27  0  0 2026-10-01 08:57:17
15  0      0 25944212  17960 469664    0    0     0    28 142218 85653 36  7 57  0  0 2026-10-01 08:57:18
 0  0      0 25896300  17960 469824    0    0     0     0 123365 62016 56 10 34  0  0 2026-10-01 08:57:19
 1  0      0 31004916  17960 469824    0    0     0     4 4536 3383  0  1 99  0  0 2026-10-01 08:57:20
 0  0      0 31219752  17960 440468    0    0     0     0 89001  775  0  5 95  0  0 2026-10-01 08:57:21
 0  0      0 31219752  17960 440468    0    0     0     0 7412  106  0  0 100  0  0 2026-10-01 08:57:22
 0  0      0 31219752  17968 440468    0    0     0    28  107  170  0  0 100  0  0 2026-10-01 08:57:23
 0  0      0 31219500  17968 440472    0    0     0     0   81  120  0  0 100  0  0 2026-10-01 08:57:24
