procs -----------memory---------- ---swap-- -----io---- -system-- ------cpu----- -----timestamp-----
 r  b   swpd   free   buff  cache   si   so    bi    bo   in   cs us sy id wa st                 UTC
 1  0      0 2191868  63672 1359948    0    0    90   402 2141  816  8  2 90  0  0 2026-10-01 08:56:14
 2  1      0 2477352  63992 1025380    0    0     0 16704 3073 5330 27  8 57  9  0 2026-10-01 08:56:15
 0  0      0 2428016  64456 1027916    0    0     0 13788 5364 9048 24  4 58 14  0 2026-10-01 08:56:16
 0  0      0 2428016  64456 1027916    0    0     0     0   33   42  0  0 100  0  0 2026-10-01 08:56:17
 0  0      0 2428016  64456 1027916    0    0     0     0   31   41  0  0 100  0  0 2026-10-01 08:56:18
 3  0      0 2412088  64608 1030064    0    0     0  1116 8595 8342 20  4 75  3  0 2026-10-01 08:56:19
 0  1      0 2364764  64952 1034656    0    0     0  2588 22643 24572 34 10 48  9  0 2026-10-01 08:56:20
 3  0      0 2321264  65068 1037892    0    0     0  1012 22437 24571 29  7 61  4  0 2026-10-01 08:56:21
 3  0      0 2251956  65168 1043384    0    0     0  1732 26932 25419 48  9 39  5  0 2026-10-01 08:56:22
 2  0      0 2231948  65252 1048424    0    0     0  1072 24769 21407 48  9 40  3  0 2026-10-01 08:56:23
 1  0      0 2213172  65340 1053564    0    0     0  1164 27780 23880 47 11 39  4  0 2026-10-01 08:56:24
 2  0      0 2143524  65432 1059760    0    0     0  1240 29757 22878 55 13 30  2  0 2026-10-01 08:56:25
 0  0      0 2071616  65484 1065116    0    0     0   792 29160 20330 49 13 36  2  0 2026-10-01 08:56:26
 3  0      0 2011556  65516 1071196    0    0     0   512 28832 13944 68 11 20  1  0 2026-10-01 08:56:27
 1  0      0 2002776  65572 1077384    0    0     0  1092 32962 23122 58 13 26  3  0 2026-10-01 08:56:28
 3  0      0 1976696  65596 1084364    0    0     0   352 32186 14263 68 12 18  1  0 2026-10-01 08:56:29
 4  0      0 1926660  65664 1090356    0    0     0   712 35398 24300 60 15 24  2  0 2026-10-01 08:56:30
 4  0      0 1834088  65664 1097052    0    0     0     0 33324 11887 72 14 15  0  0 2026-10-01 08:56:31
 3  0      0 1746024  65704 1103888    0    0     0   848 36120 18029 71 14 14  1  0 2026-10-01 08:56:32
 4  0      0 1680684  65704 1109344    0    0     0     0 31030 6492 82 10  8  0  0 2026-10-01 08:56:33
 3  0      0 1670408  65756 1116784    0    0     0   764 34293 7031 74 14 10  2  0 2026-10-01 08:56:34
procs -----------memory---------- ---swap-- -----io---- -system-- ------cpu----- -----timestamp-----
 r  b   swpd   free   buff  cache   si   so    bi    bo   in   cs us sy id wa st                 UTC
 4  0      0 1661712  65756 1122864    0    0     0  1412 36522 15980 67 13 18  1  1 2026-10-01 08:56:35
 5  0      0 1641928  65764 1130452    0    0     0   188 34861 2320 83 14  3  1  0 2026-10-01 08:56:36
 5  0      0 1613140  65788 1136664    0    0     0   620 37068 13197 70 12 16  1  0 2026-10-01 08:56:37
 8  0      0 1518320  65788 1143592    0    0     0    12 38789 7793 81 16  4  0  0 2026-10-01 08:56:38
 4  0      0 1418004  65800 1150136    0    0     0   236 38174 7266 71 21  8  1  0 2026-10-01 08:56:39
 3  0      0 1320576  65816 1156592    0    0     0   224 38682 6214 81 16  3  1  0 2026-10-01 08:56:40
 4  0      0 1298524  65824 1161272    0    0     0 74424 34956 1289 83 17  1  0  0 2026-10-01 08:56:41
 5  0      0 1288572  65824 1168032    0    0     0  2088 39204 4409 83 14  3  0  0 2026-10-01 08:56:42
 3  0      0 1278912  65832 1173972    0    0     0   240 43156 10417 72 17 12  0  0 2026-10-01 08:56:43
 4  0      0 1270872  65848 1180388    0    0     0   216 40872 4461 80 16  3  0  0 2026-10-01 08:56:44
 4  0      0 1257784  65848 1186328    0    0     0     0 41093 5919 76 18  7  0  0 2026-10-01 08:56:45
 3  0      0 1241248  65848 1191952    0    0     0 66016 44252 10637 72 18 11  0  0 2026-10-01 08:56:46
 2  0      0 1152848  65848 1198372    0    0     0     0 44202 3335 77 19  4  0  0 2026-10-01 08:56:47
 3  0      0 1063276  65848 1203724    0    0     0     0 46027 8386 75 17  7  0  0 2026-10-01 08:56:48
 2  0      0 971112  65848 1209112    0    0     0   136 47126 3098 74 23  4  0  0 2026-10-01 08:56:49
 2  0      0 884184  65848 1214376    0    0     0    16 46378 6285 72 20  7  0  0 2026-10-01 08:56:50
 2  0      0 837800  65848 1216548    0    0     0     0 39485  731 83 17  1  0  0 2026-10-01 08:56:51
 2  0      0 828628  65848 1222012    0    0     0     0 44097 3371 81 17  2  0  0 2026-10-01 08:56:52
 2  0      0 820536  65852 1227404    0    0     0   140 53182  884 83 17  0  1  0 2026-10-01 08:56:53
 3  0      0 814332  65852 1232028    0    0     0     0 51470 16226 64 16 20  0  0 2026-10-01 08:56:54
 2  0      0 807920  65852 1236884    0    0     0     8 51212 6910 77 17  6  0  0 2026-10-01 08:56:55
procs -----------memory---------- ---swap-- -----io---- -system-- ------cpu----- -----timestamp-----
 r  b   swpd   free   buff  cache   si   so    bi    bo   in   cs us sy id wa st                 UTC
 2  0      0 801380  65852 1241976    0    0     0     0 48340 5882 74 20  6  0  0 2026-10-01 08:56:56
 2  0      0 796660  65852 1245824    0    0     0     0 52222 15781 60 21 19  0  0 2026-10-01 08:56:57
 2  0      0 789588  65852 1250500    0    0     0   108 51646 8300 71 19 10  0  1 2026-10-01 08:56:58
 2  0      0 784056  65852 1255204    0    0     0     0 53763 8117 71 21  8  0  0 2026-10-01 08:56:59
 2  0      0 721056  65856 1260628    0    0     0  3324 49620 12632 66 21 13  1  0 2026-10-01 08:57:00
 3  0      0 650032  65856 1263732    0    0     0     8 55278 11507 66 19 15  0  0 2026-10-01 08:57:01
 2  0      0 571180  65856 1267756    0    0     0   140 51449 9926 69 23  8  0  0 2026-10-01 08:57:02
 0  0      0 498336  65856 1271304    0    0     0     0 55320 10220 59 25 16  0  0 2026-10-01 08:57:03
 2  0      0 416128  65856 1274856    0    0     0     4 52382 10052 68 22 10  0  0 2026-10-01 08:57:04
 2  0      0 344560  65864 1277964    0    0     0   236 57822 15328 55 26 19  0  0 2026-10-01 08:57:05
 2  0      0 306820  65864 1279296    0    0     0     0 36537 1884 83 15  2  0  0 2026-10-01 08:57:06
 2  0      0 299768  65864 1283200    0    0     0    12 59521 1035 78 22  1  0  0 2026-10-01 08:57:07
 2  0      0 292068  65864 1288416    0    0     0     0 49553 6854 75 19  6  0  0 2026-10-01 08:57:08
 2  0      0 289044  65864 1291120    0    0     0     0 64031 16495 63 21 15  0  0 2026-10-01 08:57:09
 2  0      0 285264  65868 1294644    0    0     0   112 57274 14776 60 22 18  0  0 2026-10-01 08:57:10
 2  0      0 280248  65868 1298704    0    0     0 31076 50792 4232 78 19  4  0  0 2026-10-01 08:57:11
 2  0      0 275964  65868 1302292    0    0     0   188 56253 15703 66 20 14  0  0 2026-10-01 08:57:12
 2  0      0 271176  65868 1305924    0    0     0     8 56197 13953 65 18 17  0  0 2026-10-01 08:57:13
 2  0      0 267168  65868 1309020    0    0     0     0 54443 14231 66 17 17  0  0 2026-10-01 08:57:14
 4  0      0 263388  65872 1312704    0    0     0   136 54268 16304 63 21 16  0  0 2026-10-01 08:57:15
 3  1      0 259860  65872 1315920    0    0     0  6724 58902 13639 59 24 16  1  0 2026-10-01 08:57:16
procs -----------memory---------- ---swap-- -----io---- -system-- ------cpu----- -----timestamp-----
 r  b   swpd   free   buff  cache   si   so    bi    bo   in   cs us sy id wa st                 UTC
 2  0      0 253056  65872 1319720    0    0     0 65244 50462 7176 73 19  6  1  0 2026-10-01 08:57:17
 3  0      0 249276  65884 1323008    0    0     0   304 58674 18179 61 19 20  0  0 2026-10-01 08:57:18
 0  0      0 208956  65884 1324916    0    0     0   128 51608 23416 51 19 30  1  0 2026-10-01 08:57:19
 0  0      0 208956  65884 1325084    0    0     0   196 1764 1541  0  0 100  0  0 2026-10-01 08:57:20
 0  0      0 208956  65884 1319844    0    0     0     0 65364 47566 14 28 57  0  0 2026-10-01 08:57:21
 0  0      0 281048  65884 1311672    0    0     0 27972 13190 10055  3  5 90  3  0 2026-10-01 08:57:22
 0  0      0 281048  65884 1311672    0    0     0     0   26   36  0  0 100  0  0 2026-10-01 08:57:23
 0  0      0 248100  65884 1311672    0    0     0  1724  781 1242 12  4 83  1  0 2026-10-01 08:57:24
