procs -----------memory---------- ---swap-- -----io---- -system-- ------cpu----- -----timestamp-----
 r  b   swpd   free   buff  cache   si   so    bi    bo   in   cs us sy id wa st                 UTC
 1  0      0 2889428  36872 696984    0    0  1102  1583 5788 1127 22  7 70  2  0 2026-10-01 09:57:20
 0  0      0 2889380  36872 696944    0    0     0     0   99  141  0  0 100  0  0 2026-10-01 09:57:21
 3  1      0 2927528  37236 632856    0    0     0 12660 1594 3000 13  4 78  6  0 2026-10-01 09:57:22
 0  0      0 2867456  38492 635944    0    0     0 18348 5546 9986 37  3 40 20  0 2026-10-01 09:57:23
 0  0      0 2867456  38492 636076    0    0     0     0   35   38  0  0 100  0  0 2026-10-01 09:57:24
 0  0      0 2867456  38492 636076    0    0     0    12   31   34  0  0 100  0  0 2026-10-01 09:57:25
 1  0      0 2838096  38792 638780    0    0     0  1512 5124 5098 15  3 79  3  0 2026-10-01 09:57:26
 0  0      0 2795660  39456 645104    0    0     0  3256 11057 10878 33  4 50 13  0 2026-10-01 09:57:27
11  0      0 2733224  40348 654688    0    0     0  4348 17445 15662 54  8 27 12  0 2026-10-01 09:57:28
 5  0      0 2668876  40916 663588    0    0     0  2728 19070 16465 59 10 25  8  0 2026-10-01 09:57:29
 0  1      0 2641716  41428 674976    0    0     0  2744 21404 14547 68 10 15  6  0 2026-10-01 09:57:30
 2  0      0 2539844  41936 685452    0    0     0  2488 24937 18547 70 15 12  4  0 2026-10-01 09:57:31
 3  0      0 2505588  42380 697512    0    0     0  2552 22574 8613 82 10  3  5  0 2026-10-01 09:57:32
 6  0      0 2450776  42768 710724    0    0     0  2200 27240 11248 80 15  0  5  0 2026-10-01 09:57:33
 4  0      0 2331112  43216 723408    0    0     0  2616 26662 7224 78 16  0  5  0 2026-10-01 09:57:34
 3  0      0 2267144  43404 734528    0    0     0  1228 27872 5420 84 14  0  2  0 2026-10-01 09:57:35
 3  0      0 2249892  43572 746936    0    0     0  1188 29825 4408 83 13  0  3  0 2026-10-01 09:57:36
 3  0      0 2226660  43836 759640    0    0     0  2024 31216 4828 82 13  1  5  0 2026-10-01 09:57:37
 6  1      0 2113864  43940 770752    0    0     0   776 31990 1430 77 20  0  3  0 2026-10-01 09:57:38
 3  0      0 1991772  44184 781396    0    0     0  1792 33177 6006 79 17  0  3  0 2026-10-01 09:57:39
 3  0      0 1973160  44348 791852    0    0     0  1216 33403 1707 82 15  0  3  0 2026-10-01 09:57:40
procs -----------memory---------- ---swap-- -----io---- -system-- ------cpu----- -----timestamp-----
 r  b   swpd   free   buff  cache   si   so    bi    bo   in   cs us sy id wa st                 UTC
 1  2      0 1957536  44524 803700    0    0     0  1460 37836 9084 81 17  0  3  0 2026-10-01 09:57:41
 3  0      0 1940552  44700 815224    0    0     0  1276 35821 1365 79 18  0  3  0 2026-10-01 09:57:42
 3  0      0 1924348  44860 826128    0    0     0  1432 37883 5722 80 18  0  2  0 2026-10-01 09:57:43
 3  0      0 1809196  45048 837048    0    0     0  1424 38427 3239 79 18  0  2  0 2026-10-01 09:57:44
 3  0      0 1695220  45092 846708    0    0     0  2408 35920 1075 80 18  0  1  0 2026-10-01 09:57:45
 3  0      0 1668336  45308 856740    0    0     0  1336 38747 3436 82 17  0  2  0 2026-10-01 09:57:46
 3  0      0 1653844  45448 868040    0    0     0  2140 39120 1080 81 17  0  3  0 2026-10-01 09:57:47
 3  0      0 1637488  45588 879512    0    0     0 62764 42749 3396 80 18  0  3  0 2026-10-01 09:57:48
11  0      0 1623416  45700 888848    0    0     0  1176 41068 5156 80 18  0  2  0 2026-10-01 09:57:49
 6  0      0 1607468  45748 899996    0    0     0   696 43797  871 82 17  0  1  0 2026-10-01 09:57:50
 6  0      0 1519196  45860 910232    0    0     0  1220 41807 1975 80 18  0  3  0 2026-10-01 09:57:51
 3  0      0 1402936  45884 920364    0    0     0   508 44433 2371 78 22  0  1  0 2026-10-01 09:57:52
 4  1      0 1326608  45928 926232    0    0     0 198076 40000 3656 75 19  0  5  0 2026-10-01 09:57:53
 3  0      0 1314536  46032 936036    0    0     0  3652 43286 2926 78 20  0  3  0 2026-10-01 09:57:54
 3  0      0 1299092  46060 944732    0    0     0   764 41424 5398 80 19  0  1  0 2026-10-01 09:57:55
 3  0      0 1283232  46208 955552    0    0     0  1700 47195 1753 79 17  1  4  0 2026-10-01 09:57:56
 3  0      0 1269388  46296 965320    0    0     0   924 43798 2835 80 18  0  1  0 2026-10-01 09:57:57
 3  0      0 1256560  46352 975548    0    0     0   548 49504 3914 80 20  0  1  0 2026-10-01 09:57:58
 3  0      0 1244224  46420 985968    0    0     0   760 47975 5967 78 20  0  2  0 2026-10-01 09:57:59
 3  0      0 1157616  46452 993656    0    0     0   480 44621  703 78 21  0  1  0 2026-10-01 09:58:00
 4  0      0 1056824  46580 1002812    0    0     0  1880 50029 6297 71 25  1  4  0 2026-10-01 09:58:01
procs -----------memory---------- ---swap-- -----io---- -system-- ------cpu----- -----timestamp-----
 r  b   swpd   free   buff  cache   si   so    bi    bo   in   cs us sy id wa st                 UTC
 2  0      0 953936  46628 1010660    0    0     0   700 40097  826 80 18  0  1  0 2026-10-01 09:58:02
 5  0      0 895700  46656 1017200    0    0     0   376 46482 1052 77 21  0  1  0 2026-10-01 09:58:03
 6  0      0 879572  46764 1028288    0    0     0  2000 46715 1666 76 22  0  3  0 2026-10-01 09:58:04
 2  0      0 868748  46784 1036672    0    0     0   256 49031 1142 80 20  0  1  0 2026-10-01 09:58:05
 2  0      0 857432  46820 1045340    0    0     0   632 53634  829 78 21  0  1  0 2026-10-01 09:58:06
 1  1      0 841232  46820 1055872    0    0     0   272 48433  700 79 21  0  0  1 2026-10-01 09:58:07
 2  0      0 827104  46852 1063676    0    0     0   532 53750 1518 79 21  0  1  0 2026-10-01 09:58:08
 2  0      0 816280  46852 1072240    0    0     0     0 46402  709 82 18  0  0  0 2026-10-01 09:58:09
 2  0      0 805468  46852 1081472    0    0     0     0 57176  787 79 21  0  0  0 2026-10-01 09:58:10
 2  0      0 734668  46852 1089328    0    0     0 45964 50571 1392 78 22  0  0  0 2026-10-01 09:58:11
 2  0      0 634132  46872 1097716    0    0     0   592 49190  800 76 23  0  0  0 2026-10-01 09:58:12
 2  0      0 550688  46892 1106784    0    0     0   364 60896  883 71 29  0  0  0 2026-10-01 09:58:13
 2  0      0 447840  46892 1111668    0    0     0 141028 42008 2465 81 19  0  0  0 2026-10-01 09:58:14
 2  0      0 423988  46892 1117556    0    0     0     0 55086  750 77 23  0  0  0 2026-10-01 09:58:15
 2  0      0 409284  46912 1127580    0    0     0   396 49102  716 81 18  0  1  0 2026-10-01 09:58:16
 2  0      0 395120  46912 1136472    0    0     0     0 59759  744 77 23  0  0  0 2026-10-01 09:58:17
 2  0      0 387332  46912 1141752    0    0     0     0 46732 2224 80 18  2  0  0 2026-10-01 09:58:18
 2  0      0 376076  46912 1149848    0    0     0     0 61882  710 74 27  0  0  0 2026-10-01 09:58:19
 2  0      0 365000  46912 1160180    0    0     0     8 48418  721 79 21  1  0  0 2026-10-01 09:58:20
 2  0      0 356960  46916 1166504    0    0     0   236 57632 7585 70 23  7  0  0 2026-10-01 09:58:21
 2  0      0 344480  46916 1173304    0    0     0     0 48895  771 81 19  0  0  0 2026-10-01 09:58:22
procs -----------memory---------- ---swap-- -----io---- -system-- ------cpu----- -----timestamp-----
 r  b   swpd   free   buff  cache   si   so    bi    bo   in   cs us sy id wa st                 UTC
 2  0      0 336668  46916 1180240    0    0     0     0 58219  764 77 23  0  0  0 2026-10-01 09:58:23
 4  0      0 327348  46916 1188728    0    0     0     0 64726 13171 58 29 13  0  0 2026-10-01 09:58:24
 2  0      0 278220  46924 1196956    0    0     0  2352 61440 5568 73 25  3  0  0 2026-10-01 09:58:25
 2  0      0 184304  46924 1204124    0    0     0    12 41812  748 83 18  0  0  0 2026-10-01 09:58:26
 0  0      0 149048  46924 1205944    0    0   456     0 42046 2796 30 21 50  0  0 2026-10-01 09:58:27
 1  0      0 234788  46924 1195164    0    0     0     0 54391 29794  8 19 73  0  1 2026-10-01 09:58:28
 0  0      0 234536  46940 1185088    0    0     0  1712 11497 6828  2  4 93  0  0 2026-10-01 09:58:29
 0  0      0 234536  46940 1185088    0    0     0     0   37   45  0  0 100  0  0 2026-10-01 09:58:30
 1  0      0 254948  46948 1185180    0    0   104    24  203  534  4  3 93  1  0 2026-10-01 09:58:31
