procs -----------memory---------- ---swap-- -----io---- -system-- ------cpu----- -----timestamp-----
 r  b   swpd   free   buff  cache   si   so    bi    bo   in   cs us sy id wa st                 UTC
 1  0      0 1572932  30244 736740    0    0  1342   320 11871 4019  8 18 72  2  0 2026-10-01 09:57:20
 0  0      0 1572932  30244 736792    0    0    20     0  263  486  0  1 100  0  0 2026-10-01 09:57:21
 0  4      0 1566620  30292 736844    0    0     0  7528 1121 1983  4  5 91  1  0 2026-10-01 09:57:22
 0  0      0 1509732  32488 740480    0    0     0 24956 7309 12712 51  5 20 24  0 2026-10-01 09:57:23
 0  0      0 1509732  32512 740480    0    0     0   188  651  946  0  0 99  1  0 2026-10-01 09:57:24
 0  0      0 1509732  32520 740488    0    0     0    48  351  546  1  0 100  0  0 2026-10-01 09:57:25
 2  0      0 1508052  32728 740596    0    0     0  5672 4849 4979  3  2 88  7  0 2026-10-01 09:57:26
 3  0      0 1489660  32792 742100    0    0     0  2328 38093 35608 20 20 58  2  0 2026-10-01 09:57:27
 1  0      0 1470720  32840 743652    0    0     0   404 40849 38119 25 19 55  1  0 2026-10-01 09:57:28
 1  0      0 1448836  32896 746120    0    0     0   492 52993 39111 26 26 47  1  0 2026-10-01 09:57:29
 3  0      0 1425956  32952 748536    0    0     0  2540 56339 40716 30 25 45  1  0 2026-10-01 09:57:30
 0  0      0 1402152  32992 751180    0    0     0   544 62834 40489 26 32 42  1  0 2026-10-01 09:57:31
 4  0      0 1383700  33048 753840    0    0     0   556 65041 39909 28 33 38  1  1 2026-10-01 09:57:32
 4  0      0 1369512  33096 756892    0    0     0   584 75047 39479 27 39 33  0  0 2026-10-01 09:57:33
 2  0      0 1355916  33152 759404    0    0     0   588 73855 38161 27 36 36  1  0 2026-10-01 09:57:34
 7  0      0 1341872  33256 761672    0    0     0  1196 79281 37017 25 43 32  1  0 2026-10-01 09:57:35
 6  0      0 1326148  33344 764168    0    0     0  1164 81155 35497 28 43 28  1  0 2026-10-01 09:57:36
 7  0      0 1313672  33440 766312    0    0     0  1192 84233 35660 25 46 28  1  0 2026-10-01 09:57:37
 4  0      0 1302612  33520 768344    0    0     0  1104 85652 35263 25 47 27  1  0 2026-10-01 09:57:38
 6  0      0 1292476  33600 770276    0    0     0  1044 87495 32003 25 53 22  0  0 2026-10-01 09:57:39
 5  0      0 1275300  33696 772124    0    0     0  1032 89151 33949 28 48 24  1  0 2026-10-01 09:57:40
procs -----------memory---------- ---swap-- -----io---- -system-- ------cpu----- -----timestamp-----
 r  b   swpd   free   buff  cache   si   so    bi    bo   in   cs us sy id wa st                 UTC
 4  0      0 1258576  33784 773836    0    0     0   968 91923 33659 22 52 25  1  0 2026-10-01 09:57:41
 7  0      0 1242088  33856 775564    0    0     0  1188 91063 30621 27 53 20  0  0 2026-10-01 09:57:42
 7  0      0 1229296  33920 777068    0    0     0   924 91986 32365 23 53 23  1  0 2026-10-01 09:57:43
 3  0      0 1216028  34008 778584    0    0     0   884 93910 31576 25 53 22  1  0 2026-10-01 09:57:44
 5  0      0 1194344  34072 780380    0    0     0   808 93396 30186 27 52 21  1  0 2026-10-01 09:57:45
 5  0      0 1183064  34152 782064    0    0     0   888 93110 28875 22 59 19  1  0 2026-10-01 09:57:46
 6  0      0 1173208  34216 783816    0    0     0   800 95649 30347 25 56 19  0  0 2026-10-01 09:57:47
 6  0      0 1159548  34280 785408    0    0     0   808 96536 26530 26 59 14  1  1 2026-10-01 09:57:48
 5  0      0 1156880  34336 786384    0    0     0   832 93279 30380 26 54 20  0  0 2026-10-01 09:57:49
 3  0      0 1146928  34400 788340    0    0     0   820 92852 29135 27 55 18  0  0 2026-10-01 09:57:50
 4  0      0 1166148  34464 789864    0    0     0   852 93724 23350 27 62 11  0  0 2026-10-01 09:57:51
 5  0      0 1156716  34520 791776    0    0     0   792 97067 28440 23 58 19  1  0 2026-10-01 09:57:52
 4  0      0 1150720  34600 792332    0    0     0  3400 97897 29907 26 57 18  0  0 2026-10-01 09:57:53
 6  0      0 1139860  34688 793868    0    0     0  1112 92221 23143 28 58 13  1  0 2026-10-01 09:57:54
 6  0      0 1130268  34768 796060    0    0     0  1072 94232 22418 29 60 11  0  0 2026-10-01 09:57:55
 3  0      0 1127620  34840 797068    0    0     0   972 95813 27488 24 60 16  0  0 2026-10-01 09:57:56
 2  0      0 1122052  34904 798544    0    0     0   880 94474 25320 23 61 16  1  0 2026-10-01 09:57:57
 2  0      0 1115336  34984 800068    0    0     0  1532 93967 22159 27 63 11  0  0 2026-10-01 09:57:58
 2  0      0 1107320  35048 801432    0    0     0   844 96987 24105 23 64 13  0  0 2026-10-01 09:57:59
 4  0      0 1100152  35104 803288    0    0     0   772 95917 25406 22 63 16  0  0 2026-10-01 09:58:00
 0  0      0 1087224  35160 804448    0    0     0   756 97900 22049 28 61 11  0  0 2026-10-01 09:58:01
procs -----------memory---------- ---swap-- -----io---- -system-- ------cpu----- -----timestamp-----
 r  b   swpd   free   buff  cache   si   so    bi    bo   in   cs us sy id wa st                 UTC
 4  0      0 1083768  35232 806296    0    0     0   720 94273 20159 23 69  9  0  0 2026-10-01 09:58:02
 3  0      0 1081720  35288 806880    0    0     0   624 95943 30171 21 58 21  0  1 2026-10-01 09:58:03
 2  0      0 1057692  35344 807480    0    0     0   596 95448 17137 28 67  6  0  0 2026-10-01 09:58:04
 3  0      0 1050972  35400 809504    0    0     0   648 94235 24449 20 58 22  1  0 2026-10-01 09:58:05
 2  0      0 1044720  35456 810632    0    0     0   588 92873 25945 14 64 22  0  0 2026-10-01 09:58:06
 4  0      0 1027996  35512 811924    0    0     0   604 96787 21905 23 66 11  0  0 2026-10-01 09:58:07
 2  0      0 1015528  35568 813128    0    0     0   568 93773 19926 20 66 15  0  0 2026-10-01 09:58:08
 0  0      0 1005496  35616 814560    0    0     0   500 96271 27142 15 62 22  0  0 2026-10-01 09:58:09
 2  0      0 994744  35656 816244    0    0     0   480 91710 17169 19 69 12  0  0 2026-10-01 09:58:10
 2  0      0 969624  35704 817276    0    0     0   432 94808 18045 21 67 12  0  0 2026-10-01 09:58:11
 2  0      0 960400  35744 818624    0    0     0   440 93981 18824 22 66 11  0  0 2026-10-01 09:58:12
 0  0      0 955640  35784 819084    0    0     0   536 94420 19453 18 71 11  0  0 2026-10-01 09:58:13
 1  0      0 941948  35832 820728    0    0     0   424 96381 20743 20 65 15  0  0 2026-10-01 09:58:14
 3  0      0 938444  35864 821612    0    0     0   360 93321 24119 15 62 23  1  0 2026-10-01 09:58:15
 5  0      0 928480  35904 823000    0    0     0   344 95851 25252 14 66 20  0  0 2026-10-01 09:58:16
 3  0      0 908736  35944 823772    0    0     0   372 92491 18747 15 72 13  0  0 2026-10-01 09:58:17
 3  0      0 916440  35976 824876    0    0     0   384 93847 14889 19 69 11  0  1 2026-10-01 09:58:18
 1  0      0 904884  36008 825684    0    0     0   348 86443 22074 16 68 16  1  0 2026-10-01 09:58:19
 2  0      0 878652  36040 827792    0    0     0   324 90890 27519 13 62 26  0  0 2026-10-01 09:58:20
 4  0      0 874264  36064 828652    0    0     0   312 87841 14646 22 67 10  0  0 2026-10-01 09:58:21
 0  0      0 860580  36104 829544    0    0     0   348 89159 24090  9 71 20  0  0 2026-10-01 09:58:22
procs -----------memory---------- ---swap-- -----io---- -system-- ------cpu----- -----timestamp-----
 r  b   swpd   free   buff  cache   si   so    bi    bo   in   cs us sy id wa st                 UTC
 2  0      0 847864  36128 830476    0    0     0   344 86735 17821 16 72 12  0  0 2026-10-01 09:58:23
 2  0      0 802848  36176 831492    0    0     0   420 86879 10526 28 68  4  0  0 2026-10-01 09:58:24
 3  0      0 795776  36224 832476    0    0     0   440 84476 14321 18 73  9  1  0 2026-10-01 09:58:25
 5  0      0 781488  36256 833644    0    0     0   404 87921 26095 13 64 22  0  0 2026-10-01 09:58:26
 1  0      0 809344  36304 833356    0    0     0   484 50971 5662  9 40 51  1  0 2026-10-01 09:58:27
 2  0      0 888256  36344 806440    0    0     0   464 40827 2856 14 47 37  1  0 2026-10-01 09:58:28
 0  0      0 1230200  36540 746104    0    0  2284   448 29762 2121 29 29 43  0  0 2026-10-01 09:58:29
