procs -----------memory---------- ---swap-- -----io---- -system-- ------cpu----- -----timestamp-----
 r  b   swpd   free   buff  cache   si   so    bi    bo   in   cs us sy id wa st                 UTC
 0  0      0 31169736  24260 475720    0    0     4     2  269  215 14  3 83  0  0 2026-10-01 09:57:20
 0  0      0 31168256  24260 475732    0    0     0     0  379  301  0  0 100  0  0 2026-10-01 09:57:21
 0  0      0 31153156  24260 475736    0    0     0     4 1832 1734  2  1 98  0  0 2026-10-01 09:57:22
 1  0      0 31150244  24260 475740    0    0     0     0 2576 2048  2  0 98  0  0 2026-10-01 09:57:23
 0  0      0 31149488  24260 475740    0    0     0     0  388  436  1  0 99  0  0 2026-10-01 09:57:24
 0  0      0 31149488  24260 475740    0    0     0     0   69  116  0  0 100  0  0 2026-10-01 09:57:25
16  0      0 31140164  24268 475740    0    0     0    44 7078 5586  2  0 98  0  0 2026-10-01 09:57:26
 1  0      0 31081280  24268 475740    0    0     0     0 45652 50546 19  2 79  0  0 2026-10-01 09:57:27
 0  0      0 31005076  24268 475740    0    0     0     0 47094 54320 17  2 81  0  0 2026-10-01 09:57:28
 5  0      0 30869360  24268 475972    0    0     0   796 59805 53453 29  3 68  0  0 2026-10-01 09:57:29
 3  0      0 30741488  24268 476716    0    0     0     0 60823 55074 28  3 69  0  0 2026-10-01 09:57:30
13  0      0 30634760  24268 478044    0    0     0     0 66348 57184 34  3 63  0  0 2026-10-01 09:57:31
 0  0      0 30480068  24276 479228    0    0     0    20 68260 53729 35  4 62  0  0 2026-10-01 09:57:32
 2  0      0 30298936  24276 480540    0    0     0     0 78206 54009 44  4 52  0  0 2026-10-01 09:57:33
16  0      0 30144872  24276 481876    0    0     0     0 79293 50724 43  4 53  0  0 2026-10-01 09:57:34
16  0      0 29986644  24276 483116    0    0     0     0 84121 54520 43  4 53  0  0 2026-10-01 09:57:35
 3  0      0 29836452  24276 484036    0    0     0     0 88567 49159 51  4 45  0  0 2026-10-01 09:57:36
 4  0      0 29633436  24276 485412    0    0     0     0 94101 53462 46  4 50  0  0 2026-10-01 09:57:37
 3  0      0 29607200  24284 486188    0    0     0    12 91438 54424 46  4 49  0  0 2026-10-01 09:57:38
16  0      0 29454152  24284 487068    0    0     0     0 102429 52988 50  5 45  0  0 2026-10-01 09:57:39
16  0      0 29315560  24284 488140    0    0     0     0 102129 54259 47  5 48  0  0 2026-10-01 09:57:40
procs -----------memory---------- ---swap-- -----io---- -system-- ------cpu----- -----timestamp-----
 r  b   swpd   free   buff  cache   si   so    bi    bo   in   cs us sy id wa st                 UTC
16  0      0 29148392  24284 488908    0    0     0     0 104516 47997 56  5 39  0  0 2026-10-01 09:57:41
 1  0      0 29066592  24284 489860    0    0     0     0 100189 55965 46  4 50  0  0 2026-10-01 09:57:42
 5  0      0 28918236  24284 490388    0    0     0     0 111447 55945 49  5 46  0  0 2026-10-01 09:57:43
 3  0      0 28911780  24292 491140    0    0     0    12 102996 52780 53  4 43  0  0 2026-10-01 09:57:44
16  0      0 28732024  24292 492108    0    0     0     0 115422 51488 52  5 43  0  0 2026-10-01 09:57:45
 1  0      0 28707084  24292 492684    0    0     0     0 106243 50896 53  6 41  0  0 2026-10-01 09:57:46
16  0      0 28582144  24292 493740    0    0     0     0 116883 51801 55  6 39  0  0 2026-10-01 09:57:47
16  0      0 28481388  24292 494364    0    0     0     0 117978 53019 55  7 38  0  0 2026-10-01 09:57:48
 7  0      0 28364856  24292 495188    0    0     0     0 116715 51367 51  6 43  0  0 2026-10-01 09:57:49
16  0      0 28346292  24300 495692    0    0     0    12 111227 54651 48  6 46  0  0 2026-10-01 09:57:50
16  0      0 28230940  24300 496428    0    0     0    16 126963 51840 55  7 38  0  0 2026-10-01 09:57:51
16  0      0 28105984  24300 497324    0    0     0     0 124418 54228 59  6 34  0  0 2026-10-01 09:57:52
16  0      0 27982148  24300 497964    0    0     0     0 126960 65606 47  6 46  0  0 2026-10-01 09:57:53
16  0      0 27909008  24300 498324    0    0     0     0 118106 50939 56  6 38  0  0 2026-10-01 09:57:54
 2  0      0 27884652  24308 499524    0    0     0   592 125226 55867 52  7 41  0  0 2026-10-01 09:57:55
 7  0      0 27742916  24308 500128    0    0     0    40 132447 56340 56  6 38  0  0 2026-10-01 09:57:56
 1  0      0 27648768  24308 500632    0    0     0     0 127021 54878 60  7 33  0  0 2026-10-01 09:57:57
16  0      0 27595516  24308 501160    0    0     0     0 123625 57924 50  6 44  0  0 2026-10-01 09:57:58
16  0      0 27471464  24308 502112    0    0     0     0 136952 61686 55  8 37  0  0 2026-10-01 09:57:59
 5  0      0 27381228  24308 502848    0    0     0     0 128854 47967 64  7 29  0  0 2026-10-01 09:58:00
16  0      0 27292108  24316 503640    0    0     0    20 135580 65531 54  7 39  0  0 2026-10-01 09:58:01
procs -----------memory---------- ---swap-- -----io---- -system-- ------cpu----- -----timestamp-----
 r  b   swpd   free   buff  cache   si   so    bi    bo   in   cs us sy id wa st                 UTC
 1  0      0 27260880  24316 504184    0    0     0     0 134118 60549 56  7 37  0  0 2026-10-01 09:58:02
 0  0      0 27151444  24316 505008    0    0     0     0 129191 58812 54  7 40  0  0 2026-10-01 09:58:03
16  0      0 27125520  24316 505264    0    0     0     0 140441 76164 46  7 47  0  0 2026-10-01 09:58:04
16  0      0 26994208  24316 505768    0    0     0     0 117771 5646 62 37  2  0  0 2026-10-01 09:58:05
23  0      0 26887368  24316 506656    0    0     0     0 121141 9931 61 38  1  0  0 2026-10-01 09:58:06
16  0      0 26921928  24324 507216    0    0     0    32 116809 41208 46 32 22  0  0 2026-10-01 09:58:07
16  0      0 26550024  24324 507680    0    0     0     0 138416 8022 62 38  1  0  0 2026-10-01 09:58:08
16  0      0 26544400  24324 508264    0    0     0     0 105149 11864 59 41  1  0  0 2026-10-01 09:58:09
16  0      0 26538352  24324 509080    0    0     0     0 120820 5101 58 42  0  0  0 2026-10-01 09:58:10
16  0      0 26268812  24324 509848    0    0     0     0 131636 17743 60 33  6  0  0 2026-10-01 09:58:11
21  0      0 26268708  24332 510288    0    0     0    12 122328 18996 50 43  8  0  0 2026-10-01 09:58:12
16  0      0 26228220  24332 510840    0    0     0     0 127269 18802 60 33  7  0  0 2026-10-01 09:58:13
16  0      0 26270924  24332 511312    0    0     0     0 103247 3673 48 52  0  0  0 2026-10-01 09:58:14
16  0      0 25915988  24332 511840    0    0     0     0 137983 8391 57 42  1  0  0 2026-10-01 09:58:15
16  0      0 25954988  24332 512512    0    0     0     0 111572 5158 55 44  0  0  0 2026-10-01 09:58:16
16  0      0 25913528  24340 513080    0    0     0    12 120050 6114 58 42  0  0  0 2026-10-01 09:58:17
16  0      0 25826876  24340 513672    0    0     0     0 128260 8923 60 40  1  0  0 2026-10-01 09:58:18
16  0      0 25646844  24340 514080    0    0     0     0 134362 7024 50 49  1  0  0 2026-10-01 09:58:19
17  0      0 25733672  24340 514600    0    0     0     0 102226 6513 61 38  1  0  0 2026-10-01 09:58:20
16  0      0 25592348  24340 515216    0    0     0     0 121487 5653 53 47  0  0  0 2026-10-01 09:58:21
16  0      0 25599628  24340 515816    0    0     0     8 119120 6708 59 40  0  0  0 2026-10-01 09:58:22
procs -----------memory---------- ---swap-- -----io---- -system-- ------cpu----- -----timestamp-----
 r  b   swpd   free   buff  cache   si   so    bi    bo   in   cs us sy id wa st                 UTC
16  0      0 25603724  24348 516072    0    0     0    20 128487 6856 58 41  0  0  0 2026-10-01 09:58:23
16  0      0 25349908  24348 516600    0    0     0     0 130129 5304 54 45  0  0  0 2026-10-01 09:58:24
16  0      0 25193504  24348 517312    0    0     0     0 151356 21476 58 41  1  0  0 2026-10-01 09:58:25
16  0      0 25206968  24348 517856    0    0     0     0 110935 7461 63 37  1  0  0 2026-10-01 09:58:26
 0  0      0 25237732  24348 517976    0    0     0     0 98140 67275 24  5 71  0  0 2026-10-01 09:58:27
 0  0      0 31162736  24356 476240    0    0     0    12 76864 1852  0  4 96  0  0 2026-10-01 09:58:28
 0  0      0 31163816  24356 475836    0    0     0     0 23551  143  0  0 100  0  0 2026-10-01 09:58:29
 0  0      0 31163816  24356 475836    0    0     0     0   63  112  0  0 100  0  0 2026-10-01 09:58:30
 0  0      0 31163564  24356 475840    0    0     0    16   71  119  0  0 100  0  0 2026-10-01 09:58:31
 2  0      0 31163060  24356 475840    0    0     0     0  219  270  0  0 100  0  0 2026-10-01 09:58:32
