procs -----------memory---------- ---swap-- -----io---- -system-- ------cpu----- -----timestamp-----
 r  b   swpd   free   buff  cache   si   so    bi    bo   in   cs us sy id wa st                 UTC
 1  0      0 2882844  37728 699532    0    0  1097  1642 5853 1049 22  7 69  2  0 2026-10-01 09:57:20
 0  0      0 2883764  37728 699484    0    0     0     0   71  130  0  0 100  0  0 2026-10-01 09:57:21
 2  2      0 2929496  38124 632356    0    0     0 12700 1543 2784 12  4 77  6  0 2026-10-01 09:57:22
 0  0      0 2865528  39468 635168    0    0     0 18336 4595 8624 35  4 44 18  0 2026-10-01 09:57:23
 0  0      0 2865528  39468 635168    0    0     0     0   36   45  0  0 100  0  0 2026-10-01 09:57:24
 0  0      0 2865528  39468 635168    0    0     0     0   26   30  0  1 100  0  0 2026-10-01 09:57:25
 0  1      0 2859256  39660 636508    0    0     0  1960 3484 4079  9  1 87  4  0 2026-10-01 09:57:26
 3  0      0 2791116  40544 644352    0    0     0  4256 11844 10493 34  7 43 16  0 2026-10-01 09:57:27
 3  0      0 2753172  40904 649468    0    0     0  1820 11030 10185 30  5 59  7  0 2026-10-01 09:57:28
 7  0      0 2726520  41528 658296    0    0     0  2880 17175 15333 49  9 35  8  0 2026-10-01 09:57:29
 0  0      0 2651900  41964 666756    0    0     0  2196 20301 18761 52 11 32  6  0 2026-10-01 09:57:30
 5  0      0 2611548  42336 675740    0    0     0  1908 20838 15638 61  9 25  6  0 2026-10-01 09:57:31
 4  0      0 2584304  42744 685460    0    0     0  2156 24535 20142 66 10 21  3  0 2026-10-01 09:57:32
 4  1      0 2479388  43124 696528    0    0     0  2160 26165 14601 77 11  9  3  0 2026-10-01 09:57:33
10  0      0 2420136  43344 706888    0    0     0  1256 23829 9834 77 12  9  2  0 2026-10-01 09:57:34
 5  0      0 2401988  43668 719320    0    0     0  2076 26295 8186 81 11  3  5  0 2026-10-01 09:57:35
 3  0      0 2338996  44040 731172    0    0     0  2148 29156 11210 81 13  2  4  0 2026-10-01 09:57:36
 3  0      0 2222232  44312 743540    0    0     0  1840 27759 2007 81 14  0  5  0 2026-10-01 09:57:37
 3  0      0 2174880  44564 754196    0    0     0  1832 27190 2790 82 14  0  5  0 2026-10-01 09:57:38
 6  0      0 2156648  44764 766752    0    0     0  1448 32182 3579 83 13  0  3  0 2026-10-01 09:57:39
 3  0      0 2139256  45060 778760    0    0     0  2096 33602 5401 81 14  0  4  0 2026-10-01 09:57:40
procs -----------memory---------- ---swap-- -----io---- -system-- ------cpu----- -----timestamp-----
 r  b   swpd   free   buff  cache   si   so    bi    bo   in   cs us sy id wa st                 UTC
 3  0      0 2052472  45260 790616    0    0     0  1432 36246 3350 79 17  1  4  0 2026-10-01 09:57:41
 3  0      0 1941772  45440 801244    0    0     0  1276 35110 2714 81 16  0  4  1 2026-10-01 09:57:42
 2  1      0 1888504  45596 810420    0    0     0  1320 35343 5848 84 13  0  3  0 2026-10-01 09:57:43
14  0      0 1871716  45732 822256    0    0     0  1224 36686 3175 81 17  0  2  0 2026-10-01 09:57:44
 3  0      0 1856704  45860 831508    0    0     0  3168 39602 10101 84 15  0  2  0 2026-10-01 09:57:45
 3  0      0 1839984  46032 842496    0    0     0  1448 39790 5950 82 15  1  3  0 2026-10-01 09:57:46
 3  0      0 1800684  46128 854164    0    0     0  1016 40848 1819 80 18  0  2  0 2026-10-01 09:57:47
 3  0      0 1694984  46304 864116    0    0     0 64240 42529 5966 76 20  0  3  0 2026-10-01 09:57:48
 5  0      0 1579208  46428 873520    0    0     0  1132 36361  921 82 17  0  1  0 2026-10-01 09:57:49
 5  0      0 1564756  46508 882640    0    0     0  1104 39871  876 83 16  0  2  0 2026-10-01 09:57:50
 4  0      0 1546400  46604 895256    0    0     0  1272 42944  914 82 16  0  1  0 2026-10-01 09:57:51
 3  0      0 1532396  46656 905140    0    0     0  1012 42122  895 82 17  1  1  0 2026-10-01 09:57:52
10  0      0 1516784  46788 914424    0    0     0 187764 48399 6114 74 24  0  3  0 2026-10-01 09:57:53
 3  0      0 1499768  46896 924816    0    0     0  2348 43300 3374 84 14  0  1  0 2026-10-01 09:57:54
 3  0      0 1442324  46948 936204    0    0     0   896 43554  826 80 19  0  1  0 2026-10-01 09:57:55
 4  0      0 1336524  46996 944252    0    0     0   636 43857 1931 78 21  0  1  0 2026-10-01 09:57:56
 3  0      0 1219748  47116 953948    0    0     0  1148 43024  931 79 19  0  1  0 2026-10-01 09:57:57
 3  0      0 1188524  47148 961728    0    0     0   608 43752  810 82 17  0  0  0 2026-10-01 09:57:58
 4  0      0 1175208  47180 971568    0    0     0   780 47578  785 79 20  0  1  0 2026-10-01 09:57:59
 4  0      0 1151116  47252 982328    0    0     0   864 45463  871 78 21  0  1  0 2026-10-01 09:58:00
 4  0      0 1140280  47252 990956    0    0     0     0 49338  700 84 17  0  0  0 2026-10-01 09:58:01
procs -----------memory---------- ---swap-- -----io---- -system-- ------cpu----- -----timestamp-----
 r  b   swpd   free   buff  cache   si   so    bi    bo   in   cs us sy id wa st                 UTC
 3  0      0 1120088  47296 1002248    0    0     0   552 49941 1925 77 22  0  0  0 2026-10-01 09:58:02
 4  0      0 1104616  47316 1009640    0    0     0   312 45315  753 83 16  0  1  0 2026-10-01 09:58:03
 4  0      0 1091524  47432 1020644    0    0     0  1712 52210 1259 79 19  0  2  0 2026-10-01 09:58:04
 4  0      0 990256  47432 1030024    0    0     0     0 49278  734 78 22  0  0  0 2026-10-01 09:58:05
 2  0      0 896260  47432 1036608    0    0     0     0 52017  764 78 23  0  0  0 2026-10-01 09:58:06
 2  0      0 793444  47432 1043944    0    0     0   196 41574  927 81 19  0  0  0 2026-10-01 09:58:07
 2  0      0 768008  47472 1051948    0    0     0   504 57138  753 76 24  0  1  0 2026-10-01 09:58:08
 2  0      0 756680  47484 1061420    0    0     0   344 45389  784 82 18  0  0  0 2026-10-01 09:58:09
 2  0      0 740840  47492 1068704    0    0     0   236 52056 1634 83 17  0  0  0 2026-10-01 09:58:10
 2  0      0 728508  47516 1078056    0    0     0 67752 55836 1482 76 24  0  1  0 2026-10-01 09:58:11
 2  0      0 717180  47516 1087616    0    0     0     0 52939  646 85 15  0  0  0 2026-10-01 09:58:12
 2  0      0 704832  47560 1095976    0    0     0   644 58515  845 74 24  0  1  0 2026-10-01 09:58:13
 2  0      0 691512  47560 1105808    0    0     0   120 51906  729 81 20  0  0  0 2026-10-01 09:58:14
 2  0      0 682188  47564 1113504    0    0     0   248 58846  712 75 25  0  0  1 2026-10-01 09:58:15
 2  0      0 653220  47564 1120740    0    0     0 125644 50227 1929 78 22  0  0  0 2026-10-01 09:58:16
 3  0      0 551300  47564 1129428    0    0     0     0 61409  800 73 28  0  0  0 2026-10-01 09:58:17
 4  0      0 459080  47564 1135976    0    0     0     0 58406 11033 65 27  9  0  0 2026-10-01 09:58:18
 2  0      0 377684  47564 1141712    0    0     0     0 51931  882 77 23  0  0  0 2026-10-01 09:58:19
 9  0      0 330092  47568 1146404    0    0     0   288 39623 2265 81 19  0  0  0 2026-10-01 09:58:20
 2  0      0 315980  47568 1152032    0    0     0     0 54274 5925 79 21  0  0  0 2026-10-01 09:58:21
 2  0      0 301728  47588 1162448    0    0     0   580 58170  913 78 21  0  0  0 2026-10-01 09:58:22
procs -----------memory---------- ---swap-- -----io---- -system-- ------cpu----- -----timestamp-----
 r  b   swpd   free   buff  cache   si   so    bi    bo   in   cs us sy id wa st                 UTC
 2  0      0 291168  47588 1171356    0    0     0     0 59044  781 78 22  0  0  0 2026-10-01 09:58:23
 2  0      0 280916  47588 1177816    0    0     0     0 48674  703 83 17  0  0  0 2026-10-01 09:58:24
 2  0      0 274616  47604 1183836    0    0     0   252 64287  703 74 25  0  0  0 2026-10-01 09:58:25
 0  0      0 296024  47604 1193120    0    0     0    12 51822 19005 52 18 30  0  0 2026-10-01 09:58:26
 0  0      0 296024  47604 1193180    0    0     0     0 20046 10964  3  7 90  0  0 2026-10-01 09:58:27
 0  0      0 330944  47624 1182696    0    0     0   664 68793 32675 15 27 57  0  0 2026-10-01 09:58:28
 0  0      0 373400  47624 1172344    0    0     0     0 13019 7342  1  6 93  0  0 2026-10-01 09:58:29
 2  0      0 339180  47788 1176108    0    0  3984    24  312  532 11  1 85  2  0 2026-10-01 09:58:30
