procs -----------memory---------- ---swap-- -----io---- -system-- ------cpu----- -----timestamp-----
 r  b   swpd   free   buff  cache   si   so    bi    bo   in   cs us sy id wa st                 UTC
 1  0      0 2287348  61268 1268716    0    0    91   371 1930  741  7  2 91  0  0 2026-10-01 08:54:03
 2  1      0 2501868  61616 1012096    0    0   564 17296 3697 6651 30  6 57  8  0 2026-10-01 08:54:04
 0  0      0 2462556  62000 1014332    0    0     0 13312 5262 9379 20  4 61 15  0 2026-10-01 08:54:05
 0  0      0 2462556  62000 1014332    0    0     0   528   55   55  0  0 100  0  0 2026-10-01 08:54:06
 0  0      0 2462556  62000 1014332    0    0     0     0   45   51  0  0 100  0  0 2026-10-01 08:54:07
 1  0      0 2441696  62040 1015716    0    0     0   716 9315 10921 12  3 83  3  0 2026-10-01 08:54:08
 2  0      0 2398880  62200 1019268    0    0     0  1760 19608 22169 29  6 59  6  0 2026-10-01 08:54:09
 0  1      0 2390900  62324 1022400    0    0     0  1144 20366 23536 27  5 63  4  0 2026-10-01 08:54:10
 0  0      0 2342904  62504 1028148    0    0     0  1588 25325 24706 42 10 44  5  0 2026-10-01 08:54:11
 3  1      0 2300176  62604 1032860    0    0     0  1072 23459 22427 40  8 48  4  0 2026-10-01 08:54:12
 0  0      0 2288276  62740 1038564    0    0     0  1100 26681 24544 43 11 43  3  0 2026-10-01 08:54:13
 4  0      0 2237276  62820 1044760    0    0     0   764 29267 25563 50 11 37  2  0 2026-10-01 08:54:14
 2  0      0 2168660  62868 1050696    0    0     0   680 28635 23363 52 13 34  2  0 2026-10-01 08:54:15
 0  0      0 2159152  62936 1056372    0    0     0   564 29746 24527 50 12 37  1  0 2026-10-01 08:54:16
 5  0      0 2135124  63036 1063760    0    0     0  1040 31005 21867 59 11 29  2  0 2026-10-01 08:54:17
 6  0      0 2063908  63076 1071500    0    0     0   868 32453 20760 64 14 20  2  0 2026-10-01 08:54:18
 6  0      0 1984904  63108 1078852    0    0     0   572 34939 23309 62 15 22  1  0 2026-10-01 08:54:19
 2  0      0 1949680  63152 1087068    0    0     0   696 31322 12623 77 12  8  2  0 2026-10-01 08:54:20
 5  0      0 1938268  63180 1094380    0    0     0   724 33273 20316 62 10 26  2  0 2026-10-01 08:54:21
 5  0      0 1910432  63224 1103504    0    0     0   632 33965 12618 74 11 13  1  0 2026-10-01 08:54:22
 7  0      0 1840808  63252 1111236    0    0     0   632 35463 16180 65 15 19  1  0 2026-10-01 08:54:23
procs -----------memory---------- ---swap-- -----io---- -system-- ------cpu----- -----timestamp-----
 r  b   swpd   free   buff  cache   si   so    bi    bo   in   cs us sy id wa st                 UTC
 3  0      0 1753656  63252 1119368    0    0     0     0 34221 12818 69 15 17  0  0 2026-10-01 08:54:24
 3  0      0 1697400  63256 1127016    0    0     0   208 31213 4743 82 13  5  1  0 2026-10-01 08:54:25
 3  0      0 1686868  63272 1135472    0    0     0   264 35131 12641 76 12 12  0  0 2026-10-01 08:54:26
 1  0      0 1670348  63308 1143972    0    0     0   628 35794 9626 74 11 13  2  0 2026-10-01 08:54:27
 3  0      0 1650268  63308 1151776    0    0     0     0 37462 13892 72 13 15  0  0 2026-10-01 08:54:28
11  0      0 1588568  63320 1160572    0    0     0   260 35731 4964 79 14  6  1  0 2026-10-01 08:54:29
 3  0      0 1493884  63352 1168868    0    0     0 51168 37700 5385 73 19  8  1  0 2026-10-01 08:54:30
 3  0      0 1403524  63360 1176116    0    0     0   196 32871 1708 78 20  3  0  0 2026-10-01 08:54:31
 3  0      0 1385952  63360 1184044    0    0     0     0 37614 1744 83 16  2  0  0 2026-10-01 08:54:32
 5  0      0 1375880  63364 1192020    0    0     0   136 40054 8106 75 17  8  0  0 2026-10-01 08:54:33
 9  0      0 1364664  63364 1199412    0    0     0     0 39761 7961 73 17 10  0  0 2026-10-01 08:54:34
 5  0      0 1350452  63364 1207292    0    0     0 121784 41143 4846 75 20  5  0  0 2026-10-01 08:54:35
 8  0      0 1330880  63364 1213536    0    0     0     0 42196 13031 69 18 13  0  0 2026-10-01 08:54:36
 1  0      0 1253208  63364 1221068    0    0     0     0 43344 5184 75 19  6  0  0 2026-10-01 08:54:37
 3  0      0 1166308  63368 1227460    0    0     0   180 46449 8390 71 21  8  0  0 2026-10-01 08:54:38
 3  0      0 1085168  63388 1234376    0    0     0  2832 46681 13303 70 17 13  1  0 2026-10-01 08:54:39
 3  0      0 1012264  63388 1239368    0    0     0     0 40991 5288 77 17  6  0  0 2026-10-01 08:54:40
 3  0      0 997924  63388 1244288    0    0     0     0 46569 6232 75 18  7  0  0 2026-10-01 08:54:41
 3  0      0 987644  63388 1250496    0    0     0   120 48923 10412 72 16 12  0  1 2026-10-01 08:54:42
 5  0      0 979580  63388 1256040    0    0     0     0 50890 10031 69 20 12  0  0 2026-10-01 08:54:43
 3  0      0 972116  63388 1261116    0    0     0    12 45999 13718 68 16 17  0  0 2026-10-01 08:54:44
procs -----------memory---------- ---swap-- -----io---- -system-- ------cpu----- -----timestamp-----
 r  b   swpd   free   buff  cache   si   so    bi    bo   in   cs us sy id wa st                 UTC
 5  0      0 965004  63388 1266232    0    0     0   224 53773 15505 57 23 20  0  0 2026-10-01 08:54:45
 3  0      0 956308  63388 1272728    0    0     0     0 48944 1401 79 21  1  0  0 2026-10-01 08:54:46
 3  0      0 947332  63388 1277832    0    0     0     0 47835 11199 70 16 14  0  0 2026-10-01 08:54:47
 3  0      0 912696  63388 1283212    0    0     0     0 55714 10392 68 22 11  0  0 2026-10-01 08:54:48
 3  0      0 832224  63388 1288820    0    0     0     0 50795 7138 70 21 10  0  0 2026-10-01 08:54:49
 3  0      0 755896  63388 1293632    0    0     0   108 51797 12481 63 23 14  0  0 2026-10-01 08:54:50
 2  0      0 670656  63388 1298356    0    0     0     0 50553 8246 64 25 11  0  0 2026-10-01 08:54:51
 5  0      0 607656  63388 1301952    0    0     0     0 53571 19086 54 21 25  0  0 2026-10-01 08:54:52
 3  0      0 556872  63388 1304816    0    0     0     0 33706 3738 85 12  3  0  0 2026-10-01 08:54:53
 5  0      0 549816  63388 1309276    0    0     0     0 57591 6941 69 23  8  0  0 2026-10-01 08:54:54
 4  0      0 545112  63388 1312656    0    0     0   100 49076 21657 51 15 33  1  0 2026-10-01 08:54:55
 4  0      0 537732  63388 1317952    0    0     0    12 55170 3283 76 20  4  0  0 2026-10-01 08:54:56
 3  0      0 534456  63388 1321044    0    0     0     0 52758 24149 58 17 25  0  0 2026-10-01 08:54:57
 2  0      0 528672  63388 1326100    0    0     0     0 57329 9349 74 17  9  0  0 2026-10-01 08:54:58
 3  0      0 525424  63388 1328964    0    0     0     0 55669 34459 51 18 32  0  0 2026-10-01 08:54:59
 3  0      0 520160  63388 1333572    0    0     0   108 53745 4605 78 18  4  0  0 2026-10-01 08:55:00
 2  0      0 514892  63388 1337700    0    0     0 24748 54634 17778 63 20 17  0  0 2026-10-01 08:55:01
 3  0      0 509712  63388 1341960    0    0     0     8 51500 10100 68 17 15  0  0 2026-10-01 08:55:02
 4  0      0 507192  63388 1344316    0    0     0     0 57804 27158 45 20 35  0  0 2026-10-01 08:55:03
 0  0      0 503664  63388 1347248    0    0     0     0 48391 21753 56 15 29  0  0 2026-10-01 08:55:04
 3  0      0 443912  63388 1350460    0    0     0   136 52655 13715 70 16 14  0  1 2026-10-01 08:55:05
procs -----------memory---------- ---swap-- -----io---- -system-- ------cpu----- -----timestamp-----
 r  b   swpd   free   buff  cache   si   so    bi    bo   in   cs us sy id wa st                 UTC
 2  0      0 388624  63396 1353328    0    0     0 87816 49861 22443 54 20 26  0  0 2026-10-01 08:55:06
 2  0      0 315360  63396 1356892    0    0     0   232 53393 5782 68 22 10  0  0 2026-10-01 08:55:07
 0  0      0 275824  63396 1359696    0    0     0     8 41233 23425 35 16 48  0  0 2026-10-01 08:55:08
 0  0      0 275824  63396 1359704    0    0     0    36 10545 7943  3  5 92  0  0 2026-10-01 08:55:09
 0  0      0 311476  63396 1351148    0    0     0   184 65043 50112 15 22 63  0  0 2026-10-01 08:55:10
 0  0      0 311508  63400 1347284    0    0     4 37728 3094 3058  1  1 95  2  0 2026-10-01 08:55:11
 1  0      0 300676  63476 1347608    0    0   452     0  348  522  3  1 95  1  0 2026-10-01 08:55:12
