procs -----------memory---------- ---swap-- -----io---- -system-- ------cpu----- -----timestamp-----
 r  b   swpd   free   buff  cache   si   so    bi    bo   in   cs us sy id wa st                 UTC
 1  0      0 1491208  34540 753604    0    0   141   337   80 1237  7  6 87  0  0 2026-10-01 08:54:03
 1  2      0 1598764  35196 624336    0    0   108 16788 4281 7817 31  8 54  8  0 2026-10-01 08:54:04
 0  0      0 1560060  35928 626520    0    0     0 14792 5633 9051 25  5 56 15  0 2026-10-01 08:54:05
 0  0      0 1560060  35944 626520    0    0     0   152  325  544  0  0 99  1  0 2026-10-01 08:54:06
 0  0      0 1560060  35944 626520    0    0     0     0  239  403  0  0 99  0  0 2026-10-01 08:54:07
 1  1      0 1541384  36096 628004    0    0     0  1948 18085 13090 14  8 75  3  0 2026-10-01 08:54:08
 0  0      0 1521776  36264 630128    0    0     0  3476 33730 21843 15 14 68  3  0 2026-10-01 08:54:09
 0  0      0 1475652  36596 634972    0    0     0  2116 42754 29190 34 22 39  4  0 2026-10-01 08:54:10
 1  0      0 1451448  36696 637684    0    0     0  1120 47805 29027 24 21 54  2  0 2026-10-01 08:54:11
 4  0      0 1427016  36904 643256    0    0     0  1700 57883 36672 42 31 25  2  0 2026-10-01 08:54:12
12  0      0 1387300  37052 647784    0    0     0  1408 60117 36766 36 31 32  2  0 2026-10-01 08:54:13
 3  0      0 1327684  37136 653420    0    0     0   924 67344 37139 49 35 16  1  0 2026-10-01 08:54:14
 7  0      0 1279176  37264 658776    0    0     0  1240 67420 36220 46 39 13  1  0 2026-10-01 08:54:15
 3  0      0 1254296  37368 665024    0    0     0  1000 77206 38121 54 39  6  0  0 2026-10-01 08:54:16
 4  0      0 1224996  37480 670820    0    0     0  1056 76528 37444 53 43  4  0  0 2026-10-01 08:54:17
 8  0      0 1178304  37548 676480    0    0     0   616 83323 35167 50 47  4  0  0 2026-10-01 08:54:18
 6  0      0 1121624  37644 681888    0    0     0   892 81088 34544 53 47  0  0  0 2026-10-01 08:54:19
 6  0      0 1067136  37668 687140    0    0     0   396 84722 32288 50 50  0  0  0 2026-10-01 08:54:20
 6  0      0 1018240  37772 691928    0    0     0  1068 80214 25975 56 44  0  0  0 2026-10-01 08:54:21
 6  0      0 994552  37788 696872    0    0     0   400 87274 25785 46 54  0  0  0 2026-10-01 08:54:22
 9  0      0 973304  37804 700988    0    0     0   408 85488 25577 49 51  0  0  1 2026-10-01 08:54:23
procs -----------memory---------- ---swap-- -----io---- -system-- ------cpu----- -----timestamp-----
 r  b   swpd   free   buff  cache   si   so    bi    bo   in   cs us sy id wa st                 UTC
 7  0      0 949716  37904 706092    0    0     0  1056 87122 17145 51 49  0  1  0 2026-10-01 08:54:24
10  0      0 931840  37916 710944    0    0     0 55036 83762 22204 51 49  0  0  0 2026-10-01 08:54:25
 8  0      0 902272  37972 715468    0    0     0  1024 84175 11846 47 53  0  0  0 2026-10-01 08:54:26
10  0      0 858444  38028 718992    0    0     0  1000 86088 18024 49 51  0  0  0 2026-10-01 08:54:27
 7  0      0 812992  38120 723376    0    0     0  1184 86275 12036 44 56  0  0  0 2026-10-01 08:54:28
 8  0      0 765956  38200 727240    0    0     0  1368 88605 13039 43 57  0  0  0 2026-10-01 08:54:29
 6  0      0 726244  38216 731024    0    0     0  6964 89629 12060 42 58  0  0  0 2026-10-01 08:54:30
 8  0      0 694220  38248 733440    0    0     0   936 88759 14221 53 47  0  0  0 2026-10-01 08:54:31
 6  0      0 678428  38292 737592    0    0     0   960 87638 7103 42 58  0  0  0 2026-10-01 08:54:32
 7  0      0 662696  38328 741008    0    0     0   984 89765 7234 47 53  0  0  0 2026-10-01 08:54:33
 8  0      0 640544  38368 744336    0    0     0   952 88651 4597 44 56  0  0  0 2026-10-01 08:54:34
 9  0      0 626480  38408 747456    0    0     0   980 87945 6361 44 56  0  0  0 2026-10-01 08:54:35
 9  0      0 608924  38508 751024    0    0     0  1444 88273 6396 40 60  0  0  0 2026-10-01 08:54:36
 6  0      0 594752  38576 753620    0    0     0  1368 88018 4469 38 62  0  0  0 2026-10-01 08:54:37
 5  0      0 570668  38632 756784    0    0     0  1272 91256 5023 42 58  0  0  0 2026-10-01 08:54:38
 6  0      0 556224  38672 759560    0    0     0  1200 87969 4986 41 59  0  0  0 2026-10-01 08:54:39
 6  0      0 541404  38712 762380    0    0     0  1128 87262 6006 38 62  0  0  0 2026-10-01 08:54:40
 5  0      0 506900  38756 765204    0    0     0  1036 88808 4785 37 64  0  0  0 2026-10-01 08:54:41
 5  0      0 469608  38804 767916    0    0     0   940 87600 4523 36 64  0  0  0 2026-10-01 08:54:42
 7  0      0 438888  38872 770052    0    0     0  1004 89966 4975 38 62  0  0  0 2026-10-01 08:54:43
 5  0      0 402480  38908 773068    0    0     0   844 86373 4790 37 63  0  0  0 2026-10-01 08:54:44
procs -----------memory---------- ---swap-- -----io---- -system-- ------cpu----- -----timestamp-----
 r  b   swpd   free   buff  cache   si   so    bi    bo   in   cs us sy id wa st                 UTC
 5  0      0 365064  38936 775428    0    0     0 42728 86428 4843 39 61  0  0  0 2026-10-01 08:54:45
 5  0      0 330960  38972 777028    0    0     0   808 93676 5618 42 58  0  0  0 2026-10-01 08:54:46
 4  0      0 337496  39028 779048    0    0     0   748 94701 4741 35 66  0  0  0 2026-10-01 08:54:47
 5  0      0 315788  39052 781312    0    0     0   684 95935 4569 37 64  0  0  0 2026-10-01 08:54:48
 4  0      0 289644  39092 783636    0    0     0   644 94116 3717 37 63  0  0  0 2026-10-01 08:54:49
 5  0      0 285464  39112 785992    0    0     0   604 88135 4032 38 62  0  0  0 2026-10-01 08:54:50
 6  0      0 269816  39148 788728    0    0     0   604 88525 3576 37 63  0  0  0 2026-10-01 08:54:51
 4  0      0 261020  39192 791112    0    0     0   624 84572 4312 41 59  0  0  0 2026-10-01 08:54:52
 7  0      0 249224  39236 793632    0    0     0   568 91072 6058 41 59  0  0  0 2026-10-01 08:54:53
 8  0      0 234936  39288 795188    0    0     0   680 88534 6869 39 62  0  0  0 2026-10-01 08:54:54
 4  0      0 227652  39328 797476    0    0     0   500 85138 3756 44 57  0  0  0 2026-10-01 08:54:55
 5  0      0 209800  39352 800372    0    0     0   464 89318 4575 40 60  0  0  0 2026-10-01 08:54:56
 4  0      0 178812  39372 802164    0    0     0   448 91657 4102 34 66  0  0  0 2026-10-01 08:54:57
 4  0      0 196808  39400 804456    0    0     0   416 95734 3356 37 63  0  0  0 2026-10-01 08:54:58
 4  0      0 181572  39408 806244    0    0     0   360 93798 4184 39 61  0  0  0 2026-10-01 08:54:59
 8  0      0 151352  39428 808372    0    0     0   456 93882 3817 35 65  0  0  0 2026-10-01 08:55:00
 4  0      0 104356  39448 810240    0    0     0   340 95506 3783 38 62  0  0  0 2026-10-01 08:55:01
 5  0      0 117308  39136 800808    0    0   284   352 88275 3578 38 62  0  0  0 2026-10-01 08:55:02
 4  0      0 115028  38952 788660    0    0   528   360 82247 4195 38 62  0  0  0 2026-10-01 08:55:03
 4  0      0 109472  38132 753068    0    0     0 27996 86749 4137 36 64  0  0  0 2026-10-01 08:55:04
 4  0      0 114608  36284 714628    0    0     0   348 86483 4349 37 63  0  0  0 2026-10-01 08:55:05
procs -----------memory---------- ---swap-- -----io---- -system-- ------cpu----- -----timestamp-----
 r  b   swpd   free   buff  cache   si   so    bi    bo   in   cs us sy id wa st                 UTC
 7  0      0 118888  34904 683500    0    0     0   296 84646 2859 42 58  0  0  0 2026-10-01 08:55:06
 6  0      0 106192  33296 655116    0    0     0   312 84574 3513 39 62  0  0  0 2026-10-01 08:55:07
 2  0      0 119952  30908 615240    0    0   860   292 74522 4352 44 56  0  0  0 2026-10-01 08:55:08
 4  0      0 138660  30928 615120    0    0   112   272 11995 4068  6 14 79  0  0 2026-10-01 08:55:09
 4  0      0 431592  31024 584460    0    0 11912  1848 83578 21869 27 73  0  0  0 2026-10-01 08:55:10
