procs -----------memory---------- ---swap-- -----io---- -system-- ------cpu----- -----timestamp-----
 r  b   swpd   free   buff  cache   si   so    bi    bo   in   cs us sy id wa st                 UTC
 1  0      0 2041736  67740 1506916    0    0    89   350 1913  806  7  2 91  0  0 2026-10-01 08:54:03
 3  3      0 2322628  68140 1185632    0    0     0 19796 3741 6701 27  8 59  7  0 2026-10-01 08:54:04
 0  0      0 2284324  68768 1187728    0    0     0 14304 3826 7437 19  4 60 17  0 2026-10-01 08:54:05
 0  0      0 2284324  68768 1187728    0    0     0    16   37   50  0  0 100  0  0 2026-10-01 08:54:06
 0  0      0 2284324  68768 1187728    0    0     0     0   43   44  0  0 100  0  0 2026-10-01 08:54:07
 0  1      0 2266712  68908 1189976    0    0     0  1292 5791 5131 12  3 80  5  0 2026-10-01 08:54:08
 0  0      0 2227228  69064 1194232    0    0     0  2016 9916 8112 20  6 67  8  0 2026-10-01 08:54:09
 3  0      0 2204128  69236 1198700    0    0     0  1668 14305 13348 29  6 59  6  0 2026-10-01 08:54:10
 3  0      0 2181052  69352 1203180    0    0     0  1320 15753 14682 29  7 61  4  0 2026-10-01 08:54:11
 7  0      0 2125304  69436 1208644    0    0     0   888 20902 17801 38 11 49  3  0 2026-10-01 08:54:12
 8  0      0 2099232  69484 1213716    0    0     0   660 19718 16272 41  7 51  2  0 2026-10-01 08:54:13
 2  0      0 2076692  69612 1220884    0    0     0  1504 24169 18484 51  7 37  5  0 2026-10-01 08:54:14
 5  0      0 2025140  69648 1226220    0    0     0   632 25504 22213 39 13 47  1  0 2026-10-01 08:54:15
 3  0      0 1936648  69740 1234852    0    0     0  1284 29507 15894 68 14 16  2  0 2026-10-01 08:54:16
 1  0      0 1928876  69768 1240156    0    0     0   472 28143 24198 43  9 46  2  0 2026-10-01 08:54:17
 1  0      0 1905128  69792 1248940    0    0     0   384 31647 16791 68 14 18  1  0 2026-10-01 08:54:18
 4  0      0 1859044  69820 1255384    0    0     0   620 31664 23643 54 12 33  2  0 2026-10-01 08:54:19
 1  0      0 1774548  69820 1263196    0    0     0     8 32998 16371 65 15 20  0  0 2026-10-01 08:54:20
 3  0      0 1712596  69844 1269060    0    0     0   352 30554 17789 58 13 28  1  0 2026-10-01 08:54:21
 3  0      0 1700148  69880 1278044    0    0     0   416 32802 9700 75 12 11  2  0 2026-10-01 08:54:22
 2  0      0 1690388  69880 1284324    0    0     0   248 35431 24415 55 12 32  1  0 2026-10-01 08:54:23
procs -----------memory---------- ---swap-- -----io---- -system-- ------cpu----- -----timestamp-----
 r  b   swpd   free   buff  cache   si   so    bi    bo   in   cs us sy id wa st                 UTC
 4  0      0 1662636  69904 1293564    0    0     0   220 33308 9350 75 13 12  1  0 2026-10-01 08:54:24
 2  0      0 1602688  69916 1299912    0    0     0   124 35912 20475 60 12 27  0  0 2026-10-01 08:54:25
 3  0      0 1510008  69920 1308072    0    0     0   104 36345 12641 70 17 13  0  0 2026-10-01 08:54:26
 4  0      0 1433524  69920 1314712    0    0     0     0 35391 12805 74 15 11  0  0 2026-10-01 08:54:27
 3  0      0 1420768  69920 1322708    0    0     0    20 35953 8966 74 14 12  0  0 2026-10-01 08:54:28
 4  0      0 1411708  69940 1330268    0    0     0   220 38196 14022 69 14 17  1  0 2026-10-01 08:54:29
 4  0      0 1401164  69948 1338224    0    0     0   388 38907 13160 69 16 14  1  0 2026-10-01 08:54:30
 4  0      0 1380148  69948 1345576    0    0     0     8 39503 13740 73 15 13  0  0 2026-10-01 08:54:31
 8  0      0 1329060  69948 1351724    0    0     0     0 39209 18258 60 18 22  0  0 2026-10-01 08:54:32
 4  0      0 1240892  69948 1358532    0    0     0  1920 40633 12871 72 16 13  0  0 2026-10-01 08:54:33
 3  0      0 1152060  69960 1365860    0    0     0   248 40453 10275 71 17 12  1  0 2026-10-01 08:54:34
 4  0      0 1093912  69960 1370372    0    0     0 59792 37989 9170 72 19  8  1  0 2026-10-01 08:54:35
10  0      0 1085188  69968 1377104    0    0     0   272 42405 10437 71 18 11  1  0 2026-10-01 08:54:36
 2  0      0 1075360  69976 1383664    0    0     0   124 45774 12114 67 20 13  0  0 2026-10-01 08:54:37
 2  0      0 1067648  69976 1389580    0    0     0     0 46897 16573 66 17 17  0  0 2026-10-01 08:54:38
 4  0      0 1059720  69976 1395556    0    0     0     0 46904 13324 69 17 15  0  0 2026-10-01 08:54:39
 2  0      0 1052956  69976 1400952    0    0     0 134320 48509 15909 66 17 16  1  0 2026-10-01 08:54:40
 7  0      0 1042876  69976 1406120    0    0     0     0 47462 16819 63 15 22  0  0 2026-10-01 08:54:41
 2  0      0 976196  69980 1411992    0    0     0   156 47373 8214 66 18 15  0  0 2026-10-01 08:54:42
 3  0      0 900356  69980 1417200    0    0     0    16 47125 10330 63 22 15  0  0 2026-10-01 08:54:43
 3  0      0 827276  69980 1422356    0    0     0     0 49428 15662 62 19 20  0  0 2026-10-01 08:54:44
procs -----------memory---------- ---swap-- -----io---- -system-- ------cpu----- -----timestamp-----
 r  b   swpd   free   buff  cache   si   so    bi    bo   in   cs us sy id wa st                 UTC
 4  0      0 759992  69980 1426536    0    0     0     0 49741 19755 56 21 23  0  0 2026-10-01 08:54:45
 2  0      0 690436  69980 1430516    0    0     0     0 39099 5163 76 16  8  0  0 2026-10-01 08:54:46
 2  0      0 679796  69984 1434968    0    0     0    96 55685 13996 67 20 13  0  0 2026-10-01 08:54:47
 3  0      0 672768  69984 1441300    0    0     0     0 50995 12137 71 18 12  0  0 2026-10-01 08:54:48
 0  0      0 668736  69984 1444864    0    0     0   108 56610 25360 58 18 24  0  0 2026-10-01 08:54:49
 3  0      0 663708  69984 1449400    0    0     0     0 53366 18376 66 16 18  0  0 2026-10-01 08:54:50
 3  0      0 657420  69984 1454820    0    0     0     0 47775 8452 70 16 14  0  0 2026-10-01 08:54:51
 2  0      0 654396  69984 1457304    0    0     0     0 53426 28005 50 18 31  0  0 2026-10-01 08:54:52
 2  0      0 647648  69984 1462900    0    0     0     0 52062 8051 68 21 11  0  0 2026-10-01 08:54:53
 2  0      0 642408  69988 1466940    0    0     0    92 49900 18718 59 18 23  0  0 2026-10-01 08:54:54
 0  0      0 638880  69988 1470400    0    0     0     8 56534 18660 56 18 26  0  0 2026-10-01 08:54:55
 2  0      0 592512  69988 1474072    0    0     0     0 48782 20207 57 17 26  0  0 2026-10-01 08:54:56
 2  0      0 517276  69988 1478724    0    0     0     0 52125 8088 68 22 11  0  0 2026-10-01 08:54:57
 2  0      0 458388  69992 1481960    0    0     0   104 51894 25710 55 19 26  0  0 2026-10-01 08:54:58
 5  0      0 390852  69992 1485684    0    0     0     0 61077 23457 56 22 21  0  0 2026-10-01 08:54:59
 0  0      0 327600  69992 1488668    0    0     0     0 51227 20595 62 19 20  0  0 2026-10-01 08:55:00
 3  0      0 277648  69992 1490900    0    0     0    12 37537 7764 80 14  7  0  0 2026-10-01 08:55:01
 2  0      0 243640  69992 1494468    0    0     0     0 56850 8011 66 24 10  0  0 2026-10-01 08:55:02
 3  0      0 241876  69996 1496332    0    0     0   120 52256 32189 40 17 43  0  0 2026-10-01 08:55:03
 2  0      0 237592  69996 1499700    0    0     0     0 54264 15073 66 19 15  0  0 2026-10-01 08:55:04
 0  0      0 233376  69996 1503080    0    0     0     0 50169 26978 51 17 32  0  0 2026-10-01 08:55:05
procs -----------memory---------- ---swap-- -----io---- -system-- ------cpu----- -----timestamp-----
 r  b   swpd   free   buff  cache   si   so    bi    bo   in   cs us sy id wa st                 UTC
 3  0      0 229524  69996 1505484    0    0     0 14304 53284 23298 48 17 35  0  0 2026-10-01 08:55:06
 1  0      0 226052  69996 1507888    0    0     0    16 50229 26635 43 19 37  0  0 2026-10-01 08:55:07
 0  0      0 223532  70008 1510372    0    0     0   328 41000 24004 46 13 40  1  0 2026-10-01 08:55:08
 3  0      0 223532  70008 1510412    0    0     0     0 7946 6520  4  3 93  0  0 2026-10-01 08:55:09
 0  0      0 223532  70008 1503676    0    0     0     0 62927 48485 15 25 60  0  0 2026-10-01 08:55:10
 0  0      0 221516  70008 1498620    0    0     0 74372 4878 4426  1  2 92  6  0 2026-10-01 08:55:11
