procs -----------memory---------- ---swap-- -----io---- -system-- ------cpu----- -----timestamp-----
 r  b   swpd   free   buff  cache   si   so    bi    bo   in   cs us sy id wa st                 UTC
 0  0      0 31212012  17712 439648    0    0    14     2  453 1310 12  2 86  0  0 2026-10-01 08:54:03
 0  0      0 31196760  17712 439740    0    0     0     0 1845 1712  1  0 99  0  0 2026-10-01 08:54:04
 0  0      0 31193540  17712 439740    0    0     0     0 3833 2509  1  0 98  0  0 2026-10-01 08:54:05
 0  0      0 31193540  17712 439740    0    0     0     0   82  123  0  0 100  0  0 2026-10-01 08:54:06
 0  0      0 31193540  17712 439740    0    0     0     0  101  162  0  0 100  0  0 2026-10-01 08:54:07
 0  0      0 31168620  17712 439740    0    0     0     0 25512 26203  7  1 92  0  0 2026-10-01 08:54:08
 1  0      0 31116064  17720 439740    0    0     0    56 40090 43188 11  1 88  0  0 2026-10-01 08:54:09
 4  0      0 31041276  17720 439740    0    0     0     0 52273 52901 16  2 82  0  0 2026-10-01 08:54:10
 2  0      0 30957388  17720 439932    0    0     0     0 54230 52154 17  2 81  0  0 2026-10-01 08:54:11
 2  0      0 30866864  17720 440476    0    0     0     0 64938 58284 24  2 74  0  0 2026-10-01 08:54:12
14  0      0 30771860  17720 441084    0    0     0     0 64479 55123 25  3 72  0  0 2026-10-01 08:54:13
 1  0      0 30659068  17728 441876    0    0     0    28 76960 62776 28  3 68  0  0 2026-10-01 08:54:14
 2  0      0 30443008  17728 442740    0    0     0     4 79471 64048 28  4 68  0  0 2026-10-01 08:54:15
14  0      0 30308712  17728 443580    0    0     0     0 87654 64268 35  4 61  0  0 2026-10-01 08:54:16
 1  0      0 30226868  17728 444444    0    0     0     0 88698 69530 31  4 65  0  0 2026-10-01 08:54:17
10  0      0 30114768  17728 445444    0    0     0     0 97819 66367 37  4 58  0  0 2026-10-01 08:54:18
 1  0      0 29904692  17728 446124    0    0     0     0 101470 65672 39  5 56  0  0 2026-10-01 08:54:19
16  0      0 29814896  17736 447116    0    0     0    12 104710 69768 41  5 54  0  0 2026-10-01 08:54:20
 2  0      0 29703484  17736 447764    0    0     0     4 100167 70963 36  5 59  0  0 2026-10-01 08:54:21
11  0      0 29632532  17736 448580    0    0     0     0 109789 66741 46  5 49  0  0 2026-10-01 08:54:22
 2  0      0 29504740  17736 449124    0    0     0     0 107790 69219 40  5 55  0  0 2026-10-01 08:54:23
procs -----------memory---------- ---swap-- -----io---- -system-- ------cpu----- -----timestamp-----
 r  b   swpd   free   buff  cache   si   so    bi    bo   in   cs us sy id wa st                 UTC
16  0      0 29329276  17736 450060    0    0     0     0 108697 57539 46  6 48  0  0 2026-10-01 08:54:24
 2  0      0 29248164  17736 450740    0    0     0     0 109545 66605 43  5 52  0  0 2026-10-01 08:54:25
 7  0      0 28999284  17744 451436    0    0     0    12 114695 55803 50  7 43  0  0 2026-10-01 08:54:26
15  0      0 28993128  17744 452092    0    0     0     4 106996 66079 46  5 49  0  0 2026-10-01 08:54:27
15  0      0 28766384  17744 452684    0    0     0     0 116388 59945 50  6 44  0  0 2026-10-01 08:54:28
 0  0      0 28761100  17744 453436    0    0     0     0 109414 62384 51  5 43  0  0 2026-10-01 08:54:29
16  0      0 28535712  17744 454300    0    0     0     0 121485 63621 48  7 45  0  0 2026-10-01 08:54:30
 2  0      0 28464144  17744 454740    0    0     0     0 119559 73707 42  7 51  0  0 2026-10-01 08:54:31
 3  0      0 28459168  17752 455236    0    0     0  1216 111521 56827 51  5 43  0  0 2026-10-01 08:54:32
 6  0      0 28176564  17752 456012    0    0     0     4 128788 52836 51  7 42  0  0 2026-10-01 08:54:33
 7  0      0 28152440  17752 456364    0    0     0     0 112350 53930 53  5 42  0  0 2026-10-01 08:54:34
 6  0      0 28144612  17752 456884    0    0     0     0 118046 69023 39  5 56  0  0 2026-10-01 08:54:35
16  0      0 27924672  17752 457460    0    0     0     0 128111 48886 55  5 40  0  0 2026-10-01 08:54:36
 5  0      0 27922360  17760 457908    0    0     0    28 115827 54159 52  5 43  0  0 2026-10-01 08:54:37
16  0      0 27913348  17760 458404    0    0     0     0 122115 64983 43  7 50  0  0 2026-10-01 08:54:38
 9  0      0 27741968  17760 458848    0    0     0     8 131721 58875 49  7 45  0  0 2026-10-01 08:54:39
 0  0      0 27668020  17760 459208    0    0     0     0 120661 55862 50  6 44  0  0 2026-10-01 08:54:40
16  0      0 27664720  17760 459528    0    0     0     0 117922 60372 47  6 48  0  0 2026-10-01 08:54:41
 1  0      0 27638316  17760 459984    0    0     0     0 123239 65415 42  6 52  0  0 2026-10-01 08:54:42
16  0      0 27557592  17768 460456    0    0     0    20 122686 53043 52  6 42  0  0 2026-10-01 08:54:43
16  0      0 27513664  17768 460912    0    0     0     0 118093 55467 49  6 45  0  0 2026-10-01 08:54:44
procs -----------memory---------- ---swap-- -----io---- -system-- ------cpu----- -----timestamp-----
 r  b   swpd   free   buff  cache   si   so    bi    bo   in   cs us sy id wa st                 UTC
 5  0      0 27445120  17768 461352    0    0     0     4 130673 67430 39  6 55  0  0 2026-10-01 08:54:45
 5  0      0 27327352  17768 461800    0    0     0     0 128300 57269 52  6 42  0  0 2026-10-01 08:54:46
13  0      0 27324416  17768 461896    0    0     0     0 130760 77331 39  6 55  0  0 2026-10-01 08:54:47
 9  0      0 27203008  17776 462424    0    0     0    12 130192 57199 55  7 39  0  0 2026-10-01 08:54:48
10  0      0 27135196  17776 462832    0    0     0     0 126551 54991 57  6 38  0  0 2026-10-01 08:54:49
 0  0      0 27131948  17776 463352    0    0     0     0 128132 76222 35  5 60  0  0 2026-10-01 08:54:50
 0  0      0 27045384  17776 463792    0    0     0     4 126867 53563 55  7 38  0  0 2026-10-01 08:54:51
16  0      0 27044656  17776 463824    0    0     0     0 121955 69966 40  5 55  0  0 2026-10-01 08:54:52
 6  0      0 26935644  17776 464312    0    0     0     0 128567 54031 51  6 43  0  0 2026-10-01 08:54:53
16  0      0 26846468  17784 464544    0    0     0    12 127528 54792 53  6 41  0  0 2026-10-01 08:54:54
16  0      0 26835968  17784 464640    0    0     0     0 122652 73274 33  5 62  0  0 2026-10-01 08:54:55
 0  0      0 26723496  17784 465328    0    0     0     0 125375 45046 60  6 34  0  0 2026-10-01 08:54:56
 1  0      0 26721256  17784 465440    0    0     0     4 132380 82842 31  6 62  0  0 2026-10-01 08:54:57
 3  0      0 26612784  17784 465936    0    0     0     0 131253 56326 58  6 36  0  0 2026-10-01 08:54:58
16  0      0 26608900  17784 466000    0    0     0     0 132205 80497 38  6 56  0  0 2026-10-01 08:54:59
 9  0      0 26449752  17792 466496    0    0     0    12 137142 57190 55  7 39  0  0 2026-10-01 08:55:00
16  0      0 26446820  17792 466728    0    0     0     0 129054 73085 41  6 53  0  0 2026-10-01 08:55:01
16  0      0 26337540  17792 466984    0    0     0     0 131601 61484 46  6 49  0  0 2026-10-01 08:55:02
16  0      0 26336784  17792 466984    0    0     0     4 120318 70639 37  5 58  0  0 2026-10-01 08:55:03
 5  0      0 26195232  17792 467568    0    0     0     0 126282 48931 50  7 43  0  0 2026-10-01 08:55:04
16  0      0 26189968  17792 467632    0    0     0     0 120815 69276 37  6 57  0  0 2026-10-01 08:55:05
procs -----------memory---------- ---swap-- -----io---- -system-- ------cpu----- -----timestamp-----
 r  b   swpd   free   buff  cache   si   so    bi    bo   in   cs us sy id wa st                 UTC
 5  0      0 26159564  17800 467928    0    0     0   204 117569 56650 51  6 43  0  0 2026-10-01 08:55:06
 3  0      0 26158864  17800 468104    0    0     0     0 122907 73973 33  6 62  0  0 2026-10-01 08:55:07
 0  0      0 26006460  17800 468112    0    0     0    36 120635 53566 50  7 43  0  0 2026-10-01 08:55:08
 1  0      0 31097604  17800 465776    0    0     0     4 39085 3019  0  5 95  0  0 2026-10-01 08:55:09
 0  0      0 31221608  17800 440228    0    0     0     0 55083  518  0  2 98  0  0 2026-10-01 08:55:10
 0  0      0 31221608  17800 440228    0    0     0     0 1854  127  0  0 100  0  0 2026-10-01 08:55:11
 0  0      0 31221608  17808 440228    0    0     0    28  107  148  0  0 100  0  0 2026-10-01 08:55:12
 1  0      0 31217860  17808 440232    0    0     0     0  121  141  0  0 100  0  0 2026-10-01 08:55:13
