procs -----------memory---------- ---swap-- -----io---- -system-- ------cpu----- -----timestamp-----
 r  b   swpd   free   buff  cache   si   so    bi    bo   in   cs us sy id wa st                 UTC
 1  0      0 1234532  79844 899892    0    0   229  2904 11595 3377 40 10 48  2  0 2026-10-01 10:16:25
 0  1      0 1346352  79880 755624    0    0     0 44012 2546 5897  1  4 76 19  0 2026-10-01 10:16:26
 1  3      0 1552612  80000 583988    0    0     0 59920 4875 10822 31  5 30 34  0 2026-10-01 10:16:27
 0  0      0 1549336  80064 586276    0    0     0 13840 3928 7435 15  4 65 17  0 2026-10-01 10:16:28
 0  0      0 1549336  80064 586392    0    0     0  1364  201  350  0  0 99  2  0 2026-10-01 10:16:29
 0  0      0 1549336  80064 586392    0    0     0   260   47   49  0  0 100  0  0 2026-10-01 10:16:30
 0  1      0 1546956  80100 588384    0    0     0  1192 4372 4859 10  2 83  5  0 2026-10-01 10:16:31
 0  0      0 1543660  80120 591912    0    0     0  1928 6997 7326 18  2 72  8  0 2026-10-01 10:16:32
 4  0      0 1539872  80148 596228    0    0     0  1600 9958 10359 24  3 67  6  0 2026-10-01 10:16:33
 0  0      0 1537156  80180 601540    0    0     0  1608 11637 11028 29  5 60  6  0 2026-10-01 10:16:34
 1  2      0 1532784  80196 607388    0    0     0   828 14200 12321 36  8 54  3  0 2026-10-01 10:16:35
 0  0      0 1521792  80220 611824    0    0     0   948 14548 13220 38  6 53  3  0 2026-10-01 10:16:36
 0  0      0 1519984  80244 619544    0    0     0  1536 19475 17272 48  9 39  4  0 2026-10-01 10:16:37
 2  0      0 1518804  80244 625068    0    0     0   612 18610 17382 39  5 53  2  0 2026-10-01 10:16:38
 6  0      0 1516996  80256 632708    0    0     0   724 22709 19204 55  9 34  2  0 2026-10-01 10:16:39
 3  0      0 1516068  80260 638760    0    0     0   604 21567 18205 46  6 48  1  0 2026-10-01 10:16:40
 6  0      0 1512692  80284 646880    0    0     0  1164 25134 20230 58 11 29  3  0 2026-10-01 10:16:41
 4  0      0 1507076  80288 653676    0    0     0   532 25554 20721 52  9 38  1  0 2026-10-01 10:16:42
10  0      0 1501164  80300 662632    0    0     0   800 26018 16230 64 10 25  2  0 2026-10-01 10:16:43
 2  1      0 1498168  80300 669968    0    0     0   408 25701 15461 65 11 22  1  1 2026-10-01 10:16:44
 2  0      0 1496584  80324 679880    0    0     0  1028 28354 13667 72 12 15  2  0 2026-10-01 10:16:45
procs -----------memory---------- ---swap-- -----io---- -system-- ------cpu----- -----timestamp-----
 r  b   swpd   free   buff  cache   si   so    bi    bo   in   cs us sy id wa st                 UTC
 8  0      0 1597216  80332 687320    0    0     0   392 32707 17235 59 11 29  1  0 2026-10-01 10:16:46
 3  0      0 1609456  80336 695988    0    0     0   260 32311 19667 68 13 18  1  0 2026-10-01 10:16:47
 7  0      0 1701192  80344 704752    0    0     0   376 31899 14774 68 13 18  1  0 2026-10-01 10:16:48
 3  0      0 1795412  80344 712744    0    0     0   212 30841 9781 74 13 13  1  0 2026-10-01 10:16:49
 4  0      0 1787544  80344 721908    0    0     0   312 31359 9938 77 10 13  1  0 2026-10-01 10:16:50
 7  0      0 1783788  80344 729696    0    0     0   260 34231 18979 67 12 22  1  0 2026-10-01 10:16:51
 3  0      0 1777444  80344 738524    0    0     0    80 32218 10370 72 11 17  0  0 2026-10-01 10:16:52
 3  0      0 1772276  80348 746776    0    0     0   284 35299 15222 68 15 17  1  0 2026-10-01 10:16:53
 4  0      0 1765008  80364 755972    0    0     0   796 34490 11507 69 14 14  2  0 2026-10-01 10:16:54
 3  0      0 1742172  80368 763840    0    0     0   224 31662 5225 83 14  3  1  0 2026-10-01 10:16:55
 5  0      0 1731136  80376 773356    0    0     0   256 35442 5885 78 16  5  0  0 2026-10-01 10:16:56
 3  0      0 1723632  80376 780220    0    0     0   236 38477 19014 65 10 25  1  0 2026-10-01 10:16:57
 0  0      0 1712304  80376 789116    0    0     0  3700 39037 10390 73 16 11  0  0 2026-10-01 10:16:58
 5  0      0 1704012  80376 796196    0    0     0   204 38844 13468 63 19 18  0  0 2026-10-01 10:16:59
 3  0      0 1696968  80376 802844    0    0     0     0 38731 16290 60 16 24  0  0 2026-10-01 10:17:00
 4  0      0 1637048  80380 810924    0    0     4     0 40332 9544 72 21  7  0  0 2026-10-01 10:17:01
 0  0      0 1561220  80380 817536    0    0     0     0 40456 15123 58 20 22  0  0 2026-10-01 10:17:02
 2  0      0 1490912  80384 822816    0    0     0 43716 38144 17274 62 16 21  0  0 2026-10-01 10:17:03
 6  0      0 1464564  80384 828300    0    0     0     0 39921 14708 60 17 23  0  0 2026-10-01 10:17:04
 2  0      0 1453712  80388 836920    0    0     0  1824 38513 8459 72 16 12  1  0 2026-10-01 10:17:05
 3  0      0 1448308  80388 841196    0    0     0     8 41522 21745 47 16 36  0  1 2026-10-01 10:17:06
procs -----------memory---------- ---swap-- -----io---- -system-- ------cpu----- -----timestamp-----
 r  b   swpd   free   buff  cache   si   so    bi    bo   in   cs us sy id wa st                 UTC
 4  0      0 1442960  80388 844912    0    0     0     0 42823 25035 48 16 36  0  0 2026-10-01 10:17:07
 3  1      0 1435384  80388 850200    0    0     0 179060 40444 21380 59 18 21  2  0 2026-10-01 10:17:08
 0  0      0 1426940  80388 855856    0    0     0 26204 40357 15017 56 17 28  0  0 2026-10-01 10:17:09
 4  0      0 1422488  80388 859096    0    0     0   168 44708 28101 43 15 42  0  0 2026-10-01 10:17:10
 2  0      0 1413708  80388 865432    0    0     0   356 42584 13865 68 16 15  0  0 2026-10-01 10:17:11
 0  0      0 1373568  80388 871040    0    0     0     0 41119 14958 62 19 19  0  0 2026-10-01 10:17:12
 0  0      0 1331260  80388 873880    0    0     0   352 43483 25405 35 13 51  0  0 2026-10-01 10:17:13
 2  0      0 1254664  80388 879552    0    0     0     0 40857 11277 69 13 18  0  0 2026-10-01 10:17:14
 0  0      0 1194560  80388 884048    0    0     0     8 35175 5255 77 14  9  0  0 2026-10-01 10:17:15
 3  0      0 1191788  80388 886988    0    0     0     0 43028 26138 44 16 40  0  0 2026-10-01 10:17:16
 0  0      0 1188516  80388 890720    0    0     0     0 45223 24832 43 17 41  0  0 2026-10-01 10:17:17
 2  0      0 1183980  80388 895424    0    0     0   116 41985 21837 60 16 24  0  0 2026-10-01 10:17:18
 0  0      0 1178140  80388 899320    0    0     0     0 41339 24128 42 17 41  0  0 2026-10-01 10:17:19
 0  0      0 1174024  80388 902028    0    0     0     0 43836 27910 41 16 42  0  0 2026-10-01 10:17:20
 2  0      0 1169080  80388 906144    0    0     0    12 42627 21053 54 17 29  0  0 2026-10-01 10:17:21
 0  0      0 1165804  80388 909244    0    0     0     0 41106 27239 33 17 50  0  0 2026-10-01 10:17:22
 0  0      0 1161436  80388 912448    0    0     0   204 43645 21293 55 17 28  0  0 2026-10-01 10:17:23
 0  0      0 1156984  80388 916384    0    0     0     0 41430 23383 42 16 42  0  0 2026-10-01 10:17:24
 2  0      0 1152880  80388 918660    0    0     0     0 44457 29010 43 16 42  0  0 2026-10-01 10:17:25
 0  0      0 1149644  80388 921884    0    0     0     0 41369 26147 37 14 49  0  0 2026-10-01 10:17:26
 3  0      0 1145696  80388 924724    0    0     0     8 42485 23545 46 17 37  0  0 2026-10-01 10:17:27
procs -----------memory---------- ---swap-- -----io---- -system-- ------cpu----- -----timestamp-----
 r  b   swpd   free   buff  cache   si   so    bi    bo   in   cs us sy id wa st                 UTC
 2  0      0 1093840  80388 928184    0    0     0   108 44221 25387 38 21 41  0  0 2026-10-01 10:17:28
 0  0      0 1029452  80388 931812    0    0     0     0 41123 18430 55 17 28  0  0 2026-10-01 10:17:29
 2  0      0 971492  80388 934772    0    0     0     0 38489 15316 59 20 22  0  0 2026-10-01 10:17:30
 1  0      0 968732  80388 936772    0    0    20     0 45380 24908 42 16 42  0  0 2026-10-01 10:17:31
 2  0      0 968732  80388 936736    0    0     0     0 18664 13509  5  6 89  0  0 2026-10-01 10:17:32
 0  0      0 1020700  80388 924796    0    0     0   148 51681 37807  9 19 73  0  0 2026-10-01 10:17:33
 0  0      0 1020700  80388 924796    0    0     0 14196  160  197  0  0 97  3  0 2026-10-01 10:17:34
 0  0      0 1020700  80388 924796    0    0     0     0   35   39  0  0 100  0  0 2026-10-01 10:17:35
 0  0      0 1020700  80388 924796    0    0     0     0   27   29  0  0 100  0  0 2026-10-01 10:17:36
