procs -----------memory---------- ---swap-- -----io---- -system-- ------cpu----- -----timestamp-----
 r  b   swpd   free   buff  cache   si   so    bi    bo   in   cs us sy id wa st                 UTC
 1  0      0 1145056  83848 959848    0    0   198  2845 11741 3694 39 10 49  2  0 2026-10-01 10:16:25
 0  1      0 1255564  83884 852524    0    0     0 39644 2461 5648  1  3 77 19  0 2026-10-01 10:16:26
 5  0      0 1507820  84000 642908    0    0     0 74248 5748 12555 21  9 35 36  0 2026-10-01 10:16:27
 0  0      0 1506184  84072 645200    0    0     0 16788 4401 8624 25  3 56 16  0 2026-10-01 10:16:28
 0  0      0 1506184  84072 645208    0    0     0     0   31   49  0  0 100  0  0 2026-10-01 10:16:29
 0  0      0 1506184  84072 645208    0    0     0     0   20   22  0  0 100  0  0 2026-10-01 10:16:30
 0  0      0 1503440  84084 646196    0    0     0   540 6211 8257  9  2 87  2  0 2026-10-01 10:16:31
 3  0      0 1499240  84116 649308    0    0     0  1744 15569 20586 21  4 69  7  0 2026-10-01 10:16:32
 0  0      0 1495848  84136 653084    0    0     0  1500 16962 21644 27  6 61  5  0 2026-10-01 10:16:33
 0  1      0 1492892  84152 657656    0    0     0  1244 18119 21400 31  6 58  5  0 2026-10-01 10:16:34
 2  0      0 1489740  84156 661920    0    0     0   752 18647 21552 35  5 58  3  0 2026-10-01 10:16:35
 1  1      0 1485580  84184 667576    0    0     0  1160 20552 21353 43  7 47  3  0 2026-10-01 10:16:36
 8  0      0 1482652  84192 672256    0    0     0   748 20924 22681 35  7 56  2  0 2026-10-01 10:16:37
 2  1      0 1468484  84196 678456    0    0     0   700 22120 20491 55  9 35  1  0 2026-10-01 10:16:38
 6  0      0 1463008  84220 682824    0    0     0   396 22675 24391 35  6 57  1  1 2026-10-01 10:16:39
 2  0      0 1454564  84228 690148    0    0     0   704 25375 22597 55  9 34  1  0 2026-10-01 10:16:40
 1  0      0 1449076  84236 695172    0    0     0   384 25455 25138 40  9 51  1  0 2026-10-01 10:16:41
 7  0      0 1440896  84240 702304    0    0     0   636 27686 24990 54 11 33  2  0 2026-10-01 10:16:42
 5  0      0 1433936  84268 708176    0    0     0   696 27691 25684 48 10 41  1  0 2026-10-01 10:16:43
 4  0      0 1424288  84268 716004    0    0     0   564 27181 20574 59  9 31  1  0 2026-10-01 10:16:44
 5  0      0 1417804  84268 721620    0    0     0   220 28568 24577 51  9 40  0  0 2026-10-01 10:16:45
procs -----------memory---------- ---swap-- -----io---- -system-- ------cpu----- -----timestamp-----
 r  b   swpd   free   buff  cache   si   so    bi    bo   in   cs us sy id wa st                 UTC
10  0      0 1450164  84272 729120    0    0     0   544 28946 15513 68 10 21  1  0 2026-10-01 10:16:46
 5  0      0 1516468  84276 735756    0    0     0   324 32328 23655 52 14 34  1  0 2026-10-01 10:16:47
 4  0      0 1585592  84280 743272    0    0     0   432 32095 19540 61 12 26  1  0 2026-10-01 10:16:48
 9  0      0 1584232  84284 750060    0    0     0   368 31566 22393 55 13 32  1  0 2026-10-01 10:16:49
 5  0      0 1682868  84284 758000    0    0     0   444 32298 17182 64 11 23  1  0 2026-10-01 10:16:50
 3  0      0 1758932  84304 765608    0    0     0   420 31650 13428 74 13 14  0  0 2026-10-01 10:16:51
12  0      0 1757320  84304 772316    0    0     0   252 32885 21210 58 14 29  1  0 2026-10-01 10:16:52
 3  0      0 1756156  84320 780676    0    0     0   464 34170 17194 66 14 19  1  0 2026-10-01 10:16:53
 4  0      0 1754516  84320 786392    0    0     0     0 34954 25655 52 12 36  0  0 2026-10-01 10:16:54
 3  0      0 1746684  84320 795248    0    0     0     0 33362 11069 73 14 13  0  0 2026-10-01 10:16:55
 4  0      0 1743000  84320 801168    0    0     0   228 34768 21250 54 12 35  0  0 2026-10-01 10:16:56
 5  0      0 1737804  84320 808348    0    0     0   960 35770 17971 60 14 26  0  0 2026-10-01 10:16:57
 0  0      0 1728884  84320 815084    0    0     0     8 33863 9548 79 10 10  0  0 2026-10-01 10:16:58
 3  0      0 1725144  84324 820788    0    0     0   144 37720 22452 53 13 34  0  0 2026-10-01 10:16:59
 5  0      0 1721196  84324 826660    0    0     0     0 39524 22995 53 17 30  0  0 2026-10-01 10:17:00
 4  0      0 1710972  84328 833500    0    0     4     0 38906 19896 62 18 20  0  0 2026-10-01 10:17:01
 0  0      0 1707948  84328 838300    0    0     0     0 39057 23841 48 15 37  0  0 2026-10-01 10:17:02
 2  0      0 1698064  84328 842416    0    0     0 48504 38823 26054 52 14 32  3  0 2026-10-01 10:17:03
 6  0      0 1683572  84328 848368    0    0     0   192 38732 19466 50 17 33  0  0 2026-10-01 10:17:04
 4  0      0 1631996  84328 852844    0    0     0     0 39960 22639 48 15 37  0  0 2026-10-01 10:17:05
 2  0      0 1587168  84340 856504    0    0     0   112 37340 25723 37 17 46  1  0 2026-10-01 10:17:06
procs -----------memory---------- ---swap-- -----io---- -system-- ------cpu----- -----timestamp-----
 r  b   swpd   free   buff  cache   si   so    bi    bo   in   cs us sy id wa st                 UTC
 4  0      0 1524516  84340 861296    0    0     0     8 34751 10992 67 16 17  0  0 2026-10-01 10:17:07
 0  0      0 1518396  84340 865952    0    0     0 91544 38522 23172 51 14 33  3  0 2026-10-01 10:17:08
 5  0      0 1515120  84340 869004    0    0     0     0 38052 26639 38 12 50  0  0 2026-10-01 10:17:09
 2  0      0 1511452  84340 872080    0    0     0     8 39523 27316 43 14 43  0  0 2026-10-01 10:17:10
 3  0      0 1503260  84340 879076    0    0     0   120 40967 18986 64 17 19  0  0 2026-10-01 10:17:11
 0  0      0 1499312  84340 882688    0    0     0   240 42689 32686 42 12 46  0  0 2026-10-01 10:17:12
 0  0      0 1497296  84340 884768    0    0     0 40480 39898 29886 27 14 57  2  0 2026-10-01 10:17:13
 3  0      0 1487520  84340 889476    0    0     0     0 39721 19153 62 13 25  0  0 2026-10-01 10:17:14
 2  0      0 1479880  84340 895856    0    0     0     0 39979 17807 57 15 28  0  0 2026-10-01 10:17:15
 0  0      0 1478144  84340 897480    0    0     0   128 39847 31004 29 11 60  0  0 2026-10-01 10:17:16
 0  0      0 1454708  84340 899612    0    0     0     0 42198 31929 30 13 56  0  1 2026-10-01 10:17:17
 5  0      0 1398776  84340 903780    0    0     0 19076 37277 18864 52 15 32  0  0 2026-10-01 10:17:18
 2  0      0 1343336  84340 907300    0    0     0     0 34606 19529 55 15 30  0  0 2026-10-01 10:17:19
 4  0      0 1324812  84340 910572    0    0     0     0 38573 22568 47 13 39  0  0 2026-10-01 10:17:20
 2  0      0 1322040  84340 913108    0    0     0   112 41266 31071 34 15 51  0  0 2026-10-01 10:17:21
 3  0      0 1320024  84340 915232    0    0     0    12 37881 27105 31 12 57  0  0 2026-10-01 10:17:22
 2  0      0 1314996  84344 918232    0    0     0 20112 39869 25257 41 15 43  1  0 2026-10-01 10:17:23
 1  0      0 1310320  84344 921896    0    0     0     0 38346 24603 47 12 41  0  0 2026-10-01 10:17:24
 0  0      0 1305908  84344 925160    0    0     0     0 41617 29346 39 17 45  0  0 2026-10-01 10:17:25
 0  0      0 1304144  84344 926904    0    0     0     0 38256 28828 28 14 57  0  0 2026-10-01 10:17:26
 2  0      0 1302156  84344 928724    0    0     0     0 40020 31011 32 12 56  0  0 2026-10-01 10:17:27
procs -----------memory---------- ---swap-- -----io---- -system-- ------cpu----- -----timestamp-----
 r  b   swpd   free   buff  cache   si   so    bi    bo   in   cs us sy id wa st                 UTC
 0  0      0 1298712  84344 931312    0    0     0  1560 41227 28967 35 14 51  0  0 2026-10-01 10:17:28
18  0      0 1294736  84344 934868    0    0     0     0 37187 22860 48 16 37  0  0 2026-10-01 10:17:29
 5  0      0 1291052  84344 937908    0    0     0     0 42032 28869 43 16 42  0  0 2026-10-01 10:17:30
 0  0      0 1288796  84344 940032    0    0     0     0 41481 28920 29 15 56  0  0 2026-10-01 10:17:31
 0  0      0 1288544  84344 940008    0    0     0     0 16438 12329  4  5 91  0  0 2026-10-01 10:17:32
 0  0      0 1338136  84344 929820    0    0     0   112 48945 36322  8 16 76  1  0 2026-10-01 10:17:33
 0  0      0 1338136  84344 929820    0    0     0 14880  159  186  0  1 98  2  0 2026-10-01 10:17:34
 0  0      0 1338136  84344 929824    0    0     0     0   44   51  0  0 100  0  0 2026-10-01 10:17:35
