procs -----------memory---------- ---swap-- -----io---- -system-- ------cpu----- -----timestamp-----
 r  b   swpd   free   buff  cache   si   so    bi    bo   in   cs us sy id wa st                 UTC
 0  0      0 31163680  25788 476732    0    0     4     2  165  117 17  4 79  0  0 2026-10-01 10:16:25
 0  0      0 31152452  25788 476760    0    0     0     0 1671 1678  1  0 99  0  0 2026-10-01 10:16:26
 0  0      0 31152452  25796 476760    0    0     0    48  124  201  0  0 100  0  0 2026-10-01 10:16:27
 0  0      0 31147496  25796 476760    0    0     0     0 3950 2289  2  0 98  0  0 2026-10-01 10:16:28
 0  0      0 31147496  25796 476760    0    0     0     4   82  141  0  0 100  0  0 2026-10-01 10:16:29
 0  0      0 31147496  25796 476760    0    0     0     0   67  103  0  0 100  0  0 2026-10-01 10:16:30
 4  0      0 31123304  25796 476760    0    0     0     0 21915 24538  8  1 91  0  0 2026-10-01 10:16:31
 0  0      0 31070412  25796 476760    0    0     0   784 38867 46291 13  2 85  0  0 2026-10-01 10:16:32
 0  0      0 30989448  25804 476760    0    0     0    36 45347 50501 17  2 81  0  0 2026-10-01 10:16:33
 2  0      0 30911972  25804 477048    0    0     0     0 52719 57902 19  2 79  0  0 2026-10-01 10:16:34
 0  0      0 30791740  25804 477624    0    0     0     4 57704 55499 27  3 70  0  0 2026-10-01 10:16:35
 0  0      0 30695544  25804 478600    0    0     0     0 57163 53406 27  2 71  0  0 2026-10-01 10:16:36
 5  0      0 30587320  25804 479632    0    0     0     0 64409 57139 33  3 64  0  0 2026-10-01 10:16:37
 1  0      0 30460368  25804 480448    0    0     0     0 68819 58458 33  3 64  0  0 2026-10-01 10:16:38
13  0      0 30351224  25812 481600    0    0     0    12 73144 62150 34  3 63  0  0 2026-10-01 10:16:39
11  0      0 30249408  25812 482424    0    0     0     0 77046 58134 35  4 61  0  0 2026-10-01 10:16:40
 2  0      0 30164512  25812 483416    0    0     0     4 79882 60529 38  3 59  0  0 2026-10-01 10:16:41
16  0      0 29991696  25812 484152    0    0     0     0 86896 62428 37  4 58  0  0 2026-10-01 10:16:42
16  0      0 29801352  25812 484992    0    0     0     0 88288 59441 43  4 53  0  0 2026-10-01 10:16:43
 0  0      0 29669896  25812 485624    0    0     0     0 86432 59515 41  5 54  0  0 2026-10-01 10:16:44
 1  0      0 29664360  25820 486592    0    0     0    12 82477 63466 41  4 55  0  0 2026-10-01 10:16:45
procs -----------memory---------- ---swap-- -----io---- -system-- ------cpu----- -----timestamp-----
 r  b   swpd   free   buff  cache   si   so    bi    bo   in   cs us sy id wa st                 UTC
 5  0      0 29447304  25820 487328    0    0     0     0 94481 65069 42  5 53  0  0 2026-10-01 10:16:46
 1  0      0 29442576  25820 488128    0    0     0     4 87397 61681 47  4 49  0  0 2026-10-01 10:16:47
 0  0      0 29263940  25820 489088    0    0     0     0 94739 65489 42  5 52  0  0 2026-10-01 10:16:48
 2  0      0 29257724  25820 489632    0    0     0     0 90234 60232 47  4 49  0  0 2026-10-01 10:16:49
17  0      0 28924448  25820 490656    0    0     0     0 99007 57022 48  5 46  0  0 2026-10-01 10:16:50
16  0      0 28920656  25828 491336    0    0     0    12 93048 66641 44  5 51  0  0 2026-10-01 10:16:51
 0  0      0 28764492  25828 491960    0    0     0    44 102162 59591 50  6 44  0  0 2026-10-01 10:16:52
 3  0      0 28756208  25828 492976    0    0     0   356 93680 56621 52  5 43  0  0 2026-10-01 10:16:53
16  0      0 28349256  25828 493528    0    0     0     0 108754 60579 50  7 44  0  0 2026-10-01 10:16:54
16  0      0 28343360  25828 494256    0    0     0     0 101696 58733 51  5 44  0  0 2026-10-01 10:16:55
 2  0      0 28342920  25836 495056    0    0     0    20 102340 64864 44  5 50  0  0 2026-10-01 10:16:56
12  0      0 28109412  25836 495544    0    0     0     0 118192 54078 53  6 41  0  0 2026-10-01 10:16:57
 6  0      0 28103320  25836 496160    0    0     0     0 105736 54119 55  5 40  0  0 2026-10-01 10:16:58
16  0      0 28093920  25836 496744    0    0     0     4 118122 68396 40  6 54  0  0 2026-10-01 10:16:59
 5  0      0 27983068  25836 497104    0    0     0     0 119166 50972 57  6 37  0  0 2026-10-01 10:17:00
16  0      0 27978220  25844 498036    0    0     0    12 115119 57155 53  6 41  0  0 2026-10-01 10:17:01
 1  0      0 27849852  25844 498452    0    0     0     0 121876 59867 51  6 43  0  0 2026-10-01 10:17:02
 5  0      0 27848288  25844 498708    0    0     0     0 116516 72542 35  5 60  0  0 2026-10-01 10:17:03
 3  0      0 27823104  25844 499132    0    0     0     0 116206 55134 53  6 41  0  0 2026-10-01 10:17:04
 8  0      0 27821456  25844 499972    0    0     0     8 112897 53745 53  6 41  0  0 2026-10-01 10:17:05
 0  0      0 27818936  25852 499972    0    0     0    40 118202 75092 32  5 63  0  0 2026-10-01 10:17:06
procs -----------memory---------- ---swap-- -----io---- -system-- ------cpu----- -----timestamp-----
 r  b   swpd   free   buff  cache   si   so    bi    bo   in   cs us sy id wa st                 UTC
 7  0      0 27740380  25852 500476    0    0     0     0 123173 59013 49  6 45  0  0 2026-10-01 10:17:07
 4  0      0 27677576  25852 500604    0    0     0     0 113410 47225 59  6 35  0  0 2026-10-01 10:17:08
 2  0      0 27675196  25852 501412    0    0     0     0 119384 77289 27  6 67  0  0 2026-10-01 10:17:09
 5  0      0 27610228  25852 501444    0    0     0     0 123181 62274 48  6 45  0  0 2026-10-01 10:17:10
16  0      0 27514676  25852 501868    0    0     0     4 125753 59122 53  6 41  0  0 2026-10-01 10:17:11
 4  0      0 27505016  25860 502636    0    0     0    12 128704 78922 36  6 58  0  0 2026-10-01 10:17:12
16  0      0 27417800  25860 502636    0    0     0     0 122553 56879 49  6 45  0  0 2026-10-01 10:17:13
16  0      0 27415172  25860 503124    0    0     0     0 123788 71726 41  6 54  0  0 2026-10-01 10:17:14
 0  0      0 27361300  25860 503748    0    0     0     0 125534 58227 52  6 42  0  0 2026-10-01 10:17:15
 3  0      0 27243876  25860 503748    0    0     0     0 122819 60571 44  6 51  0  0 2026-10-01 10:17:16
 5  0      0 27228092  25868 504292    0    0     0    16 128413 78655 32  7 62  0  0 2026-10-01 10:17:17
16  0      0 27163524  25868 504748    0    0     0     0 118603 47884 57  6 37  0  0 2026-10-01 10:17:18
 4  0      0 27161592  25868 505108    0    0     0     0 120857 76932 31  6 64  0  0 2026-10-01 10:17:19
 0  0      0 27096128  25868 505188    0    0     0     0 125280 67889 47  6 46  0  0 2026-10-01 10:17:20
 0  0      0 27092044  25868 505692    0    0     0     0 129292 78335 37  6 57  0  0 2026-10-01 10:17:21
 3  0      0 26990980  25868 505860    0    0     0     0 120486 52427 50  6 44  0  0 2026-10-01 10:17:22
 5  0      0 26987592  25876 506412    0    0     0    16 119849 70093 36  8 56  0  0 2026-10-01 10:17:23
 3  0      0 26923672  25876 506508    0    0     0     0 119781 55401 49 11 40  0  0 2026-10-01 10:17:24
15  0      0 26905948  25876 506956    0    0     0     0 114244 48177 44 24 32  0  0 2026-10-01 10:17:25
15  0      0 26822340  25876 507164    0    0     0    36 119965 51972 42 24 34  0  0 2026-10-01 10:17:26
16  0      0 26821132  25876 507292    0    0     0     0 122437 76877 28 11 61  0  0 2026-10-01 10:17:27
procs -----------memory---------- ---swap-- -----io---- -system-- ------cpu----- -----timestamp-----
 r  b   swpd   free   buff  cache   si   so    bi    bo   in   cs us sy id wa st                 UTC
16  1      0 26681384  25884 507508    0    0     0    12 115989 35203 55 21 24  0  0 2026-10-01 10:17:28
11  0      0 26679760  25884 507964    0    0     0     4 111196 62173 27 20 53  0  0 2026-10-01 10:17:29
 5  0      0 26683976  25884 508348    0    0     0     0 117855 53356 52 12 37  0  0 2026-10-01 10:17:30
 0  0      0 26675232  25884 508432    0    0     0     0 109186 42712 30 24 45  0  0 2026-10-01 10:17:31
 0  0      0 31049136  25884 500528    0    0     0   352 39465 3292  0  3 97  0  0 2026-10-01 10:17:32
 0  0      0 31165868  25884 476832    0    0     0     0 45465  408  0  0 100  0  0 2026-10-01 10:17:33
 0  0      0 31165616  25892 476832    0    0     0    48   74  117  0  0 100  0  0 2026-10-01 10:17:34
 0  0      0 31165616  25892 476832    0    0     0     4  105  164  0  0 100  0  0 2026-10-01 10:17:35
 0  0      0 31165616  25892 476836    0    0     0     8   85  114  0  0 100  0  0 2026-10-01 10:17:36
 0  0      0 31165624  25892 476836    0    0     0     0  126  196  0  0 100  0  0 2026-10-01 10:17:37
