procs -----------memory---------- ---swap-- -----io---- -system-- ------cpu----- -----timestamp-----
 r  b   swpd   free   buff  cache   si   so    bi    bo   in   cs us sy id wa st                 UTC
 1  0      0 517808  78600 803276    0    0   250  1057 8723 6684 20 33 46  1  0 2026-10-01 10:16:25
 0  1      0 558880  78720 718408    0    0   600 22140 3535 6821  4  5 68 24  0 2026-10-01 10:16:26
 2  1      0 692564  78868 641316    0    0  2068 38736 5983 12097 40  5 24 31  0 2026-10-01 10:16:27
 0  0      0 689036  78904 642616    0    0     0  9748 3866 6220 11  3 75 11  0 2026-10-01 10:16:28
 0  0      0 689036  78908 642612    0    0     0   212  405  681  0  0 99  1  0 2026-10-01 10:16:29
 0  0      0 689036  78908 642616    0    0     0    76  314  496  0  0 99  0  0 2026-10-01 10:16:30
 1  1      0 682756  78916 645208    0    0     0  2240 15643 13298 20  8 67  5  0 2026-10-01 10:16:31
 0  0      0 669136  78920 649848    0    0     0  2508 27276 22284 31 14 49  6  0 2026-10-01 10:16:32
 0  0      0 658892  78968 655516    0    0     0  2188 34394 25780 37 21 38  5  0 2026-10-01 10:16:33
15  0      0 647228  79020 661016    0    0     0  2192 39247 30293 41 23 33  3  0 2026-10-01 10:16:34
 8  0      0 628256  79108 669380    0    0    28  3204 47914 33556 60 29  8  3  0 2026-10-01 10:16:35
 6  0      0 613204  79156 675388    0    0     0  1872 45537 29913 56 25 18  1  0 2026-10-01 10:16:36
 5  0      0 637584  79180 683576    0    0     0  3316 56988 32387 63 37  0  1  0 2026-10-01 10:16:37
 9  0      0 625132  79204 690836    0    0     0  2812 58692 35442 60 40  0  1  0 2026-10-01 10:16:38
14  0      0 613580  79236 697988    0    0     0  3272 60689 34922 63 36  1  1  0 2026-10-01 10:16:39
 5  0      0 606996  79248 705836    0    0     0  3912 62074 29313 60 38  0  1  0 2026-10-01 10:16:41
 7  0      0 597072  79260 711944    0    0     0  2740 63700 30822 59 41  0  1  0 2026-10-01 10:16:41
 8  0      0 588896  79268 718972    0    0     0 56816 70451 29120 53 46  0  0  0 2026-10-01 10:16:42
 6  0      0 575884  79272 724136    0    0     0  2404 72071 33109 55 45  1  0  0 2026-10-01 10:16:43
13  0      0 563256  79280 730104    0    0     0  2480 69641 24600 52 47  0  1  0 2026-10-01 10:16:44
 3  0      0 548876  79280 734492    0    0     0  1372 73241 28969 57 43  0  0  0 2026-10-01 10:16:45
procs -----------memory---------- ---swap-- -----io---- -system-- ------cpu----- -----timestamp-----
 r  b   swpd   free   buff  cache   si   so    bi    bo   in   cs us sy id wa st                 UTC
 4  0      0 543416  79292 740724    0    0     0  2512 76302 30078 48 51  0  0  0 2026-10-01 10:16:46
14  0      0 527568  79304 746640    0    0     0  1612 73955 22031 54 46  0  0  0 2026-10-01 10:16:47
 6  0      0 515492  79312 750976    0    0     0  2292 78830 25424 53 46  1  1  0 2026-10-01 10:16:48
13  0      0 508508  79320 757768    0    0     0  2264 78678 25334 49 51  1  0  0 2026-10-01 10:16:50
 5  0      0 492224  79332 763100    0    0     0  1280 80589 20531 50 50  0  0  0 2026-10-01 10:16:51
 4  0      0 480208  79336 766236    0    0     0  1480 79334 24348 52 49  0  0  0 2026-10-01 10:16:52
 4  0      0 471476  79348 772392    0    0     0  1516 81714 18925 46 54  0  1  0 2026-10-01 10:16:53
12  0      0 452100  79352 776180    0    0     0  1144 82147 16890 48 52  0  0  0 2026-10-01 10:16:54
 8  0      0 438184  79368 780196    0    0     0  1188 83662 20702 48 53  0  0  0 2026-10-01 10:16:55
 4  0      0 432184  79388 785068    0    0     0  1092 83405 12340 46 54  0  0  0 2026-10-01 10:16:56
 7  0      0 421636  79408 788916    0    0     0   924 81711 12474 48 52  0  0  0 2026-10-01 10:16:57
 4  0      0 412224  79420 791420    0    0     0 47816 84246 11202 44 56  0  0  0 2026-10-01 10:16:58
 4  0      0 432164  79424 796792    0    0     0  1360 84555 8244 41 59  0  0  0 2026-10-01 10:16:59
 5  0      0 463632  79440 800396    0    0     0   928 81882 4610 43 57  0  0  0 2026-10-01 10:17:00
 4  0      0 434252  79444 805252    0    0     0   876 88260 5860 39 62  0  0  0 2026-10-01 10:17:01
 4  0      0 431216  79452 808792    0    0     4   860 88111 6123 42 58  0  0  0 2026-10-01 10:17:02
 4  0      0 416496  79464 811572    0    0     0  7224 83994 7986 50 50  0  0  0 2026-10-01 10:17:03
 4  0      0 436564  79464 815332    0    0     0  1360 83299 9678 42 59  0  0  0 2026-10-01 10:17:04
 4  0      0 420388  79472 819676    0    0     0   912 82108 4968 44 57  0  0  0 2026-10-01 10:17:05
 4  0      0 410092  79472 822988    0    0     0   812 83550 3775 41 59  0  0  0 2026-10-01 10:17:06
 6  0      0 396016  79476 826568    0    0     0   808 77078 5882 40 60  0  0  0 2026-10-01 10:17:07
procs -----------memory---------- ---swap-- -----io---- -system-- ------cpu----- -----timestamp-----
 r  b   swpd   free   buff  cache   si   so    bi    bo   in   cs us sy id wa st                 UTC
 4  0      0 387976  79492 830256    0    0     0   816 84142 4537 41 59  0  0  0 2026-10-01 10:17:08
 4  0      0 382780  79520 835328    0    0     0   864 83128 3921 46 54  0  0  0 2026-10-01 10:17:09
 5  0      0 361876  79540 837808    0    0     0   820 76790 4500 45 55  0  0  0 2026-10-01 10:17:10
 4  0      0 359412  79548 841048    0    0     0   952 82853 4668 42 58  0  0  0 2026-10-01 10:17:11
 5  0      0 376540  79556 843996    0    0     0   844 91349 4545 41 59  0  0  0 2026-10-01 10:17:12
13  0      0 353672  79556 846288    0    0     0   788 85711 4417 46 54  0  0  0 2026-10-01 10:17:13
 5  0      0 342080  79564 850240    0    0     0   728 80477 5732 37 63  0  0  0 2026-10-01 10:17:14
 4  0      0 326268  79572 853408    0    0     0   744 88111 8424 42 58  0  0  0 2026-10-01 10:17:15
 4  0      0 317528  79580 856968    0    0     0   908 82510 3333 39 61  0  0  0 2026-10-01 10:17:16
 8  0      0 331580  79592 861156    0    0     0   876 80052 7535 37 63  0  0  0 2026-10-01 10:17:17
 4  0      0 316616  79604 863520    0    0     0   908 82633 8789 41 59  0  0  0 2026-10-01 10:17:18
 5  0      0 278804  79768 866452    0    0     0 55188 87711 4513 43 57  0  0  0 2026-10-01 10:17:19
10  0      0 267744  79772 870076    0    0     0   812 81138 5093 43 58  0  0  0 2026-10-01 10:17:20
 5  0      0 264984  79784 873480    0    0     0   852 82470 5731 41 58  0  0  0 2026-10-01 10:17:21
 9  0      0 289316  79800 878124    0    0     0   844 82713 5048 40 60  0  0  0 2026-10-01 10:17:22
 4  0      0 273484  79816 879988    0    0     0  1100 77650 7661 41 60  0  0  0 2026-10-01 10:17:23
 4  0      0 239628  79828 883564    0    0     0   736 81523 3561 45 56  0  0  0 2026-10-01 10:17:24
 4  0      0 231576  79840 887556    0    0     0   844 80711 3899 41 59  0  0  0 2026-10-01 10:17:25
 5  0      0 204396  79840 891252    0    0     0   740 81250 5436 39 62  0  0  0 2026-10-01 10:17:26
 5  0      0 164856  79844 893600    0    0     0   708 77615 4815 41 60  0  0  0 2026-10-01 10:17:27
 5  0      0 127320  79848 896048    0    0     0   672 79262 4029 45 55  0  0  0 2026-10-01 10:17:28
procs -----------memory---------- ---swap-- -----io---- -system-- ------cpu----- -----timestamp-----
 r  b   swpd   free   buff  cache   si   so    bi    bo   in   cs us sy id wa st                 UTC
 4  0      0 103948  79832 897436    0    0     0   676 82592 3783 42 58  0  0  0 2026-10-01 10:17:29
 8  0      0 118484  79692 871156    0    0  1968 27060 79568 6175 43 57  0  0  0 2026-10-01 10:17:30
 4  0      0 157264  79688 873924    0    0    84   784 84076 6456 36 64  0  0  0 2026-10-01 10:17:31
 4  0      0 150840  79688 876960    0    0   304   684 78608 9752 42 59  0  0  0 2026-10-01 10:17:32
 5  0      0 196148  79692 873812    0    0   112   504 26555 12110 22 28 50  1  0 2026-10-01 10:17:33
 0  0      0 566616  79696 806280    0    0  3652     0 70190 29398 21 57 22  0  0 2026-10-01 10:17:34
