procs -----------memory---------- ---swap-- -----io---- -system-- ------cpu----- -----timestamp-----
 r  b   swpd   free   buff  cache   si   so    bi    bo   in   cs us sy id wa st                 UTC
 1  0      0 2459508  74240 1078700    0    0    72   472 2664 1073  9  2 88  0  0 2026-10-01 09:19:08
 4  0      0 2447972  74424 1037336    0    0   132 17612 3280 6167 30  5 57  8  0 2026-10-01 09:19:09
 0  0      0 2407652  74568 1039348    0    0     0 13548 3989 7295 18  4 64 16  0 2026-10-01 09:19:10
 0  0      0 2407652  74568 1039348    0    0     0     0   35   56  0  0 100  0  0 2026-10-01 09:19:11
 0  0      0 2407652  74568 1039348    0    0     0     0   26   36  0  0 100  0  0 2026-10-01 09:19:12
 0  0      0 2397348  74600 1041016    0    0     0   916 3508 3403 11  3 84  3  0 2026-10-01 09:19:13
 0  0      0 2363156  74760 1046216    0    0     0  2700 8235 7572 24  5 61 11  0 2026-10-01 09:19:14
 1  0      0 2322444  74844 1050608    0    0     0  1740 10266 10085 25  6 63  5  0 2026-10-01 09:19:15
 0  0      0 2278228  74896 1055524    0    0     0   916 12407 12000 29  6 62  3  0 2026-10-01 09:19:16
 0  0      0 2248684  74948 1060420    0    0     0   732 13843 13197 35  5 57  3  0 2026-10-01 09:19:17
 0  0      0 2237788  75056 1066792    0    0     0  1548 16860 17177 39  6 50  5  0 2026-10-01 09:19:18
 7  0      0 2206656  75092 1072672    0    0     0   628 18026 16933 41  8 50  2  0 2026-10-01 09:19:19
 1  0      0 2143092  75124 1079344    0    0     0  1116 20801 18948 44 11 42  3  0 2026-10-01 09:19:20
 4  0      0 2069380  75172 1087360    0    0     0  1164 22203 16483 51 12 34  4  0 2026-10-01 09:19:21
 9  0      0 2029420  75208 1094052    0    0     0   512 22145 17305 54 10 35  2  0 2026-10-01 09:19:22
 6  0      0 2018232  75244 1102232    0    0     0   928 24432 19076 58  9 31  2  0 2026-10-01 09:19:23
 4  0      0 2006728  75276 1110108    0    0     0   564 25611 18866 58 10 31  2  0 2026-10-01 09:19:24
 8  0      0 1951984  75304 1118808    0    0     0   852 27938 19455 61 13 25  2  0 2026-10-01 09:19:25
10  0      0 1872196  75316 1126740    0    0     0   404 27967 18318 59 12 28  1  0 2026-10-01 09:19:26
 3  0      0 1788488  75332 1134792    0    0     0   624 28235 15358 62 14 23  1  1 2026-10-01 09:19:27
 5  0      0 1748560  75364 1144260    0    0     0   748 27547 10115 77 11 11  2  0 2026-10-01 09:19:28
procs -----------memory---------- ---swap-- -----io---- -system-- ------cpu----- -----timestamp-----
 r  b   swpd   free   buff  cache   si   so    bi    bo   in   cs us sy id wa st                 UTC
 3  0      0 1736560  75396 1153168    0    0     0  1036 30814 18282 66 12 19  2  0 2026-10-01 09:19:29
 7  0      0 1723552  75396 1162508    0    0     0     0 32203 16712 70 14 16  0  0 2026-10-01 09:19:30
 8  0      0 1709884  75400 1171980    0    0     0   816 32355 15315 71 13 13  2  0 2026-10-01 09:19:31
 3  0      0 1623640  75412 1182016    0    0     0   360 32183 10023 74 17  9  1  0 2026-10-01 09:19:32
 3  0      0 1523512  75416 1191596    0    0     0   512 33754 13325 71 19 11  1  0 2026-10-01 09:19:33
 4  1      0 1428884  75416 1199184    0    0     0    48 31834 9618 77 14 10  0  0 2026-10-01 09:19:34
 3  0      0 1416644  75420 1209340    0    0     0 54600 35246 9048 81 15  5  0  0 2026-10-01 09:19:35
 5  0      0 1406088  75428 1218332    0    0     0   228 37233 12643 74 13 13  0  0 2026-10-01 09:19:36
 4  0      0 1396032  75432 1227228    0    0     0   260 36121 11838 71 14 15  0  0 2026-10-01 09:19:37
 3  0      0 1385476  75432 1236420    0    0     0     8 36421 9819 74 16 11  0  0 2026-10-01 09:19:38
 6  0      0 1371752  75432 1245652    0    0     0   284 36515 10499 74 13 12  0  0 2026-10-01 09:19:39
 4  0      0 1306988  75432 1252120    0    0     0 137780 41076 19105 63 17 17  4  0 2026-10-01 09:19:40
 3  0      0 1214640  75432 1260408    0    0     0     0 40695 13943 67 20 13  0  0 2026-10-01 09:19:41
 3  0      0 1133132  75432 1267100    0    0     0     0 41059 15312 61 20 19  0  0 2026-10-01 09:19:42
 8  0      0 1071392  75432 1273704    0    0     0     0 37072 6922 72 19  9  0  0 2026-10-01 09:19:43
 6  0      0 1061504  75432 1280800    0    0     0   180 41896 12107 70 16 14  0  1 2026-10-01 09:19:44
 2  0      0 1054448  75432 1287064    0    0     0     0 41375 17674 64 15 21  0  0 2026-10-01 09:19:45
 2  0      0 1045892  75432 1294484    0    0     0     0 42141 14485 66 16 17  0  0 2026-10-01 09:19:46
 3  0      0 1039604  75432 1300152    0    0     0     0 45574 25119 51 16 33  0  0 2026-10-01 09:19:47
 5  0      0 1031568  75436 1306728    0    0     0   144 40487 11747 69 18 14  0  0 2026-10-01 09:19:48
 2  0      0 1024776  75440 1313096    0    0     0  3060 45935 25074 50 17 32  0  0 2026-10-01 09:19:49
procs -----------memory---------- ---swap-- -----io---- -system-- ------cpu----- -----timestamp-----
 r  b   swpd   free   buff  cache   si   so    bi    bo   in   cs us sy id wa st                 UTC
 4  0      0 1018728  75440 1318720    0    0     0     8 41927 20575 51 18 31  0  0 2026-10-01 09:19:50
 0  0      0 1011712  75440 1324360    0    0     0     0 42314 17502 60 15 25  0  0 2026-10-01 09:19:51
 2  0      0 949244  75440 1329936    0    0     0     0 41883 17986 56 16 29  0  0 2026-10-01 09:19:52
 2  0      0 874404  75440 1334364    0    0     0     0 44369 21586 58 22 20  0  0 2026-10-01 09:19:53
 2  0      0 805480  75440 1339396    0    0     0   120 42871 21648 52 17 30  0  0 2026-10-01 09:19:54
 3  0      0 759112  75440 1342808    0    0     0   140 38241 11141 64 17 19  0  0 2026-10-01 09:19:55
 2  0      0 751848  75440 1349328    0    0     0     8 44663 19902 57 19 24  0  0 2026-10-01 09:19:56
 3  0      0 746308  75440 1354120    0    0     0     0 43300 19569 61 13 26  0  0 2026-10-01 09:19:57
 0  0      0 740776  75440 1358856    0    0     0     0 46964 26536 50 16 33  0  0 2026-10-01 09:19:58
 6  0      0 734768  75440 1363948    0    0     0     0 45399 25223 59 13 27  0  0 2026-10-01 09:19:59
 2  0      0 730736  75440 1367760    0    0     0   116 45248 23760 50 20 30  0  0 2026-10-01 09:20:00
 0  0      0 724308  75440 1372288    0    0     0     0 45358 21588 53 19 28  0  0 2026-10-01 09:20:01
 5  0      0 719576  75440 1375916    0    0     0    12 45135 27982 44 18 37  0  1 2026-10-01 09:20:02
 2  0      0 712504  75440 1380788    0    0     0     0 42923 20747 56 18 26  0  0 2026-10-01 09:20:03
 0  0      0 690000  75444 1383860    0    0     0   292 43937 26727 40 18 42  1  0 2026-10-01 09:20:04
 3  0      0 683200  75444 1385932    0    0     0     0 46361 32768 31 16 53  0  0 2026-10-01 09:20:05
 1  0      0 680216  75444 1388352    0    0     0 21696 43521 26885 50 13 36  0  0 2026-10-01 09:20:06
 2  0      0 675120  75444 1391204    0    0     0     8 48779 32717 38 17 45  0  0 2026-10-01 09:20:07
 3  0      0 637320  75444 1393192    0    0     0     8 43383 27507 36 16 48  0  0 2026-10-01 09:20:08
 0  0      0 576992  75448 1396372    0    0     0   128 42317 20796 53 15 31  0  0 2026-10-01 09:20:09
 0  0      0 518868  75456 1400336    0    0     0   216 45002 27399 41 17 42  0  0 2026-10-01 09:20:10
procs -----------memory---------- ---swap-- -----io---- -system-- ------cpu----- -----timestamp-----
 r  b   swpd   free   buff  cache   si   so    bi    bo   in   cs us sy id wa st                 UTC
 2  0      0 455420  75456 1402220    0    0     0 92672 39328 14497 62 17 22  0  0 2026-10-01 09:20:11
 0  0      0 450352  75456 1404320    0    0     0   196 46995 31983 35 19 46  0  0 2026-10-01 09:20:12
 0  0      0 445816  75456 1407444    0    0     0     0 43274 26148 39 17 44  0  0 2026-10-01 09:20:13
 0  0      0 445312  75456 1407852    0    0     0    28 30903 21425 10 11 79  0  0 2026-10-01 09:20:14
 0  0      0 537604  75456 1394552    0    0     0   192 49635 37417  8 19 72  0  0 2026-10-01 09:20:15
 0  0      0 533888  75456 1394556    0    0     0 40328  437  583  0  1 95  3  0 2026-10-01 09:20:16
