procs -----------memory---------- ---swap-- -----io---- -system-- ------cpu----- -----timestamp-----
 r  b   swpd   free   buff  cache   si   so    bi    bo   in   cs us sy id wa st                 UTC
 1  0      0 1146528  25184 380364    0    0   175   383 2465 1438  8  8 84  0  0 2026-10-01 09:19:08
 4  0      0 1084536  25716 407752    0    0 20204 14652 3512 6554 24  7 56 13  0 2026-10-01 09:19:09
 0  0      0 1029124  26912 410084    0    0     4 18688 5497 8862 30  5 46 19  0 2026-10-01 09:19:10
 0  0      0 1029124  26932 410064    0    0     0   156  329  534  0  1 99  0  1 2026-10-01 09:19:11
 0  0      0 1029124  26948 410100    0    0     0   132  278  455  0  0 100  1  0 2026-10-01 09:19:12
 2  0      0 1018536  27256 411980    0    0     0  6764 11496 10703 13  6 79  3  0 2026-10-01 09:19:13
 0  0      0 1005008  27380 413884    0    0     0   884 24186 16153 13  9 77  2  0 2026-10-01 09:19:14
 0  0      0 977548  27588 417428    0    0     0  1528 29662 20772 23 14 60  4  0 2026-10-01 09:19:15
 0  0      0 949592  27848 421228    0    0     0  1544 35462 24573 24 20 53  4  0 2026-10-01 09:19:16
12  0      0 913500  27988 425840    0    0     0  1024 42628 28953 33 24 41  2  0 2026-10-01 09:19:17
 0  0      0 884128  28084 429580    0    0     0   824 44908 29187 30 26 43  1  0 2026-10-01 09:19:18
 6  0      0 846872  28188 434428    0    0     0   928 49563 29733 40 27 32  1  0 2026-10-01 09:19:19
 6  0      0 834288  28252 438920    0    0     0   612 55276 34248 33 32 34  1  0 2026-10-01 09:19:20
 4  0      0 822596  28324 443948    0    0     0   620 59974 35983 37 32 30  1  0 2026-10-01 09:19:21
11  0      0 808848  28444 448776    0    0     0   844 63183 34604 38 36 27  0  0 2026-10-01 09:19:22
 5  0      0 775556  28544 453920    0    0     0   848 66652 37567 41 38 21  1  0 2026-10-01 09:19:23
 9  0      0 730560  28612 459392    0    0     0   680 70634 35887 43 45 12  1  0 2026-10-01 09:19:24
 9  0      0 679544  28752 464916    0    0     0  1496 72435 36054 43 48  9  0  0 2026-10-01 09:19:25
18  0      0 622452  28960 471632    0    0     0  1964 72648 32545 55 44  1  1  0 2026-10-01 09:19:26
 8  0      0 573872  29032 477124    0    0     0  1140 76425 33309 49 50  0  0  0 2026-10-01 09:19:27
 7  0      0 559872  29116 483448    0    0     0  1172 77214 27556 51 49  0  0  0 2026-10-01 09:19:28
procs -----------memory---------- ---swap-- -----io---- -system-- ------cpu----- -----timestamp-----
 r  b   swpd   free   buff  cache   si   so    bi    bo   in   cs us sy id wa st                 UTC
10  0      0 544808  29204 489128    0    0     0  1696 78829 34291 51 48  0  0  0 2026-10-01 09:19:29
 6  0      0 531928  29312 494748    0    0     0 52704 79310 24477 52 46  2  1  0 2026-10-01 09:19:30
 7  0      0 518824  29432 500188    0    0     0  1480 82400 27505 49 51  0  0  0 2026-10-01 09:19:31
 7  0      0 505832  29544 505644    0    0     0  1344 80982 22379 52 48  0  0  0 2026-10-01 09:19:32
 7  0      0 481516  29600 510192    0    0     0  1004 84762 26235 43 57  0  0  0 2026-10-01 09:19:33
 6  0      0 434532  29648 515216    0    0     0  1028 82056 22399 45 55  0  0  0 2026-10-01 09:19:34
 7  0      0 387116  29708 520376    0    0     0  1000 83068 13203 43 57  0  0  0 2026-10-01 09:19:35
 9  0      0 344420  29756 524828    0    0     0  1020 84391 14633 44 56  0  0  0 2026-10-01 09:19:36
 8  0      0 294652  29844 529200    0    0     0  1152 86228 15324 45 55  0  0  0 2026-10-01 09:19:37
 8  0      0 243768  29908 532452    0    0     0  1052 84395 10907 47 53  0  0  0 2026-10-01 09:19:38
 8  0      0 231720  29988 536992    0    0     0  1084 84555 10352 44 57  0  0  0 2026-10-01 09:19:39
 9  0      0 217840  30060 541100    0    0     0 31696 80335 9726 42 58  0  0  0 2026-10-01 09:19:40
 5  0      0 208300  30136 544708    0    0     0  1124 83278 5924 42 58  0  0  0 2026-10-01 09:19:41
 7  0      0 196920  30200 548912    0    0     0  1068 86381 7162 42 58  0  0  0 2026-10-01 09:19:42
 6  0      0 182860  30228 552280    0    0     0  1028 86336 5870 42 59  0  0  0 2026-10-01 09:19:43
 6  0      0 170348  30280 555888    0    0     0  1020 85964 5003 40 60  0  0  0 2026-10-01 09:19:44
 4  0      0 163988  30344 559736    0    0     0  1072 83835 6089 40 60  0  0  0 2026-10-01 09:19:45
 7  0      0 151920  30404 563552    0    0     0   852 88444 7697 38 62  0  0  0 2026-10-01 09:19:46
 5  0      0 142548  30484 567460    0    0     0   816 86540 9412 36 64  1  0  0 2026-10-01 09:19:47
 4  0      0 129744  30544 570196    0    0     0   748 86685 8129 41 59  0  0  0 2026-10-01 09:19:48
 4  0      0 108120  30588 573308    0    0     0   676 87401 13307 34 66  0  0  0 2026-10-01 09:19:49
procs -----------memory---------- ---swap-- -----io---- -system-- ------cpu----- -----timestamp-----
 r  b   swpd   free   buff  cache   si   so    bi    bo   in   cs us sy id wa st                 UTC
 6  0      0 112940  29564 546164    0    0    16   680 81623 4820 38 62  0  0  0 2026-10-01 09:19:50
 4  0      0 114672  28720 534200    0    0     0 27928 88024 9511 35 65  0  0  0 2026-10-01 09:19:51
 4  0      0 122584  27368 490508    0    0     0   544 82614 4590 38 62  0  0  0 2026-10-01 09:19:52
13  0      0 115404  26156 468088    0    0   184  7076 88670 12480 35 65  0  0  0 2026-10-01 09:19:53
 4  0      0 118336  24792 427784    0    0   192   576 80305 4269 43 58  0  0  0 2026-10-01 09:19:54
 4  0      0 114996  24808 429704    0    0     0   440 83994 5571 37 63  0  0  0 2026-10-01 09:19:55
 5  0      0 117012  24844 432756    0    0     0   456 89388 12450 34 66  0  0  0 2026-10-01 09:19:56
 7  0      0 108688  24304 422096    0    0     0   392 83788 5037 37 63  0  0  0 2026-10-01 09:19:57
 9  0      0 116556  24284 423912    0    0   316   400 92345 19196 32 69  0  0  0 2026-10-01 09:19:58
 4  0      0 111100  23832 416464    0    0     0 11988 88143 7729 37 63  0  0  0 2026-10-01 09:19:59
 4  0      0 117068  23288 408576    0    0   964   440 87652 13015 36 65  0  0  0 2026-10-01 09:20:00
 4  0      0 109896  23308 411132    0    0     0   384 86832 9487 33 67  0  0  0 2026-10-01 09:20:01
 7  0      0 117908  23252 411960    0    0   336  7092 84193 8443 39 61  0  0  0 2026-10-01 09:20:02
 4  0      0 118700  22244 397488    0    0   552  3520 88048 9997 36 64  0  0  0 2026-10-01 09:20:03
 5  0      0 110648  22012 393980    0    0     0   348 79708 5200 41 60  0  0  0 2026-10-01 09:20:04
 4  0      0 114504  21772 389496    0    0     0  3136 84825 16182 31 69  0  0  0 2026-10-01 09:20:05
 5  0      0 116548  21236 379668    0    0     0  3392 86628 15446 33 68  0  0  0 2026-10-01 09:20:06
 4  0      0 116680  21228 379972    0    0     0   372 87865 15627 33 67  0  0  0 2026-10-01 09:20:07
 4  0      0 121748  21232 380792    0    0     0  3888 85950 12176 37 63  0  0  0 2026-10-01 09:20:08
 8  1      0 119992  21060 369568    0    0   140  2520 81925 7994 32 69  0  0  0 2026-10-01 09:20:09
 9  0      0 123672  20504 358212    0    0    16  2660 85275 11712 32 68  0  0  0 2026-10-01 09:20:10
procs -----------memory---------- ---swap-- -----io---- -system-- ------cpu----- -----timestamp-----
 r  b   swpd   free   buff  cache   si   so    bi    bo   in   cs us sy id wa st                 UTC
 4  0      0 109836  20128 336348    0    0     0  2332 84664 8939 36 64  0  0  0 2026-10-01 09:20:11
 3  0      0 115456  19772 323732    0    0     0  2084 87922 14610 31 69  0  0  0 2026-10-01 09:20:12
 3  0      0 126156  19504 301852    0    0  3088   544 86610 12187 31 69  0  0  0 2026-10-01 09:20:13
 3  0      0 113808  19528 300704    0    0     0   336 42455 12310 10 36 53  1  0 2026-10-01 09:20:14
 0  0      0 470532  19556 247272    0    0 17352   292 65491 18460 17 63 21  1  0 2026-10-01 09:20:15
