procs -----------memory---------- ---swap-- -----io---- -system-- ------cpu----- -----timestamp-----
 r  b   swpd   free   buff  cache   si   so    bi    bo   in   cs us sy id wa st                 UTC
 0  0      0 31211668  18956 440524    0    0     7     2  193  246 11  2 87  0  0 2026-10-01 09:19:08
 0  0      0 31198844  18956 440532    0    0     0     0 1697 1674  1  0 99  0  0 2026-10-01 09:19:09
 0  0      0 31196632  18956 440532    0    0     0  1144 3916 2796  3  0 97  0  0 2026-10-01 09:19:10
 0  0      0 31196128  18956 440532    0    0     0     0   94  146  0  0 100  0  0 2026-10-01 09:19:11
 0  0      0 31196128  18956 440532    0    0     0     0   73  138  0  0 100  0  0 2026-10-01 09:19:12
 1  0      0 31173952  18964 440524    0    0     0    60 18344 20773  8  1 92  0  0 2026-10-01 09:19:13
 0  0      0 31128648  18964 440532    0    0     0     0 34023 41239 11  1 88  0  0 2026-10-01 09:19:14
 2  0      0 31075560  18964 440468    0    0     0     0 41832 47878 17  1 81  0  0 2026-10-01 09:19:15
 1  0      0 30988088  18964 440628    0    0     0     0 47802 53124 18  2 81  0  0 2026-10-01 09:19:16
 3  0      0 30897932  18964 441140    0    0     0     0 52981 50833 23  2 74  0  0 2026-10-01 09:19:17
 0  0      0 30782968  18964 441748    0    0     0     0 54287 53426 23  2 74  0  0 2026-10-01 09:19:18
 0  0      0 30663092  18972 442652    0    0     0    16 60903 56259 26  3 71  0  0 2026-10-01 09:19:19
12  0      0 30559056  18972 443412    0    0     0     0 65354 59990 31  3 66  0  0 2026-10-01 09:19:20
16  0      0 30430176  18972 444564    0    0     0    16 71943 62034 32  3 65  0  0 2026-10-01 09:19:21
16  0      0 30352980  18972 445300    0    0     0     0 72129 59615 35  3 62  0  0 2026-10-01 09:19:22
16  0      0 30183152  18972 446276    0    0     0     0 79192 57126 38  4 58  0  0 2026-10-01 09:19:23
16  0      0 30108616  18972 447212    0    0     0     0 80074 63378 39  4 57  0  0 2026-10-01 09:19:24
11  0      0 30003728  18980 448028    0    0     0    32 83586 64625 38  4 58  0  0 2026-10-01 09:19:25
 4  0      0 29825928  18980 448828    0    0     0    56 91903 60955 48  5 48  0  0 2026-10-01 09:19:26
 2  0      0 29718552  18980 449900    0    0     0     0 90589 65808 41  5 54  0  0 2026-10-01 09:19:27
16  0      0 29581248  18980 450724    0    0     0     0 92908 58209 49  4 46  0  0 2026-10-01 09:19:28
procs -----------memory---------- ---swap-- -----io---- -system-- ------cpu----- -----timestamp-----
 r  b   swpd   free   buff  cache   si   so    bi    bo   in   cs us sy id wa st                 UTC
 1  0      0 29510276  18980 451908    0    0     0     0 96634 69187 46  5 50  0  0 2026-10-01 09:19:29
 5  0      0 29305988  18980 452436    0    0     0     0 98116 59824 50  5 45  0  0 2026-10-01 09:19:30
16  0      0 29270736  18988 453452    0    0     0    16 92138 60688 51  5 44  0  0 2026-10-01 09:19:31
 3  0      0 28943556  18988 454508    0    0     0     0 102733 53321 54  5 40  0  0 2026-10-01 09:19:32
 6  0      0 28940412  18988 455308    0    0     0     0 95794 61097 53  5 41  0  0 2026-10-01 09:19:33
15  0      0 28674920  18988 456108    0    0     0     0 112158 57733 52  6 42  0  0 2026-10-01 09:19:34
11  0      0 28664600  18988 456956    0    0     0     0 96654 50000 58  5 37  0  0 2026-10-01 09:19:35
16  0      0 28497352  18988 457580    0    0     0     0 114123 55997 56  6 38  0  0 2026-10-01 09:19:36
 6  0      0 28392036  18996 458300    0    0     0    16 105842 52814 57  6 37  0  0 2026-10-01 09:19:37
16  0      0 28287432  18996 459220    0    0     0     0 106416 52290 57  6 38  0  0 2026-10-01 09:19:38
16  0      0 28204252  18996 459548    0    0     0     0 107994 51447 58  6 36  0  0 2026-10-01 09:19:39
16  0      0 28175948  18996 460532    0    0     0     0 112469 65308 42  5 53  0  0 2026-10-01 09:19:40
 8  0      0 28092352  18996 460844    0    0     0     0 114359 51676 55  6 39  0  0 2026-10-01 09:19:41
 1  0      0 28087664  18996 461476    0    0     0     0 110376 48098 59  6 35  0  0 2026-10-01 09:19:42
 0  0      0 28010116  19004 461972    0    0     0    16 118672 57839 52  6 41  0  0 2026-10-01 09:19:43
16  0      0 28007592  19004 462504    0    0     0     0 117953 65211 48  6 46  0  0 2026-10-01 09:19:44
10  0      0 27940572  19004 462880    0    0     0     0 123142 59192 51  6 42  0  0 2026-10-01 09:19:45
 8  0      0 27874332  19004 463464    0    0     0     0 117551 49647 59  6 35  0  0 2026-10-01 09:19:46
16  0      0 27818556  19004 464064    0    0     0     0 123510 58439 55  5 40  0  0 2026-10-01 09:19:47
16  0      0 27810884  19004 464584    0    0     0     0 118619 65814 46  5 48  0  0 2026-10-01 09:19:48
 6  0      0 27742200  19012 464976    0    0     0    20 129394 64513 48  7 45  0  0 2026-10-01 09:19:49
procs -----------memory---------- ---swap-- -----io---- -system-- ------cpu----- -----timestamp-----
 r  b   swpd   free   buff  cache   si   so    bi    bo   in   cs us sy id wa st                 UTC
 5  0      0 27650448  19012 465600    0    0     0     0 122852 55929 52  6 43  0  0 2026-10-01 09:19:50
16  0      0 27558896  19012 465616    0    0     0     0 129536 57919 55  6 38  0  0 2026-10-01 09:19:51
 0  0      0 27551676  19012 466368    0    0     0     0 123238 74927 39  6 56  0  0 2026-10-01 09:19:52
10  0      0 27502988  19012 466464    0    0     0     0 122369 57629 53  7 40  0  0 2026-10-01 09:19:53
16  0      0 27428684  19020 466896    0    0     0    20 120390 62582 47  5 47  0  0 2026-10-01 09:19:54
 3  0      0 27419224  19020 467048    0    0     0     4 124053 74000 40  6 55  0  0 2026-10-01 09:19:55
 3  0      0 27302152  19020 467552    0    0     0     0 127832 54970 59  6 34  0  0 2026-10-01 09:19:56
16  0      0 27299576  19020 468032    0    0     0     0 127536 73833 40  6 54  0  0 2026-10-01 09:19:57
 4  0      0 27258768  19020 468408    0    0     0     0 126168 63321 51  6 42  0  0 2026-10-01 09:19:58
16  0      0 27178724  19020 468880    0    0     0     0 125254 54667 58  6 36  0  0 2026-10-01 09:19:59
 7  0      0 27173180  19028 469224    0    0     0    12 131957 86537 33  6 61  0  0 2026-10-01 09:20:00
11  0      0 27060260  19028 469336    0    0     0    12 127709 54483 57  6 37  0  0 2026-10-01 09:20:01
16  0      0 26984916  19028 469824    0    0     0     0 127040 65021 47  7 47  0  0 2026-10-01 09:20:02
 8  0      0 26955396  19028 470224    0    0     0     0 106673 28069 48 33 19  0  0 2026-10-01 09:20:03
 2  0      0 26954220  19028 470744    0    0     0     0 123926 70938 42  9 48  0  0 2026-10-01 09:20:04
 1  0      0 26953520  19028 470744    0    0     0     0 144364 94764 31  7 62  0  0 2026-10-01 09:20:05
 8  0      0 26951868  19036 470752    0    0     0    32 123608 64615 48 10 42  0  0 2026-10-01 09:20:06
16  0      0 26950412  19036 470784    0    0     0   204 138994 95689 26  7 66  0  0 2026-10-01 09:20:07
16  0      0 26880632  19036 470784    0    0     0     0 121457 42948 55 16 29  0  0 2026-10-01 09:20:08
 5  0      0 26877528  19036 471392    0    0     0     0 121196 59004 31 23 46  0  0 2026-10-01 09:20:09
30  0      0 26837460  19036 471488    0    0     0     0 126653 59806 49 14 37  0  0 2026-10-01 09:20:10
procs -----------memory---------- ---swap-- -----io---- -system-- ------cpu----- -----timestamp-----
 r  b   swpd   free   buff  cache   si   so    bi    bo   in   cs us sy id wa st                 UTC
 2  1      0 26836508  19040 471572    0    0     0    16 128087 74820 28 16 56  0  0 2026-10-01 09:20:11
16  0      0 26745228  19044 471680    0    0     0     4 137485 63431 50  9 42  0  0 2026-10-01 09:20:12
 1  0      0 26740400  19044 472024    0    0     0     4 163341 110645 31 17 52  0  0 2026-10-01 09:20:13
 3  0      0 31113520  19044 460704    0    0     0     0 47237 9838  1  4 95  0  0 2026-10-01 09:20:14
 0  0      0 31226952  19044 440536    0    0     0     0 40528  451  0  1 99  0  0 2026-10-01 09:20:15
 0  0      0 31226952  19044 440536    0    0     0     0   74  133  0  0 100  0  0 2026-10-01 09:20:16
 0  0      0 31226952  19052 440540    0    0     0    28  114  183  0  0 100  0  0 2026-10-01 09:20:17
 0  0      0 31226952  19052 440540    0    0     0     0   76  114  0  0 100  0  0 2026-10-01 09:20:18
 0  0      0 31226952  19052 440544    0    0     0     8   78  126  0  0 100  0  0 2026-10-01 09:20:19
 1  0      0 31205296  19052 440544    0    0     0     0  738  652  1  0 99  0  0 2026-10-01 09:20:20
