procs -----------memory---------- ---swap-- -----io---- -system-- ------cpu----- -----timestamp-----
 r  b   swpd   free   buff  cache   si   so    bi    bo   in   cs us sy id wa st                 UTC
 1  0      0 2546316  69624 974152    0    0    75   480 2694 1056  9  2 88  0  0 2026-10-01 09:19:08
 1  2      0 2553188  69784 938176    0    0     0 17528 3330 5882 31  5 57  8  0 2026-10-01 09:19:09
 0  0      0 2509368  69936 940424    0    0     0 13452 4604 8251 19  4 61 15  0 2026-10-01 09:19:10
 0  0      0 2509368  69936 940424    0    0     0    12   55   63  0  0 100  0  0 2026-10-01 09:19:11
 0  0      0 2509368  69936 940424    0    0     0     0   41   49  1  0 100  0  0 2026-10-01 09:19:12
 1  0      0 2504608  69952 941108    0    0     0   452 4216 5581  5  3 91  1  0 2026-10-01 09:19:13
 3  0      0 2469396  70028 944836    0    0     0  1856 15524 19994 25  5 64  7  0 2026-10-01 09:19:14
 3  0      0 2426904  70096 948712    0    0     0  1600 16397 20098 24  8 62  6  0 2026-10-01 09:19:15
 2  0      0 2376640  70164 953616    0    0     0  1524 18514 21381 31 11 53  6  0 2026-10-01 09:19:16
 5  0      0 2326252  70216 959892    0    0     0  1424 19197 19080 44 11 41  4  0 2026-10-01 09:19:17
 0  1      0 2315344  70260 965376    0    0     0  1024 19310 19749 41  7 48  3  0 2026-10-01 09:19:18
 8  0      0 2298588  70340 972328    0    0     0  1304 22494 22263 47 10 40  3  0 2026-10-01 09:19:19
11  0      0 2228472  70408 979228    0    0     0   984 23293 20323 52  9 36  3  0 2026-10-01 09:19:20
 8  1      0 2162796  70436 985756    0    0     0   944 23910 20456 46 12 40  2  0 2026-10-01 09:19:21
 2  0      0 2122124  70468 994324    0    0     0   776 24193 16132 67 10 21  2  0 2026-10-01 09:19:22
 7  0      0 2112392  70492 1001320    0    0     0   808 26678 22919 52 13 34  2  0 2026-10-01 09:19:23
 7  0      0 2098672  70528 1010064    0    0     0   900 27969 19780 63 12 24  1  0 2026-10-01 09:19:24
 7  0      0 2038288  70540 1017920    0    0     0   312 27994 18956 58 13 27  1  0 2026-10-01 09:19:25
 4  0      0 1951612  70556 1025936    0    0     0   232 29685 18544 62 14 23  1  0 2026-10-01 09:19:26
 5  0      0 1867892  70584 1034428    0    0     0   584 29560 16538 74 14 11  1  0 2026-10-01 09:19:27
 3  0      0 1856156  70612 1043536    0    0     0   480 31797 20277 69 13 17  0  0 2026-10-01 09:19:28
procs -----------memory---------- ---swap-- -----io---- -system-- ------cpu----- -----timestamp-----
 r  b   swpd   free   buff  cache   si   so    bi    bo   in   cs us sy id wa st                 UTC
 9  0      0 1845932  70612 1051552    0    0     0   232 31605 18749 63 14 23  1  1 2026-10-01 09:19:29
 1  0      0 1833680  70624 1061108    0    0     0   412 29901 11477 72 13 15  1  0 2026-10-01 09:19:30
 4  0      0 1820224  70628 1069008    0    0     0   244 33961 21552 64 13 22  1  0 2026-10-01 09:19:31
 3  0      0 1729376  70628 1077436    0    0     0    16 30992 10352 67 17 17  0  0 2026-10-01 09:19:32
 4  0      0 1629960  70644 1086960    0    0     0   432 32339 8571 73 16 11  1  0 2026-10-01 09:19:33
 4  0      0 1563876  70664 1095312    0    0     0   496 31515 8069 81 15  5  1  0 2026-10-01 09:19:34
 9  0      0 1552064  70668 1104692    0    0     0   256 34645 11396 78 14  8  0  0 2026-10-01 09:19:35
 5  0      0 1539000  70672 1113264    0    0     0  1136 35198 12796 70 14 15  0  0 2026-10-01 09:19:36
 4  0      0 1527364  70672 1122300    0    0     0  1976 35714 13007 75 15 11  0  0 2026-10-01 09:19:37
 5  0      0 1517408  70672 1129952    0    0     0     8 37442 17090 62 18 21  0  0 2026-10-01 09:19:38
 5  0      0 1492528  70672 1139152    0    0     0     0 36698 11795 72 18 10  0  0 2026-10-01 09:19:39
 2  0      0 1420116  70672 1144968    0    0     0 58984 39122 18948 55 20 24  1  0 2026-10-01 09:19:40
 2  0      0 1338720  70684 1152340    0    0     0   688 40851 16977 63 19 18  1  0 2026-10-01 09:19:41
 4  0      0 1239764  70684 1158776    0    0     0     0 35973 8262 73 17 11  0  0 2026-10-01 09:19:42
 7  0      0 1218904  70692 1165536    0    0     0   140 40767 13113 64 15 21  1  0 2026-10-01 09:19:43
11  0      0 1209748  70692 1172768    0    0     0   152 42476 17047 69 13 18  0  0 2026-10-01 09:19:44
 2  0      0 1200980  70696 1180008    0    0     0 162448 42770 18035 63 17 17  3  0 2026-10-01 09:19:45
 2  0      0 1193672  70700 1186800    0    0     0   216 39927 15065 65 16 18  0  0 2026-10-01 09:19:46
 3  0      0 1188128  70700 1192072    0    0     0     0 42511 24953 49 17 34  0  0 2026-10-01 09:19:47
 0  0      0 1178716  70700 1198608    0    0     0     0 38907 12388 67 14 19  0  0 2026-10-01 09:19:48
 3  0      0 1173172  70700 1203568    0    0     0     0 44802 26035 48 19 32  0  0 2026-10-01 09:19:49
procs -----------memory---------- ---swap-- -----io---- -system-- ------cpu----- -----timestamp-----
 r  b   swpd   free   buff  cache   si   so    bi    bo   in   cs us sy id wa st                 UTC
 4  0      0 1167640  70700 1208180    0    0     0    12 40926 23690 49 16 35  0  0 2026-10-01 09:19:50
 0  0      0 1135636  70700 1214088    0    0     0   112 41090 14700 65 18 17  0  0 2026-10-01 09:19:51
 3  0      0 1069876  70700 1219288    0    0     0     0 42657 22502 51 17 32  0  0 2026-10-01 09:19:52
 2  0      0 1005804  70700 1222520    0    0     0     0 42934 24462 50 19 32  0  0 2026-10-01 09:19:53
 2  0      0 942564  70700 1227320    0    0     0     0 41009 22111 51 16 33  0  0 2026-10-01 09:19:54
 2  0      0 902748  70700 1231336    0    0     0     0 38385 12175 72 14 14  0  0 2026-10-01 09:19:55
 6  0      0 895204  70712 1237372    0    0     0   268 45981 22021 53 18 29  0  0 2026-10-01 09:19:56
 2  0      0 890164  70716 1241756    0    0     0   124 41745 20272 58 15 27  0  0 2026-10-01 09:19:57
 2  0      0 885380  70716 1245928    0    0     0     0 47646 29821 47 15 38  0  0 2026-10-01 09:19:58
 3  0      0 877676  70716 1252256    0    0     0     0 41337 15801 65 15 20  0  0 2026-10-01 09:19:59
 4  0      0 873224  70716 1255404    0    0     0     0 45307 29859 44 18 38  0  0 2026-10-01 09:20:00
 6  0      0 868716  70716 1259568    0    0     0     0 45629 26992 50 17 33  0  0 2026-10-01 09:20:01
 4  0      0 864192  70720 1262704    0    0     0   128 44535 32220 38 16 46  0  0 2026-10-01 09:20:02
 4  0      0 858940  70720 1267860    0    0     0     0 40343 15617 68 16 17  0  0 2026-10-01 09:20:03
 1  0      0 837028  70720 1271524    0    0     0     0 42501 26072 42 19 39  0  0 2026-10-01 09:20:04
 0  0      0 829832  70720 1273300    0    0     0     0 46061 33777 28 14 58  0  0 2026-10-01 09:20:05
 0  0      0 824288  70720 1275268    0    0     0     0 43190 28406 43 16 41  0  0 2026-10-01 09:20:06
 0  0      0 820396  70720 1277816    0    0     0   132 46761 32599 31 16 53  0  0 2026-10-01 09:20:07
 1  0      0 792956  70720 1279384    0    0     0     8 43968 32217 31 16 53  0  0 2026-10-01 09:20:08
 0  0      0 730628  70720 1282564    0    0     0     0 41341 20308 55 17 28  0  0 2026-10-01 09:20:09
 2  0      0 674376  70720 1286472    0    0     0     0 42646 25943 41 16 42  0  0 2026-10-01 09:20:10
procs -----------memory---------- ---swap-- -----io---- -system-- ------cpu----- -----timestamp-----
 r  b   swpd   free   buff  cache   si   so    bi    bo   in   cs us sy id wa st                 UTC
 2  0      0 613392  70720 1288788    0    0     0 16536 38234 14075 64 16 19  1  0 2026-10-01 09:20:11
 0  0      0 610424  70720 1290640    0    0     0   124 46112 33513 30 15 55  1  0 2026-10-01 09:20:12
 0  0      0 607232  70720 1292716    0    0     0     0 42798 26492 38 15 47  0  0 2026-10-01 09:20:13
 0  0      0 607232  70720 1292840    0    0     0     8 30029 22039  7 10 83  0  1 2026-10-01 09:20:14
 0  0      0 699248  70720 1280004    0    0     0     0 48064 35802 10 17 73  0  0 2026-10-01 09:20:15
 0  0      0 698996  70720 1280004    0    0     0 75728  709  957  1  0 94  6  0 2026-10-01 09:20:16
 0  0      0 698744  70720 1280008    0    0     0   164   35   46  0  0 100  0  0 2026-10-01 09:20:17
 0  0      0 695280  70720 1280012    0    0     0   660  200  185  0  0 99  0  0 2026-10-01 09:20:18
