procs -----------memory---------- ---swap-- -----io---- -system-- ------cpu----- -----timestamp-----
 r  b   swpd   free   buff  cache   si   so    bi    bo   in   cs us sy id wa st                 UTC
 1  0      0 2533000  73332 986820    0    0    70   554 3028 1262 10  3 87  0  0 2026-10-01 09:26:30
 0  2      0 2552148  73336 945380    0    0     0   308  493  723  1  2 97  1  0 2026-10-01 09:26:31
 2  0      0 2487416  73596 948496    0    0     0 29596 6070 11376 49  6 23 23  0 2026-10-01 09:26:32
 0  0      0 2485680  73600 949008    0    0     0   368  924  992  2  1 96  2  0 2026-10-01 09:26:33
 0  0      0 2485680  73600 949008    0    0     0     8   42   53  0  0 100  0  0 2026-10-01 09:26:34
 0  0      0 2485680  73600 949008    0    0     0     0   31   34  1  0 100  0  0 2026-10-01 09:26:35
 0  0      0 2435868  73676 953212    0    0     0  2160 15177 18724 31  6 56  7  0 2026-10-01 09:26:36
 1  0      0 2401200  73708 956916    0    0     0  1592 15567 19333 25  7 62  6  0 2026-10-01 09:26:37
 3  0      0 2387212  73804 962576    0    0     0  3284 19305 21884 39  8 46  7  0 2026-10-01 09:26:38
 3  0      0 2333260  73868 968324    0    0     0  1692 20086 21621 40  8 47  5  0 2026-10-01 09:26:39
 1  0      0 2300176  73876 973696    0    0     0   592 20459 20894 44  8 46  2  0 2026-10-01 09:26:40
 8  0      0 2293340  73944 980036    0    0     0  1228 22318 22489 48  7 42  4  1 2026-10-01 09:26:41
 3  0      0 2259672  73988 987056    0    0     0  1024 24515 23659 53 10 34  3  0 2026-10-01 09:26:42
 3  0      0 2169652  74040 994856    0    0     0   956 24594 19188 60 13 24  2  0 2026-10-01 09:26:43
12  0      0 2158716  74056 1001528    0    0     0   488 24822 20476 50 11 37  2  0 2026-10-01 09:26:44
 5  0      0 2147808  74084 1009232    0    0     0   960 26958 21631 62  8 27  3  0 2026-10-01 09:26:45
 4  0      0 2111060  74108 1016788    0    0     0   656 28552 23312 58 14 28  1  0 2026-10-01 09:26:46
 4  0      0 2027872  74120 1024748    0    0     0   424 29516 21008 62 13 24  0  0 2026-10-01 09:26:47
10  0      0 1973336  74132 1032712    0    0     0   676 27756 16692 70 12 16  1  0 2026-10-01 09:26:48
 6  0      0 1961420  74168 1041780    0    0     0   860 30396 19721 70 12 18  1  0 2026-10-01 09:26:49
 9  0      0 1950972  74172 1049328    0    0     0   400 28457 17068 62 10 27  1  0 2026-10-01 09:26:50
procs -----------memory---------- ---swap-- -----io---- -system-- ------cpu----- -----timestamp-----
 r  b   swpd   free   buff  cache   si   so    bi    bo   in   cs us sy id wa st                 UTC
 7  0      0 1918320  74184 1058580    0    0     0   452 31211 16470 71 11 17  1  0 2026-10-01 09:26:51
 4  0      0 1826156  74192 1067528    0    0     0   600 31627 14909 67 17 15  1  0 2026-10-01 09:26:52
 3  0      0 1758912  74192 1076148    0    0     0     4 27964 6459 79 13  8  0  0 2026-10-01 09:26:53
 3  0      0 1746000  74208 1085500    0    0     0   776 31937 12800 72 13 14  1  0 2026-10-01 09:26:54
 3  0      0 1734812  74208 1094568    0    0     0     0 32684 11499 74 13 14  0  0 2026-10-01 09:26:55
 4  1      0 1721216  74212 1103572    0    0     0   436 32625 11066 71 12 15  2  0 2026-10-01 09:26:56
 3  0      0 1665528  74212 1112712    0    0     0   240 34225 11750 75 14 10  0  0 2026-10-01 09:26:57
 6  0      0 1565440  74212 1121776    0    0     0    12 35735 11857 70 16 14  0  0 2026-10-01 09:26:58
 3  0      0 1503668  74220 1130332    0    0     0  2492 32759 3700 82 17  1  1  0 2026-10-01 09:26:59
 4  0      0 1492200  74220 1139604    0    0     0     0 36549 9787 74 19  8  0  0 2026-10-01 09:27:00
 3  0      0 1482160  74224 1147912    0    0     0   372 37218 12137 72 14 13  1  0 2026-10-01 09:27:01
 4  0      0 1473128  74224 1156088    0    0     0 74948 38018 12391 68 17 14  2  0 2026-10-01 09:27:02
 2  0      0 1463564  74224 1162684    0    0     0    12 42523 24053 55 20 25  0  1 2026-10-01 09:27:03
 2  0      0 1433840  74224 1170196    0    0     0     0 39490 14330 73 15 13  0  0 2026-10-01 09:27:04
 2  0      0 1334828  74224 1178796    0    0     0     4 40785 8196 69 22  9  0  0 2026-10-01 09:27:05
 2  0      0 1254048  74224 1185476    0    0     0  1980 38445 11616 61 20 18  0  0 2026-10-01 09:27:06
10  0      0 1232124  74224 1191820    0    0     0 77328 40612 15102 68 17 13  2  0 2026-10-01 09:27:07
 2  0      0 1221872  74224 1198260    0    0     0 71656 42118 15578 69 17 14  0  0 2026-10-01 09:27:08
 3  0      0 1214704  74224 1204004    0    0     0     0 43345 20687 53 17 30  0  0 2026-10-01 09:27:09
 7  0      0 1207228  74224 1210564    0    0     0     0 41436 16545 66 15 20  0  0 2026-10-01 09:27:10
 5  0      0 1199988  74232 1216324    0    0     0   464 43333 20746 52 20 28  0  0 2026-10-01 09:27:11
procs -----------memory---------- ---swap-- -----io---- -system-- ------cpu----- -----timestamp-----
 r  b   swpd   free   buff  cache   si   so    bi    bo   in   cs us sy id wa st                 UTC
 4  0      0 1193784  74232 1221200    0    0     0     0 43502 21442 60 15 25  0  0 2026-10-01 09:27:12
 2  0      0 1188044  74232 1226448    0    0     0     0 43174 23028 52 18 29  0  0 2026-10-01 09:27:13
 8  0      0 1171928  74244 1232020    0    0     0   260 41470 18876 61 15 24  0  0 2026-10-01 09:27:14
 2  0      0 1106772  74244 1236536    0    0     0     0 43276 21538 51 21 28  0  0 2026-10-01 09:27:15
 3  0      0 1033452  74244 1241984    0    0     0     0 40453 16966 58 18 24  0  0 2026-10-01 09:27:16
 0  0      0 976248  74244 1246160    0    0     0     0 38547 11471 67 16 17  0  0 2026-10-01 09:27:17
 2  0      0 970464  74244 1250756    0    0     0     0 45093 26690 53 21 26  0  0 2026-10-01 09:27:18
 2  0      0 964204  74244 1256324    0    0     0   124 43485 18349 57 21 22  0  0 2026-10-01 09:27:19
 4  0      0 959668  74244 1260556    0    0     0     0 46169 27434 50 15 35  0  0 2026-10-01 09:27:20
 4  0      0 953900  74244 1265228    0    0     0     0 44574 23208 49 19 32  0  0 2026-10-01 09:27:21
 4  0      0 949136  74244 1269396    0    0     0     0 45025 25223 49 21 30  0  0 2026-10-01 09:27:22
 0  0      0 941324  74244 1274940    0    0     0     0 43631 18402 62 16 22  0  0 2026-10-01 09:27:23
 5  0      0 937404  74244 1277972    0    0     0   112 44417 29088 42 17 41  0  0 2026-10-01 09:27:24
 3  0      0 931872  74244 1282528    0    0     0     0 46009 24101 54 16 29  0  1 2026-10-01 09:27:25
 1  0      0 928372  74244 1285424    0    0     0     0 43307 27848 40 16 44  0  0 2026-10-01 09:27:26
 2  0      0 888112  74244 1289392    0    0     0     0 42900 16942 65 15 20  0  0 2026-10-01 09:27:27
 0  0      0 837920  74244 1293336    0    0     0     0 47787 32474 37 22 41  0  0 2026-10-01 09:27:28
 2  0      0 794296  74244 1294560    0    0     0   108 43442 27608 31 16 53  1  0 2026-10-01 09:27:29
 0  0      0 753280  74244 1296360    0    0     0     0 40484 26434 33 15 52  0  0 2026-10-01 09:27:30
 2  0      0 696944  74244 1299320    0    0     0     0 38675 8733 73 18  9  0  0 2026-10-01 09:27:31
 3  0      0 694424  74244 1301740    0    0     0     0 47188 34269 33 18 49  0  0 2026-10-01 09:27:32
procs -----------memory---------- ---swap-- -----io---- -system-- ------cpu----- -----timestamp-----
 r  b   swpd   free   buff  cache   si   so    bi    bo   in   cs us sy id wa st                 UTC
 2  0      0 689272  74244 1303444    0    0     0 28044 44414 27603 34 18 47  1  0 2026-10-01 09:27:33
 0  0      0 684384  74244 1306572    0    0     0   152 45950 26573 52 16 31  0  0 2026-10-01 09:27:34
 5  0      0 678124  74244 1310364    0    0     0     4 45068 28521 46 17 37  0  0 2026-10-01 09:27:35
 0  0      0 676388  74244 1311872    0    0     0   128 46340 34801 15 15 70  0  0 2026-10-01 09:27:36
 0  0      0 676388  74244 1310084    0    0     0   148 28568 20469  5 10 86  0  0 2026-10-01 09:27:37
 0  0      0 773620  74244 1298644    0    0     0 64668 30426 22541  5 12 78  6  0 2026-10-01 09:27:38
 0  0      0 773620  74244 1298644    0    0     0     0   41   48  0  0 100  0  0 2026-10-01 09:27:39
