procs -----------memory---------- ---swap-- -----io---- -system-- ------cpu----- -----timestamp-----
 r  b   swpd   free   buff  cache   si   so    bi    bo   in   cs us sy id wa st                 UTC
 1  0      0 1118964  19732 370988    0    0   233   430  239 1607  8  9 82  1  0 2026-10-01 09:26:30
 0  2      0 1102332  19744 374944    0    0 10072   356 1170 2001  3  4 91  2  0 2026-10-01 09:26:31
 0  0      0 1005932  21864 399444    0    0 10484 33204 7912 14383 51  8 12 29  0 2026-10-01 09:26:32
 1  0      0 1005932  21876 399540    0    0     0   192 1250 1292  1  0 99  1  0 2026-10-01 09:26:33
 1  0      0 1005932  21892 399588    0    0     0   140  323  528  0  1 99  1  0 2026-10-01 09:26:34
 1  0      0 1005932  21908 399604    0    0     0   132  259  417  0  0 100  1  0 2026-10-01 09:26:35
 2  0      0 983976  22244 403044    0    0     0  2012 22733 17632 24 12 58  6  0 2026-10-01 09:26:36
 2  0      0 965460  22436 405764    0    0     0  1140 24990 17585 17 10 69  3  0 2026-10-01 09:26:37
15  0      0 943048  22488 408932    0    0     0   592 34230 23410 25 15 59  1  0 2026-10-01 09:26:38
 3  0      0 915416  22644 412716    0    0     0  1108 37440 24941 28 17 52  2  0 2026-10-01 09:26:39
 8  0      0 885356  22740 416580    0    0     0   776 44652 29342 33 21 46  1  1 2026-10-01 09:26:40
14  0      0 872684  22944 421608    0    0     0  1304 46382 29730 37 22 39  2  0 2026-10-01 09:26:41
 7  0      0 861696  23112 426448    0    0     0  1180 54504 33427 35 30 34  2  0 2026-10-01 09:26:42
 5  0      0 967148  23216 431600    0    0     0   772 56568 33872 41 27 30  2  0 2026-10-01 09:26:43
 2  0      0 926612  23268 436560    0    0     0   564 62540 36075 42 33 25  0  0 2026-10-01 09:26:44
10  0      0 892188  23328 441484    0    0     0   616 63871 35694 43 32 24  1  0 2026-10-01 09:26:45
 4  0      0 856376  23384 447568    0    0   647   764 68767 35256 48 43  8  1  0 2026-10-01 09:26:46
 5  0      0 844976  23480 453096    0    0     0   876 69831 35142 44 41 15  1  0 2026-10-01 09:26:47
13  0      0 832300  23548 458624    0    0     0  1164 73527 35280 50 39 12  0  0 2026-10-01 09:26:48
12  0      0 814888  23720 464932    0    0     0  1644 73480 32707 49 42  8  1  0 2026-10-01 09:26:49
10  0      0 781068  23808 470496    0    0     0  1680 78699 20380 42 58  0  0  0 2026-10-01 09:26:50
procs -----------memory---------- ---swap-- -----io---- -system-- ------cpu----- -----timestamp-----
 r  b   swpd   free   buff  cache   si   so    bi    bo   in   cs us sy id wa st                 UTC
 4  0      0 734900  23904 476292    0    0     0  1376 77108 29438 47 51  1  0  0 2026-10-01 09:26:51
 9  0      0 685620  23984 482092    0    0     0 50880 78735 27405 50 50  0  0  0 2026-10-01 09:26:52
 6  0      0 654988  24040 487672    0    0     0  1224 77293 20182 51 49  1  0  0 2026-10-01 09:26:53
13  0      0 636760  24112 493396    0    0     0  1236 80224 22364 47 53  0  0  0 2026-10-01 09:26:54
 4  0      0 626596  24156 498472    0    0     0  1220 80844 23233 46 53  1  0  1 2026-10-01 09:26:55
 5  0      0 613128  24192 503912    0    0     0  1036 80679 19506 49 51  0  0  0 2026-10-01 09:26:56
 4  0      0 606396  24248 509412    0    0     0  1032 82668 17157 50 50  0  0  0 2026-10-01 09:26:57
 4  0      0 596532  24376 514476    0    0     0  1392 82511 16169 49 51  0  0  0 2026-10-01 09:26:58
 4  0      0 555808  24436 519432    0    0     0  1056 84027 16497 44 57  0  0  0 2026-10-01 09:26:59
 4  0      0 514948  24484 523852    0    0     0   984 84213 11984 41 59  0  0  0 2026-10-01 09:27:00
 5  0      0 472448  24532 527468    0    0     0   988 84039 12942 47 53  0  0  0 2026-10-01 09:27:01
 6  0      0 446724  24572 530880    0    0     0  1000 82355 9605 43 57  0  0  0 2026-10-01 09:27:02
 7  0      0 424412  24636 535264    0    0     0  1276 85161 8179 43 57  0  0  0 2026-10-01 09:27:03
 4  0      0 440256  24676 539248    0    0     0  1196 89443 5264 39 62  0  0  0 2026-10-01 09:27:04
 4  0      0 421236  24700 542828    0    0     0  1324 88669 8718 41 59  0  0  0 2026-10-01 09:27:05
 5  0      0 409348  24736 546560    0    0     0  1080 86575 6505 41 59  0  0  0 2026-10-01 09:27:06
 5  0      0 399832  24776 550316    0    0     0 46052 83019 6053 41 59  0  0  0 2026-10-01 09:27:07
 7  0      0 377080  24804 554044    0    0     0  1008 90701 4808 39 61  0  0  0 2026-10-01 09:27:08
 6  0      0 394192  24820 557604    0    0     0   840 84979 8088 37 63  0  0  0 2026-10-01 09:27:09
 8  0      0 375132  24864 561088    0    0     0   796 84566 5108 41 59  0  0  0 2026-10-01 09:27:10
 2  0      0 328464  24900 564688    0    0     0   964 84100 6786 35 65  0  0  0 2026-10-01 09:27:11
procs -----------memory---------- ---swap-- -----io---- -system-- ------cpu----- -----timestamp-----
 r  b   swpd   free   buff  cache   si   so    bi    bo   in   cs us sy id wa st                 UTC
 5  0      0 300024  24916 567336    0    0     0   680 88090 12451 37 64  0  0  0 2026-10-01 09:27:12
 4  0      0 261828  24936 570480    0    0     0   620 82131 4901 43 57  0  0  0 2026-10-01 09:27:13
 4  0      0 230688  24968 573160    0    0     0   600 82779 4898 46 54  0  0  0 2026-10-01 09:27:14
 7  0      0 216388  24984 575876    0    0     0   548 84734 7553 32 68  0  0  0 2026-10-01 09:27:15
 9  0      0 202576  25004 579312    0    0     0   536 87047 8486 36 64  0  0  0 2026-10-01 09:27:16
 4  0      0 184228  25036 582312    0    0     0   552 83831 4322 40 60  0  0  0 2026-10-01 09:27:17
 4  0      0 173680  25084 585064    0    0     0   452 88733 13795 34 66  0  0  0 2026-10-01 09:27:18
 5  0      0 153108  25132 588136    0    0     0   476 83954 4527 37 63  0  0  0 2026-10-01 09:27:19
 5  0      0 136636  25180 591288    0    0     0   444 87906 12845 33 68  0  0  0 2026-10-01 09:27:20
 5  0      0 120476  25220 593888    0    0     0   408 83956 6472 41 60  0  0  0 2026-10-01 09:27:21
 4  0      0 117200  25176 595680    0    0     0   492 89350 15602 32 69  0  0  0 2026-10-01 09:27:22
 5  0      0 114808  25052 594248    0    0     0 32632 85905 10075 37 63  0  0  0 2026-10-01 09:27:23
18  0      0 108560  25056 584512    0    0     0   428 84131 7214 37 63  0  0  0 2026-10-01 09:27:24
11  0      0 114776  25084 586100    0    0     0   356 88224 16569 31 69  0  0  0 2026-10-01 09:27:25
 5  0      0 109548  24404 539816    0    0     4   344 79471 4746 39 61  0  0  0 2026-10-01 09:27:26
 4  0      0 122592  23892 524848    0    0   420   452 89003 12605 28 72  0  0  0 2026-10-01 09:27:27
 4  0      0 109812  23584 505500    0    0   176   300 86136 14307 34 66  0  0  0 2026-10-01 09:27:28
 4  0      0 121696  22768 449284    0    0     0   384 76228 5897 45 55  0  0  0 2026-10-01 09:27:29
 6  0      0 129340  22216 429148    0    0     4 11492 76566 4848 38 62  0  0  0 2026-10-01 09:27:30
 6  0      0 107468  22256 430184    0    0     0   436 84786 14309 28 72  0  0  0 2026-10-01 09:27:31
11  0      0 124196  22288 430256    0    0     0   368 87397 18423 25 75  0  0  0 2026-10-01 09:27:32
procs -----------memory---------- ---swap-- -----io---- -system-- ------cpu----- -----timestamp-----
 r  b   swpd   free   buff  cache   si   so    bi    bo   in   cs us sy id wa st                 UTC
 4  0      0 116096  22192 426564    0    0    16   340 76171 3673 39 61  0  0  0 2026-10-01 09:27:33
 4  0      0 120180  21864 416544    0    0     0   392 90028 18076 27 73  0  0  0 2026-10-01 09:27:34
 4  0      0 106332  21912 417780    0    0     0   492 85398 15682 34 67  0  0  0 2026-10-01 09:27:35
 0  0      0 131300  21808 413580    0    0  1832  8964 67736 15283 20 59 21  0  0 2026-10-01 09:27:36
 3  1      0 216748  21848 403748    0    0  1268   436 41077 13096  9 40 51  1  0 2026-10-01 09:27:37
