procs -----------memory---------- ---swap-- -----io---- -system-- ------cpu----- -----timestamp-----
 r  b   swpd   free   buff  cache   si   so    bi    bo   in   cs us sy id wa st                 UTC
 0  0      0 31210756  19444 440736    0    0     6     2  517  415 12  2 86  0  0 2026-10-01 09:26:30
 0  0      0 31199984  19444 440768    0    0     0     0 1767 1706  1  0 99  0  0 2026-10-01 09:26:31
 0  0      0 31199164  19444 440768    0    0     0     0   95  138  0  0 100  0  0 2026-10-01 09:26:32
 0  0      0 31195244  19444 440768    0    0     0     0 2971 2159  1  0 98  0  0 2026-10-01 09:26:33
 0  0      0 31195244  19444 440768    0    0     0     0   64  115  0  0 100  0  0 2026-10-01 09:26:34
 0  0      0 31202616  19452 440768    0    0     0  1128  397  461  0  0 100  0  0 2026-10-01 09:26:35
 1  0      0 31159272  19452 440768    0    0     0     0 34235 38712 13  1 86  0  0 2026-10-01 09:26:36
 0  0      0 31107948  19452 440768    0    0     0     0 35306 43509 11  1 88  0  0 2026-10-01 09:26:37
 1  0      0 31033116  19452 440896    0    0     0     0 44110 48139 18  2 80  0  0 2026-10-01 09:26:38
 0  0      0 30957128  19452 441248    0    0     0     0 47065 50635 20  1 79  0  0 2026-10-01 09:26:39
 0  0      0 30866996  19452 441920    0    0     0     0 55442 57394 24  2 74  0  0 2026-10-01 09:26:40
 1  0      0 30777340  19460 442832    0    0     0    32 55557 54079 24  2 74  0  0 2026-10-01 09:26:41
 5  0      0 30652928  19460 443632    0    0     0    12 64492 58204 29  3 69  0  0 2026-10-01 09:26:42
12  0      0 30535644  19460 444608    0    0     0     0 68221 60662 31  3 66  0  0 2026-10-01 09:26:43
 9  0      0 30409792  19460 445464    0    0     0     0 70836 58899 35  3 62  0  0 2026-10-01 09:26:44
16  0      0 30289228  19460 446288    0    0     0     0 76581 63412 33  4 63  0  0 2026-10-01 09:26:45
 1  0      0 30149668  19460 447360    0    0     0     0 81221 61192 40  3 57  0  0 2026-10-01 09:26:46
 1  0      0 30080624  19468 448272    0    0     0    80 80501 65323 37  4 59  0  0 2026-10-01 09:26:47
17  0      0 29884288  19468 449064    0    0     0     0 89489 58994 47  4 49  0  0 2026-10-01 09:26:48
 0  0      0 29728188  19468 450032    0    0     0     0 90686 64536 41  5 54  0  0 2026-10-01 09:26:49
 0  0      0 29695544  19468 450984    0    0     0     0 82100 58301 44  4 52  0  0 2026-10-01 09:26:50
procs -----------memory---------- ---swap-- -----io---- -system-- ------cpu----- -----timestamp-----
 r  b   swpd   free   buff  cache   si   so    bi    bo   in   cs us sy id wa st                 UTC
 3  0      0 29520324  19468 451816    0    0     0     0 93819 60863 46  5 49  0  0 2026-10-01 09:26:51
16  0      0 29485916  19468 452664    0    0     0     0 90765 62466 48  5 47  0  0 2026-10-01 09:26:52
 9  0      0 29247272  19476 453544    0    0     0    16 97462 57996 48  5 46  0  0 2026-10-01 09:26:53
 1  0      0 29185084  19476 454448    0    0     0     0 97614 62179 51  4 45  0  0 2026-10-01 09:26:54
 1  0      0 28992488  19476 455216    0    0     0     0 103191 54486 54  5 41  0  0 2026-10-01 09:26:55
 0  0      0 28926832  19476 456024    0    0     0     0 99620 58447 54  5 42  0  0 2026-10-01 09:26:56
 2  0      0 28692740  19476 456920    0    0     0     0 110963 55216 55  6 39  0  0 2026-10-01 09:26:57
16  0      0 28691352  19484 457720    0    0     0    12 96565 55363 56  5 39  0  0 2026-10-01 09:26:58
 3  0      0 28469448  19484 458600    0    0     0     4 116656 56243 55  6 39  0  0 2026-10-01 09:26:59
11  0      0 28402296  19484 459224    0    0     0     0 102565 48428 59  5 36  0  0 2026-10-01 09:27:00
16  0      0 28247292  19484 460008    0    0     0     0 112697 54283 57  6 37  0  0 2026-10-01 09:27:01
 2  0      0 28241712  19484 460872    0    0     0     0 110263 72526 41  5 54  0  0 2026-10-01 09:27:02
 0  0      0 28106428  19492 461392    0    0     0    40 116689 51359 57  6 38  0  0 2026-10-01 09:27:03
 5  0      0 28103252  19492 461800    0    0     0     0 114753 57044 57  6 37  0  0 2026-10-01 09:27:04
16  0      0 28058472  19492 462328    0    0     0     4 117166 55541 58  6 36  0  0 2026-10-01 09:27:05
15  0      0 27953260  19492 462804    0    0     0   188 125557 63294 51  7 42  0  0 2026-10-01 09:27:06
 0  0      0 27923236  19492 463348    0    0     0     0 120059 65613 45  6 49  0  0 2026-10-01 09:27:07
 4  0      0 27896988  19500 463580    0    0     0    28 120007 58159 57  6 37  0  0 2026-10-01 09:27:08
 7  0      0 27845240  19500 464308    0    0     0     0 119482 57067 54  7 40  0  0 2026-10-01 09:27:09
16  0      0 27809868  19500 464828    0    0     0     0 121883 64047 50  6 44  0  0 2026-10-01 09:27:10
16  0      0 27737356  19500 465236    0    0     0     8 122724 63942 46  6 49  0  0 2026-10-01 09:27:11
procs -----------memory---------- ---swap-- -----io---- -system-- ------cpu----- -----timestamp-----
 r  b   swpd   free   buff  cache   si   so    bi    bo   in   cs us sy id wa st                 UTC
14  0      0 27694136  19500 465356    0    0     0     0 122262 58779 55  6 39  0  0 2026-10-01 09:27:12
 2  0      0 27647632  19500 465972    0    0     0     0 123442 61965 52  6 42  0  0 2026-10-01 09:27:13
 2  0      0 27641864  19508 466484    0    0     0    20 120750 71261 38  6 56  0  0 2026-10-01 09:27:14
 6  0      0 27540452  19508 466492    0    0     0     0 126897 59025 53  7 40  0  0 2026-10-01 09:27:15
 8  0      0 27500780  19508 467124    0    0     0     0 122192 56716 57  6 37  0  0 2026-10-01 09:27:16
16  0      0 27496548  19508 467340    0    0     0     4 125832 76335 37  6 57  0  0 2026-10-01 09:27:17
16  0      0 27424720  19508 467732    0    0     0     0 125338 58245 54  6 39  0  0 2026-10-01 09:27:18
 1  0      0 27350140  19508 468292    0    0     0     0 125243 58110 55  6 39  0  0 2026-10-01 09:27:19
 2  0      0 27343952  19516 468564    0    0     0    12 131510 81658 38  6 56  0  0 2026-10-01 09:27:20
 7  0      0 27250124  19516 469132    0    0     0     0 123496 56785 53  7 40  0  0 2026-10-01 09:27:21
16  0      0 27182648  19516 469284    0    0     0     0 133194 70118 47  6 47  0  0 2026-10-01 09:27:22
 5  0      0 27141608  19516 469948    0    0     0     4 125113 65489 45  6 48  0  0 2026-10-01 09:27:23
 0  0      0 27067324  19516 470004    0    0     0     0 125651 62331 51  7 42  0  0 2026-10-01 09:27:24
 2  0      0 27065252  19524 470444    0    0     0    12 131228 80179 40  6 54  0  0 2026-10-01 09:27:25
16  0      0 26971652  19524 470836    0    0     0     0 121443 55811 49  9 42  0  0 2026-10-01 09:27:26
 6  0      0 26969972  19524 470900    0    0     0     0 125992 71080 32 22 46  0  0 2026-10-01 09:27:27
 3  0      0 26956252  19524 471140    0    0     0     0 130849 60738 52 10 37  0  0 2026-10-01 09:27:28
 5  0      0 26954432  19524 471524    0    0     0     4 120746 74790 26 14 60  0  0 2026-10-01 09:27:29
 8  0      0 26918704  19524 471524    0    0     0     0 120685 58715 48  8 44  0  0 2026-10-01 09:27:30
 4  0      0 26917808  19532 471524    0    0     0    12 128393 75419 31 19 50  0  0 2026-10-01 09:27:31
 0  0      0 26851740  19532 471524    0    0     0     0 137424 68007 52  6 42  0  0 2026-10-01 09:27:32
procs -----------memory---------- ---swap-- -----io---- -system-- ------cpu----- -----timestamp-----
 r  b   swpd   free   buff  cache   si   so    bi    bo   in   cs us sy id wa st                 UTC
16  0      0 26850596  19532 471836    0    0     0    32 122292 72782 33 13 54  0  0 2026-10-01 09:27:33
 4  0      0 26866912  19532 472076    0    0     0     4 121944 49014 48 23 30  0  0 2026-10-01 09:27:34
 8  0      0 26863344  19532 472500    0    0     0     4 134378 85139 28 16 55  0  0 2026-10-01 09:27:35
 0  0      0 26700172  19532 472500    0    0     0     0 102020 33973 36  7 56  0  0 2026-10-01 09:27:36
 0  0      0 31209112  19540 441052    0    0     0    12 47957 2043  0  5 95  0  0 2026-10-01 09:27:37
 0  0      0 31209112  19540 441052    0    0     0     0 24714  101  0  0 100  0  0 2026-10-01 09:27:38
 0  0      0 31209112  19540 441052    0    0     0     0  104  170  0  0 100  0  0 2026-10-01 09:27:39
 0  0      0 31209112  19540 441052    0    0     0     0   76  136  0  0 100  0  0 2026-10-01 09:27:40
