procs -----------memory---------- ---swap-- -----io---- -system-- ------cpu----- -----timestamp-----
 r  b   swpd   free   buff  cache   si   so    bi    bo   in   cs us sy id wa st                 UTC
 1  0      0 2454236  77892 1077672    0    0    67   538 2973 1291 10  3 87  0  0 2026-10-01 09:26:30
 0  1      0 2466376  77892 1046428    0    0     0   264  320  491  0  2 97  0  0 2026-10-01 09:26:31
 0  0      0 2407248  78168 1049636    0    0     0 30036 5700 10707 44  7 24 24  0 2026-10-01 09:26:32
 0  0      0 2406996  78168 1049744    0    0     0   164  200  303  0  0 99  1  0 2026-10-01 09:26:33
 0  0      0 2406996  78168 1049744    0    0     0     0   35   46  0  0 100  0  0 2026-10-01 09:26:34
 0  0      0 2406996  78168 1049744    0    0     0     0   28   34  0  1 100  0  0 2026-10-01 09:26:35
 2  0      0 2391248  78184 1051788    0    0     0   916 3748 3435 11  2 83  4  0 2026-10-01 09:26:36
 1  0      0 2355292  78256 1055512    0    0     0  1964 7423 7229 20  3 69  9  0 2026-10-01 09:26:37
 1  0      0 2309764  78304 1060152    0    0     0  1584 8787 6840 26  6 62  6  0 2026-10-01 09:26:38
 7  0      0 2300580  78348 1064156    0    0     0  1136 10237 9872 24  5 67  4  0 2026-10-01 09:26:39
 8  0      0 2263716  78416 1071300    0    0     0  2064 17196 16677 44  8 42  7  0 2026-10-01 09:26:40
 4  0      0 2220300  78420 1075924    0    0     0   404 15004 14827 33  6 59  1  0 2026-10-01 09:26:41
 1  0      0 2177656  78452 1082600    0    0     0  1008 17866 13940 49  9 40  2  0 2026-10-01 09:26:42
 1  0      0 2169928  78472 1088056    0    0     0   464 18144 17134 37  6 55  2  0 2026-10-01 09:26:43
 5  0      0 2131788  78524 1096260    0    0     0  1420 22773 19182 54 10 32  3  0 2026-10-01 09:26:44
 8  0      0 2065900  78552 1102876    0    0     0   748 22711 18156 48 11 39  1  0 2026-10-01 09:26:45
 7  0      0 2024192  78616 1111380    0    0     0   928 23813 14692 67  9 22  2  0 2026-10-01 09:26:46
 9  0      0 2013416  78660 1118516    0    0     0   828 25075 19870 52  9 37  2  0 2026-10-01 09:26:47
 8  0      0 1992244  78688 1127364    0    0     0  1640 28754 20163 65 12 21  1  0 2026-10-01 09:26:48
 4  0      0 1917988  78696 1134684    0    0     0   240 27867 18951 57 10 32  1  0 2026-10-01 09:26:49
 3  0      0 1829924  78696 1142972    0    0     0   364 25859 10511 72 12 15  1  0 2026-10-01 09:26:50
procs -----------memory---------- ---swap-- -----io---- -system-- ------cpu----- -----timestamp-----
 r  b   swpd   free   buff  cache   si   so    bi    bo   in   cs us sy id wa st                 UTC
 3  0      0 1818568  78712 1151456    0    0     0   400 27599 13031 62 11 26  1  0 2026-10-01 09:26:51
 3  0      0 1808052  78724 1159992    0    0     0   232 29624 14587 65 11 23  1  1 2026-10-01 09:26:52
 4  0      0 1796204  78736 1168516    0    0     0   232 30686 15735 69 12 19  1  0 2026-10-01 09:26:53
 3  0      0 1735680  78736 1176608    0    0     0   244 32154 17436 68 12 20  1  0 2026-10-01 09:26:54
 3  0      0 1642144  78748 1185432    0    0     0   452 32115 13321 66 17 16  1  0 2026-10-01 09:26:55
 3  0      0 1596824  78748 1193808    0    0     0   356 29635 8228 80 12  7  1  0 2026-10-01 09:26:56
 0  0      0 1586556  78748 1202548    0    0     0     0 34890 15986 69 14 17  0  0 2026-10-01 09:26:57
 2  0      0 1575752  78748 1211420    0    0     0   144 34321 14762 72 12 17  0  0 2026-10-01 09:26:58
 0  0      0 1566020  78748 1219380    0    0     0  1996 34945 14696 66 14 20  1  0 2026-10-01 09:26:59
 2  0      0 1521664  78748 1228108    0    0     0   284 35735 13626 70 17 13  0  0 2026-10-01 09:27:00
 2  0      0 1424332  78748 1236900    0    0     0     0 36910 10772 71 17 12  0  0 2026-10-01 09:27:01
 3  0      0 1336552  78752 1243104    0    0     0 59196 35406 11973 70 17 13  1  0 2026-10-01 09:27:02
 3  0      0 1325980  78752 1251396    0    0     0    12 40170 17368 69 14 16  0  0 2026-10-01 09:27:03
 4  0      0 1317412  78764 1259040    0    0     0   312 39724 14528 70 14 16  0  0 2026-10-01 09:27:04
 2  0      0 1309372  78764 1265880    0    0     0     0 39893 18556 61 16 24  0  0 2026-10-01 09:27:05
 3  0      0 1301140  78764 1272880    0    0     0     0 40313 16927 66 11 22  0  0 2026-10-01 09:27:06
 7  1      0 1294896  78764 1278300    0    0     0 45340 40469 21407 55 17 27  1  0 2026-10-01 09:27:07
 2  0      0 1286604  78764 1284856    0    0     0 107516 41685 16217 62 19 17  1  0 2026-10-01 09:27:08
 0  0      0 1213580  78768 1291636    0    0     0   392 40867 16255 57 19 23  1  0 2026-10-01 09:27:09
10  0      0 1148592  78768 1296416    0    0     0     0 42459 21482 53 16 31  0  0 2026-10-01 09:27:10
 2  0      0 1065976  78776 1302884    0    0     0  2236 38051 11082 70 17 14  0  0 2026-10-01 09:27:11
procs -----------memory---------- ---swap-- -----io---- -system-- ------cpu----- -----timestamp-----
 r  b   swpd   free   buff  cache   si   so    bi    bo   in   cs us sy id wa st                 UTC
 4  0      0 1058960  78776 1308936    0    0     0     0 41938 19880 63 16 21  0  0 2026-10-01 09:27:12
 3  0      0 1053920  78776 1313636    0    0     0   180 42716 24391 46 17 38  0  0 2026-10-01 09:27:13
 2  0      0 1047884  78776 1318392    0    0     0     0 40082 20216 58 12 30  0  0 2026-10-01 09:27:14
 2  0      0 1042592  78776 1322924    0    0     0     0 43402 25943 48 15 37  0  0 2026-10-01 09:27:15
 5  0      0 1034904  78776 1329192    0    0     0   108 41023 17121 62 14 23  0  0 2026-10-01 09:27:16
 1  0      0 1029652  78776 1333704    0    0     0   196 43072 24372 50 18 32  0  0 2026-10-01 09:27:17
 0  0      0 1023660  78776 1337972    0    0     0     0 45424 25527 54 13 34  0  0 2026-10-01 09:27:18
 0  0      0 1018408  78776 1342124    0    0     0     0 39309 22522 51 15 35  0  0 2026-10-01 09:27:19
 3  0      0 1000124  78776 1347596    0    0     0     0 45125 21811 53 17 29  0  0 2026-10-01 09:27:20
 0  0      0 932632  78776 1352052    0    0     0   128 40975 21436 50 18 31  0  0 2026-10-01 09:27:21
 2  0      0 875260  78776 1355416    0    0     0     0 47866 30053 41 20 38  0  0 2026-10-01 09:27:22
 0  0      0 814696  78776 1359376    0    0     0     0 37789 11341 73 14 12  0  0 2026-10-01 09:27:23
 0  0      0 809208  78776 1363816    0    0     0    16 44469 23739 52 14 34  0  1 2026-10-01 09:27:24
 1  0      0 804924  78784 1367696    0    0     0   224 46343 28038 46 18 36  0  0 2026-10-01 09:27:25
 3  0      0 801156  78784 1371128    0    0     0     0 43926 26542 42 17 42  0  0 2026-10-01 09:27:26
13  0      0 783668  78784 1373664    0    0     0     0 44513 27942 43 17 40  0  0 2026-10-01 09:27:27
 4  0      0 778716  78784 1377412    0    0     0     0 47176 31234 40 18 42  0  0 2026-10-01 09:27:28
 0  0      0 768900  78784 1379488    0    0     0     0 40925 24208 41 17 43  0  0 2026-10-01 09:27:29
 0  0      0 765960  78784 1381564    0    0     0   100 40088 28235 24 15 61  0  0 2026-10-01 09:27:30
 3  0      0 759956  78784 1384676    0    0     0     0 44755 24118 52 17 31  0  0 2026-10-01 09:27:31
 0  0      0 757436  78784 1387332    0    0     0     0 46379 33962 36 15 49  0  0 2026-10-01 09:27:32
procs -----------memory---------- ---swap-- -----io---- -system-- ------cpu----- -----timestamp-----
 r  b   swpd   free   buff  cache   si   so    bi    bo   in   cs us sy id wa st                 UTC
 1  0      0 752312  78784 1388816    0    0     0 24780 44444 29709 33 14 52  1  0 2026-10-01 09:27:33
 3  0      0 748364  78784 1391468    0    0     0    20 44938 31057 44 16 40  0  0 2026-10-01 09:27:34
 0  0      0 745092  78784 1394276    0    0     0   128 45142 31949 40 16 44  0  0 2026-10-01 09:27:35
 0  0      0 743580  78784 1395564    0    0     4   104 44774 32538 23 16 60  0  0 2026-10-01 09:27:36
 0  0      0 743580  78784 1394180    0    0     0     0 27287 20099  6  9 86  0  0 2026-10-01 09:27:37
 0  1      0 830784  78784 1382724    0    0     0 63488 30202 23328  7 10 78  4  0 2026-10-01 09:27:38
