procs -----------memory---------- ---swap-- -----io---- -system-- ------cpu----- -----timestamp-----
 r  b   swpd   free   buff  cache   si   so    bi    bo   in   cs us sy id wa st                 UTC
 1  0      0 428728  23852 383116    0    0   233   440  575 1655  8  9 82  1  0 2026-10-01 09:28:34
 0  1      0 427216  23960 374172    0    0  4672  3792 1881 3393  4  3 85  9  0 2026-10-01 09:28:35
 1  0      0 460756  24560 338760    0    0 38232 17512 5041 9517  1  5 48 46  0 2026-10-01 09:28:36
 0  0      0 446392  26344 348288    0    0  3084 30204 6619 12279 47  6 21 27  0 2026-10-01 09:28:37
 0  0      0 446392  26380 348372    0    0     0   740  563  800  0  1 99  1  0 2026-10-01 09:28:38
 0  0      0 446392  26396 348372    0    0     0  1560  537  916  0  0 98  2  0 2026-10-01 09:28:39
 0  0      0 443368  26444 348532    0    0     0   232 4060 2874  4  1 95  1  0 2026-10-01 09:28:40
 0  0      0 434884  26660 351132    0    0     0  1932 24121 17344 17 12 67  4  0 2026-10-01 09:28:41
 0  0      0 428760  26832 354088    0    0     0  1120 27177 18929 20 12 64  4  0 2026-10-01 09:28:42
 0  0      0 413096  26964 357304    0    0     0  1452 35479 22881 21 15 61  3  0 2026-10-01 09:28:43
 0  0      0 405032  27176 361896    0    0     0  1816 39788 27763 32 22 45  2  0 2026-10-01 09:28:44
 0  0      0 398508  27288 365004    0    0     0  1148 44384 26624 19 21 58  2  0 2026-10-01 09:28:45
 7  0      0 388608  27432 370036    0    0     0  1328 48706 32141 39 25 34  2  1 2026-10-01 09:28:46
 1  0      0 382576  27488 373500    0    0     0   888 56405 33147 24 28 47  1  0 2026-10-01 09:28:47
13  0      0 371500  27668 379084    0    0     0  1412 57655 34475 44 34 22  1  0 2026-10-01 09:28:48
 5  2      0 361156  27732 383596    0    0     0   976 62678 34455 36 31 32  1  0 2026-10-01 09:28:49
 0  0      0 324924  27864 389076    0    0     0  1052 63432 33832 44 37 18  1  0 2026-10-01 09:28:50
14  0      0 292252  27792 385252    0    0     0   780 67736 33185 47 38 15  0  0 2026-10-01 09:28:51
 6  0      0 281916  27704 386148    0    0     0 32848 69552 35190 41 42 15  1  0 2026-10-01 09:28:52
 7  0      0 268424  27644 386948    0    0     0  2836 73515 35111 42 45 13  0  0 2026-10-01 09:28:53
 9  0      0 257188  27532 387936    0    0     0   468 73920 32895 42 45 13  0  0 2026-10-01 09:28:54
procs -----------memory---------- ---swap-- -----io---- -system-- ------cpu----- -----timestamp-----
 r  b   swpd   free   buff  cache   si   so    bi    bo   in   cs us sy id wa st                 UTC
10  0      0 245860  27552 388836    0    0     0   888 76480 33861 48 48  4  1  0 2026-10-01 09:28:55
 9  0      0 233648  27580 392164    0    0     0  1176 79118 33090 51 45  4  0  0 2026-10-01 09:28:56
 7  0      0 227952  27500 393760    0    0     0   876 79483 28779 45 51  5  0  0 2026-10-01 09:28:57
 9  0      0 218600  27448 394996    0    0     0  1208 80725 27882 47 53  1  0  0 2026-10-01 09:28:58
 8  0      0 209640  27420 398508    0    0     0   932 82473 28829 48 52  0  0  0 2026-10-01 09:28:59
 6  0      0 196004  27408 401916    0    0     0  1056 81081 24916 47 51  2  0  0 2026-10-01 09:29:00
 6  0      0 185756  27356 402292    0    0     0   860 80477 18230 50 50  0  0  0 2026-10-01 09:29:01
 5  0      0 176844  27380 405564    0    0     8  1144 80886 16856 45 54  0  0  0 2026-10-01 09:29:02
 7  0      0 172548  27312 404172    0    0   188 35860 81485 16070 50 50  0  0  0 2026-10-01 09:29:03
 7  0      0 153272  27388 409224    0    0     0  1160 83392 8316 46 53  1  0  0 2026-10-01 09:29:04
 6  0      0 148540  27452 413596    0    0     0  1028 83072 16771 41 59  0  0  0 2026-10-01 09:29:05
 8  0      0 180896  27516 417672    0    0     0   984 82208 9959 45 55  0  0  0 2026-10-01 09:29:06
 8  0      0 182252  27604 421984    0    0     0  1424 88020 6440 38 63  0  0  0 2026-10-01 09:29:07
 7  0      0 206456  27656 425964    0    0     0  1244 82493 4971 42 59  0  0  0 2026-10-01 09:29:08
 7  0      0 262252  27704 429644    0    0     0  1356 84931 4764 47 53  0  0  0 2026-10-01 09:29:09
 7  0      0 251932  27756 433288    0    0     0  1216 84786 7734 33 67  0  0  0 2026-10-01 09:29:10
 8  0      0 280648  27484 425164    0    0     0  1100 82606 5471 38 62  0  0  0 2026-10-01 09:29:11
 7  0      0 252624  27540 427232    0    0   104  1056 83742 4892 40 60  0  0  0 2026-10-01 09:29:12
 9  0      0 250528  27612 430596    0    0     0   980 87118 11592 38 62  0  0  0 2026-10-01 09:29:13
 9  0      0 242240  27676 434200    0    0     0 28560 82393 7755 44 57  0  0  0 2026-10-01 09:29:14
13  0      0 237488  27728 437480    0    0     0  1112 85512 10616 36 65  0  0  0 2026-10-01 09:29:15
procs -----------memory---------- ---swap-- -----io---- -system-- ------cpu----- -----timestamp-----
 r  b   swpd   free   buff  cache   si   so    bi    bo   in   cs us sy id wa st                 UTC
10  0      0 230744  27784 440980    0    0     0   900 85011 7883 33 67  0  0  0 2026-10-01 09:29:16
 8  0      0 227560  27824 443776    0    0     0   804 85900 9737 41 59  0  0  1 2026-10-01 09:29:17
 7  0      0 222472  27872 447416    0    0     0   884 83761 8197 38 62  0  0  0 2026-10-01 09:29:18
 7  0      0 205636  27912 450820    0    0    72   680 84450 5841 36 64  0  0  0 2026-10-01 09:29:19
 5  0      0 201064  27952 453696    0    0     0   704 84799 7307 36 65  0  0  0 2026-10-01 09:29:20
10  0      0 198292  27968 456320    0    0     0   668 80817 6228 36 64  0  0  0 2026-10-01 09:29:21
 5  0      0 189236  27984 459652    0    0     0   628 88014 11697 33 67  0  0  0 2026-10-01 09:29:22
 6  0      0 164692  28008 462288    0    0     0   560 84191 9258 37 63  0  0  0 2026-10-01 09:29:23
 4  0      0 134768  28028 464992    0    0     4 22968 88005 13248 33 68  0  0  0 2026-10-01 09:29:24
 4  0      0 133776  28044 466968    0    0     0   624 78771 4304 42 58  0  0  0 2026-10-01 09:29:25
 3  0      0 110036  27948 462816    0    0     0   488 82159 6208 40 61  0  0  0 2026-10-01 09:29:26
 5  0      0 125036  27712 456028    0    0     0   468 87951 12066 34 66  0  0  0 2026-10-01 09:29:27
 3  0      0 107252  27728 459116    0    0     0   524 84297 10324 34 66  0  0  0 2026-10-01 09:29:28
 4  0      0 106908  27728 459920    0    0     0   464 85727 9462 33 67  0  0  0 2026-10-01 09:29:29
 4  0      0 125380  27672 457128    0    0    40   432 84634 9895 34 67  0  0  0 2026-10-01 09:29:30
10  0      0 119536  27584 451608    0    0    20   424 87227 12463 32 68  0  0  0 2026-10-01 09:29:31
 3  0      0 116208  27356 441096    0    0     0   532 85261 7010 34 66  0  0  1 2026-10-01 09:29:32
 4  0      0 124036  27068 429476    0    0    24   368 83682 10027 34 66  0  0  0 2026-10-01 09:29:33
 9  0      0 114528  27092 431488    0    0     0   340 86723 13205 34 66  0  0  0 2026-10-01 09:29:34
 5  0      0 122468  26896 423148    0    0    92   308 88008 12354 31 70  0  0  0 2026-10-01 09:29:35
 6  0      0 120244  26656 412196    0    0     8 14144 86256 10182 32 68  0  0  0 2026-10-01 09:29:36
procs -----------memory---------- ---swap-- -----io---- -system-- ------cpu----- -----timestamp-----
 r  b   swpd   free   buff  cache   si   so    bi    bo   in   cs us sy id wa st                 UTC
 4  0      0 116804  26404 404500    0    0     0   384 82295 5966 35 66  0  0  0 2026-10-01 09:29:37
 5  0      0 123560  26072 396256    0    0     0   316 87852 17134 31 70  0  0  0 2026-10-01 09:29:38
 2  0      0 109620  26004 394224    0    0     0 10724 81605 11166 37 64  0  0  0 2026-10-01 09:29:39
 4  1      0 117500  25084 372224    0    0   204  2400 77900 11594 24 76  0  0  0 2026-10-01 09:29:40
 0  0      0 181080  25120 374520    0    0  1716   348 52469 15473 17 44 40  0  0 2026-10-01 09:29:41
 0  0      0 556796  25240 316764    0    0 12848   280 70730 20828 21 66 13  0  0 2026-10-01 09:29:42
