procs -----------memory---------- ---swap-- -----io---- -system-- ------cpu----- -----timestamp-----
 r  b   swpd   free   buff  cache   si   so    bi    bo   in   cs us sy id wa st                 UTC
 1  0      0 815440  78788 1382704    0    0    66   556   13 1356 10  3 86  0  0 2026-10-01 09:28:35
 1  0      0 1009268  78888 1175048    0    0     0 29744 2381 5241  2  5 74 20  0 2026-10-01 09:28:36
 0  0      0 1150832  79076 1050048    0    0     0 44804 6134 12718 43  8 18 31  1 2026-10-01 09:28:37
 0  0      0 1150336  79080 1050336    0    0     0   268  630  856  1  0 98  1  0 2026-10-01 09:28:38
 0  0      0 1150336  79080 1050412    0    0     0     0   35   45  1  0 100  0  0 2026-10-01 09:28:39
 0  0      0 1150336  79080 1050412    0    0     0    16   33   37  0  0 100  0  0 2026-10-01 09:28:40
 0  0      0 1171304  79112 1052480    0    0     0  1164 4785 5433 14  2 81  3  0 2026-10-01 09:28:41
 1  0      0 1162784  79188 1056404    0    0     0  2108 6499 5815 20  2 69  8  0 2026-10-01 09:28:42
 0  0      0 1150472  79220 1060068    0    0     0  1248 8880 8626 27  4 65  5  0 2026-10-01 09:28:43
 3  0      0 1142772  79240 1064704    0    0     0  1296 11285 10415 31  4 61  5  0 2026-10-01 09:28:44
 0  0      0 1135824  79260 1068580    0    0     0   460 11982 12322 26  6 67  2  0 2026-10-01 09:28:45
 2  0      0 1124092  79312 1075216    0    0     0  1696 16576 15327 40  6 49  6  0 2026-10-01 09:28:46
 8  0      0 1116696  79320 1080008    0    0     0   332 15677 14241 34  6 58  1  0 2026-10-01 09:28:47
 7  0      0 1107216  79352 1087020    0    0     0   936 20072 18614 50  6 42  3  0 2026-10-01 09:28:48
 8  0      0 1101012  79352 1092160    0    0     0     0 19821 17814 40  6 54  0  0 2026-10-01 09:28:49
 2  0      0 1092104  79376 1099076    0    0     0  1036 21181 17834 48  8 42  2  0 2026-10-01 09:28:50
10  0      0 1085412  79380 1105324    0    0     0   512 22358 19559 47  7 45  1  0 2026-10-01 09:28:51
 4  0      0 1078436  79380 1111076    0    0     0   184 23699 20756 46  7 46  1  0 2026-10-01 09:28:52
 5  0      0 1072588  79388 1118424    0    0     0   692 23627 15129 65  7 27  2  0 2026-10-01 09:28:53
 8  0      0 1066972  79388 1124512    0    0     0   172 26613 23020 49  9 41  1  0 2026-10-01 09:28:54
 2  1      0 1270096  79388 1132592    0    0     0   356 30066 17701 59 12 29  1  0 2026-10-01 09:28:55
procs -----------memory---------- ---swap-- -----io---- -system-- ------cpu----- -----timestamp-----
 r  b   swpd   free   buff  cache   si   so    bi    bo   in   cs us sy id wa st                 UTC
11  0      0 1346392  79400 1138512    0    0     0   320 29837 23094 47 14 39  1  0 2026-10-01 09:28:56
 5  0      0 1343912  79408 1146436    0    0     0   412 29968 22761 62 10 27  1  0 2026-10-01 09:28:57
 1  0      0 1481748  79420 1154472    0    0     0   712 29119 12166 68 15 16  2  1 2026-10-01 09:28:58
 3  0      0 1479888  79432 1162912    0    0     0   476 29983 16981 63 13 23  0  0 2026-10-01 09:28:59
 6  0      0 1478752  79432 1169116    0    0     0     0 32603 23746 53 13 33  0  0 2026-10-01 09:29:00
 7  0      0 1474604  79440 1178508    0    0     0   772 31411 14785 71 13 14  1  0 2026-10-01 09:29:01
 7  0      0 1470152  79448 1185112    0    0     0   216 33543 23301 58 12 31  0  0 2026-10-01 09:29:02
 8  0      0 1459508  79448 1193920    0    0     0     0 33108 14231 71 13 17  0  0 2026-10-01 09:29:03
 2  0      0 1451472  79448 1200032    0    0     0     0 30916 14774 65 13 21  0  0 2026-10-01 09:29:04
 4  0      0 1440548  79448 1209012    0    0     0     0 33520 13468 71 14 15  0  0 2026-10-01 09:29:05
 3  0      0 1430060  79448 1216092    0    0     0   272 35484 18820 62 12 25  1  0 2026-10-01 09:29:06
 3  0      0 1422500  79448 1222784    0    0     0 53200 36500 19997 61 12 26  2  0 2026-10-01 09:29:07
 3  0      0 1411840  79448 1230604    0    0     0   176 37499 17280 64 15 21  0  0 2026-10-01 09:29:08
 3  0      0 1405832  79448 1235956    0    0     0   312 37493 22952 53 13 34  0  0 2026-10-01 09:29:09
 2  0      0 1363508  79448 1241964    0    0     0     0 38359 21070 59 15 25  0  0 2026-10-01 09:29:10
 2  0      0 1295020  79448 1248396    0    0     0     0 39334 20323 54 17 29  0  0 2026-10-01 09:29:11
 0  0      0 1246132  79448 1252560    0    0     0 133348 35215 16218 61 16 23  0  0 2026-10-01 09:29:12
 4  0      0 1239844  79448 1257800    0    0     0     0 36871 21640 48 14 39  0  0 2026-10-01 09:29:13
 7  0      0 1233304  79448 1264204    0    0     0     0 39632 19115 67 12 22  0  0 2026-10-01 09:29:14
 3  0      0 1228600  79448 1268264    0    0     0     0 38850 24516 42 12 46  0  0 2026-10-01 09:29:15
 2  0      0 1221292  79448 1274976    0    0     0  2576 40432 22705 52 17 30  0  0 2026-10-01 09:29:16
procs -----------memory---------- ---swap-- -----io---- -system-- ------cpu----- -----timestamp-----
 r  b   swpd   free   buff  cache   si   so    bi    bo   in   cs us sy id wa st                 UTC
 1  0      0 1215016  79448 1280924    0    0     0     0 38554 19175 59 15 26  0  0 2026-10-01 09:29:17
 2  0      0 1210088  79448 1284932    0    0     0   112 40067 25413 45 11 44  0  0 2026-10-01 09:29:18
 3  0      0 1205804  79448 1288904    0    0     0     0 41280 26004 52 16 32  0  0 2026-10-01 09:29:19
 2  0      0 1168896  79448 1295016    0    0     0     0 40252 21578 54 15 31  0  0 2026-10-01 09:29:20
 0  0      0 1108276  79448 1299748    0    0     0   132 40846 21379 50 17 33  0  0 2026-10-01 09:29:21
 7  0      0 1067256  79448 1301964    0    0     0     0 42092 31854 32 16 53  0  0 2026-10-01 09:29:22
 2  0      0 1018172  79448 1306936    0    0     0     0 35508 11022 74 14 12  0  0 2026-10-01 09:29:23
11  0      0 1014152  79448 1310668    0    0     0     0 41997 25700 48 12 40  0  0 2026-10-01 09:29:24
 0  0      0 1009868  79448 1315208    0    0     0   124 44015 26285 43 17 39  0  0 2026-10-01 09:29:25
 3  0      0 1006352  79448 1317736    0    0     0     0 39777 30284 37 13 51  0  0 2026-10-01 09:29:26
 6  0      0 1002572  79448 1321600    0    0     0     0 44050 28917 45 18 38  0  0 2026-10-01 09:29:27
 0  0      0 998036  79448 1325264    0    0     0     0 41469 28485 44 18 39  0  0 2026-10-01 09:29:28
 0  0      0 993764  79452 1329660    0    0     0   112 40381 24090 51 13 36  0  0 2026-10-01 09:29:29
 0  0      0 990992  79452 1332312    0    0     0     0 43496 30931 36 15 49  0  0 2026-10-01 09:29:30
 1  0      0 986216  79452 1336132    0    0     0     0 42368 25387 46 16 38  0  0 2026-10-01 09:29:31
 2  0      0 981932  79452 1339692    0    0     0     0 43391 30624 44 14 41  0  0 2026-10-01 09:29:32
 0  0      0 972648  79452 1343428    0    0     0     0 42626 28918 47 16 37  0  0 2026-10-01 09:29:33
 3  0      0 928296  79452 1346456    0    0     0   100 42583 30391 37 16 47  0  0 2026-10-01 09:29:34
 0  0      0 878148  79452 1349092    0    0     0     0 44293 31281 39 18 42  0  1 2026-10-01 09:29:35
 3  0      0 813636  79452 1352908    0    0     0     0 37589 15771 64 15 21  0  0 2026-10-01 09:29:36
 2  0      0 805792  79452 1355652    0    0     0    20 42163 26559 46 14 40  0  0 2026-10-01 09:29:37
procs -----------memory---------- ---swap-- -----io---- -system-- ------cpu----- -----timestamp-----
 r  b   swpd   free   buff  cache   si   so    bi    bo   in   cs us sy id wa st                 UTC
 3  0      0 791916  79452 1358304    0    0     0 19880 41915 28186 41 14 45  0  0 2026-10-01 09:29:38
 1  0      0 786776  79452 1360256    0    0     0   192 46264 36435 26 16 58  0  0 2026-10-01 09:29:39
 0  0      0 782036  79452 1362016    0    0     0     0 40842 29263 33 15 53  0  0 2026-10-01 09:29:40
 0  0      0 781028  79452 1362976    0    0     0     0 40428 31833 23 15 62  0  0 2026-10-01 09:29:41
 1  0      0 781028  79452 1362820    0    0     0     0 30309 24569  5 11 84  0  0 2026-10-01 09:29:42
 0  0      0 854392  79452 1351592    0    0     0 68240 35972 27829  7 11 79  3  0 2026-10-01 09:29:43
 1  0      0 826736  79452 1351592    0    0     0   172  359  507  8  2 90  0  0 2026-10-01 09:29:44
