procs -----------memory---------- ---swap-- -----io---- -system-- ------cpu----- -----timestamp-----
 r  b   swpd   free   buff  cache   si   so    bi    bo   in   cs us sy id wa st                 UTC
 0  0      0 31203672  19604 441132    0    0     6     2  612  465 12  2 86  0  0 2026-10-01 09:28:34
 0  0      0 31192164  19604 441140    0    0     0     0 1879 1695  0  0 99  0  0 2026-10-01 09:28:35
 0  0      0 31192164  19604 441140    0    0     0     0   84  120  0  0 100  0  0 2026-10-01 09:28:36
 1  0      0 31190624  19604 441140    0    0     0     0 3188 1960  1  0 99  0  0 2026-10-01 09:28:37
 0  0      0 31195672  19612 441140    0    0     0  1304  798  767  0  0 100  0  0 2026-10-01 09:28:38
 0  0      0 31195672  19612 441140    0    0     0     0  125  201  0  0 100  0  0 2026-10-01 09:28:39
 2  0      0 31190824  19612 441140    0    0     0     0 7358 6661  2  0 97  0  0 2026-10-01 09:28:40
 0  0      0 31141180  19612 441140    0    0     0     0 36407 42748 14  1 85  0  0 2026-10-01 09:28:41
 0  0      0 31083652  19612 441140    0    0     0     0 37758 45272 13  1 86  0  0 2026-10-01 09:28:42
 1  0      0 31008024  19620 441300    0    0     0    68 47560 52041 18  2 80  0  0 2026-10-01 09:28:43
16  0      0 30954236  19620 441780    0    0     0     4 49140 52017 20  2 78  0  0 2026-10-01 09:28:44
 0  0      0 30841908  19620 442596    0    0     0     8 54328 53992 25  2 73  0  0 2026-10-01 09:28:45
 1  0      0 30740684  19620 443316    0    0     0     0 59986 59302 25  2 72  0  0 2026-10-01 09:28:46
 3  0      0 30624564  19620 444404    0    0     0     0 65393 57775 31  3 66  0  0 2026-10-01 09:28:47
 5  0      0 30504228  19620 445228    0    0     0     0 68756 60445 31  3 66  0  0 2026-10-01 09:28:48
 5  0      0 30351416  19628 446132    0    0     0    24 74179 57338 37  4 60  0  0 2026-10-01 09:28:49
16  0      0 30264524  19628 446996    0    0     0     4 74526 63119 33  3 64  0  0 2026-10-01 09:28:50
15  0      0 30125620  19628 447916    0    0     0     0 79737 61261 39  4 57  0  0 2026-10-01 09:28:51
 0  0      0 29985508  19628 448756    0    0     0     0 81248 59989 39  4 57  0  0 2026-10-01 09:28:52
 2  0      0 29921836  19628 449580    0    0     0     0 85874 64485 39  4 56  0  0 2026-10-01 09:28:53
 5  0      0 29781864  19628 450436    0    0     0     0 88719 61956 42  4 54  0  0 2026-10-01 09:28:54
procs -----------memory---------- ---swap-- -----io---- -system-- ------cpu----- -----timestamp-----
 r  b   swpd   free   buff  cache   si   so    bi    bo   in   cs us sy id wa st                 UTC
 2  0      0 29674376  19636 451484    0    0     0    12 90869 64847 43  4 53  0  0 2026-10-01 09:28:55
16  0      0 29495268  19636 452092    0    0     0     4 98117 61761 48  5 48  0  0 2026-10-01 09:28:56
16  0      0 29321808  19636 453052    0    0     0     0 98235 57068 50  4 46  0  0 2026-10-01 09:28:57
16  0      0 29184664  19636 453900    0    0     0     0 100791 62824 48  4 47  0  0 2026-10-01 09:28:58
16  0      0 29109204  19636 454708    0    0     0     0 99075 61280 51  5 44  0  0 2026-10-01 09:28:59
16  0      0 28944776  19636 455508    0    0     0     0 99278 59734 49  5 46  0  0 2026-10-01 09:29:00
16  0      0 28886480  19660 456348    0    0     0    88 98816 58848 50  6 45  0  0 2026-10-01 09:29:01
16  0      0 28836564  19660 457116    0    0     0     4 99605 62636 52  5 43  0  0 2026-10-01 09:29:02
 0  0      0 28683316  19660 457796    0    0     0     0 105917 57649 51  5 44  0  0 2026-10-01 09:29:03
 8  0      0 28625436  19660 458508    0    0     0     0 100516 50351 59  5 36  0  0 2026-10-01 09:29:04
 6  0      0 28381896  19660 459436    0    0     0     0 117842 56925 53  6 41  0  0 2026-10-01 09:29:05
16  0      0 28302656  19660 460044    0    0     0     8 109998 56231 53  6 41  0  0 2026-10-01 09:29:06
16  0      0 28239480  19668 460596    0    0     0   228 112852 51923 58  5 37  0  0 2026-10-01 09:29:07
16  0      0 28229840  19668 461004    0    0     0     4 115628 69435 42  5 53  0  0 2026-10-01 09:29:08
 4  0      0 28179040  19668 461452    0    0     0     0 116198 59922 49  7 45  0  0 2026-10-01 09:29:09
 4  0      0 28090444  19668 462352    0    0     0     0 117530 52326 55  6 39  0  0 2026-10-01 09:29:10
 1  0      0 28048704  19668 462464    0    0     0     0 115806 60841 52  6 42  0  0 2026-10-01 09:29:11
16  0      0 28039212  19676 462872    0    0     0    20 111408 70718 34  5 61  0  0 2026-10-01 09:29:12
 6  0      0 27982336  19676 463320    0    0     0     0 117868 54902 56  6 38  0  0 2026-10-01 09:29:13
 6  0      0 27944148  19676 463864    0    0     0    48 115334 61123 49  6 46  0  0 2026-10-01 09:29:14
 7  0      0 27812916  19676 463968    0    0     0     0 127231 58281 55  6 39  0  0 2026-10-01 09:29:15
procs -----------memory---------- ---swap-- -----io---- -system-- ------cpu----- -----timestamp-----
 r  b   swpd   free   buff  cache   si   so    bi    bo   in   cs us sy id wa st                 UTC
 3  0      0 27813416  19676 464888    0    0     0     0 122927 72501 40  6 54  0  0 2026-10-01 09:29:16
12  0      0 27774624  19676 465272    0    0     0     0 117496 55304 52  6 43  0  0 2026-10-01 09:29:17
16  0      0 27727588  19684 465344    0    0     0    20 121841 57338 54  6 41  0  0 2026-10-01 09:29:18
16  0      0 27698388  19684 466200    0    0     0     0 119761 62223 50  5 45  0  0 2026-10-01 09:29:19
 1  0      0 27664232  19684 466704    0    0     0     4 127286 67554 45  6 48  0  0 2026-10-01 09:29:20
16  0      0 27578272  19684 466712    0    0     0     0 128251 67457 47  6 46  0  0 2026-10-01 09:29:21
16  0      0 27490608  19684 467152    0    0     0     0 122888 55961 57  6 37  0  0 2026-10-01 09:29:22
 4  0      0 27486156  19684 467648    0    0     0     0 128366 84545 34  5 61  0  0 2026-10-01 09:29:23
 0  0      0 27402356  19692 467896    0    0     0    12 125490 58703 55  6 39  0  0 2026-10-01 09:29:24
16  0      0 27400620  19692 468232    0    0     0     0 122561 76369 35  5 60  0  0 2026-10-01 09:29:25
 2  0      0 27332804  19692 468480    0    0     0     4 124484 66464 46  6 48  0  0 2026-10-01 09:29:26
11  0      0 27287320  19692 468648    0    0     0     0 124450 60434 53  6 41  0  0 2026-10-01 09:29:27
16  0      0 27283512  19692 469416    0    0     0     0 127470 79814 36  6 58  0  0 2026-10-01 09:29:28
14  0      0 27187892  19692 469608    0    0     0     0 130337 62627 53  6 41  0  0 2026-10-01 09:29:29
16  0      0 27118760  19700 469924    0    0     0    12 124825 65355 48  6 46  0  0 2026-10-01 09:29:30
11  0      0 27090284  19700 470164    0    0     0     4 133558 76896 41  7 53  0  0 2026-10-01 09:29:31
16  0      0 27043924  19700 470756    0    0     0     4 119906 59406 54  6 40  0  0 2026-10-01 09:29:32
 0  0      0 27041516  19700 471060    0    0     0     0 129720 83432 33  7 60  0  0 2026-10-01 09:29:33
 0  0      0 26965552  19700 471108    0    0     0     0 121894 49943 53 14 32  0  0 2026-10-01 09:29:34
16  0      0 26951552  19700 471604    0    0     0     0 112193 47178 46 23 31  0  0 2026-10-01 09:29:35
 3  0      0 26888852  19708 471860    0    0     0    12 124522 53763 43 19 38  0  0 2026-10-01 09:29:36
procs -----------memory---------- ---swap-- -----io---- -system-- ------cpu----- -----timestamp-----
 r  b   swpd   free   buff  cache   si   so    bi    bo   in   cs us sy id wa st                 UTC
 6  0      0 26875000  19708 472276    0    0     0     0 114037 50408 46 22 32  0  0 2026-10-01 09:29:37
 1  0      0 26871248  19708 472276    0    0     0     4 143463 100320 28  6 66  0  0 2026-10-01 09:29:38
16  0      0 26842072  19708 472276    0    0     0     0 124684 68322 48  7 45  0  0 2026-10-01 09:29:39
16  0      0 26830540  19708 472276    0    0     0     0 150787 94778 29  9 62  0  0 2026-10-01 09:29:40
 1  0      0 28915836  19708 472276    0    0     0     0 39918 21095  3  2 95  0  0 2026-10-01 09:29:41
 0  0      0 31222264  19724 441420    0    0     0    36 63291  721  0  4 96  0  0 2026-10-01 09:29:42
 0  0      0 31222264  19724 441420    0    0     0     0   99  172  0  0 100  0  0 2026-10-01 09:29:43
 0  0      0 31222264  19724 441420    0    0     0     4   84  131  0  0 100  0  0 2026-10-01 09:29:44
 0  0      0 31222264  19724 441424    0    0     0     0   83  130  0  0 100  0  0 2026-10-01 09:29:45
 0  0      0 31222264  19724 441424    0    0     0     0  100  134  0  0 100  0  0 2026-10-01 09:29:46
