procs -----------memory---------- ---swap-- -----io---- -system-- ------cpu----- -----timestamp-----
 r  b   swpd   free   buff  cache   si   so    bi    bo   in   cs us sy id wa st                 UTC
 1  0      0 749504  74252 1298872    0    0    69   574   73 1329 11  3 86  0  0 2026-10-01 09:28:34
 0  1      0 844000  74272 1204000    0    0     0 13928 1256 2644  1  3 87 10  0 2026-10-01 09:28:35
 2  2      0 1117968  74452 947552    0    0     0 50980 5816 12291 35  9 29 28  0 2026-10-01 09:28:36
 0  0      0 1110032  74548 949252    0    0     0 11280 3366 6495 12  2 73 14  0 2026-10-01 09:28:37
 0  0      0 1110036  74548 949308    0    0     0     8   50   43  0  0 100  0  0 2026-10-01 09:28:38
 0  0      0 1110036  74548 949308    0    0     0     0   39   57  0  0 100  0  0 2026-10-01 09:28:39
 0  0      0 1129036  74552 949888    0    0     0   572 2234 2529  6  0 93  1  0 2026-10-01 09:28:40
 1  0      0 1121380  74592 953460    0    0     0  1856 14724 19281 23  5 64  7  0 2026-10-01 09:28:41
 0  0      0 1115256  74672 957992    0    0     0  1776 17332 21320 29  7 57  7  0 2026-10-01 09:28:42
 5  0      0 1102764  74760 963380    0    0     0  1916 18624 21368 38  7 49  7  0 2026-10-01 09:28:43
 1  1      0 1091420  74808 970288    0    0     0  1728 20274 20938 46  9 40  6  0 2026-10-01 09:28:44
 7  0      0 1084408  74820 975720    0    0     0   796 20602 21485 42  8 47  3  0 2026-10-01 09:28:45
 3  0      0 1073064  74880 983940    0    0     0  1460 24106 22469 59  9 29  3  0 2026-10-01 09:28:46
 2  0      0 1062636  74896 991504    0    0     0  1208 24684 22556 55  9 32  3  0 2026-10-01 09:28:47
 6  0      0 1051544  74916 999580    0    0     0  1012 25375 21244 60  8 30  2  0 2026-10-01 09:28:48
 0  0      0 1042344  74924 1007448    0    0     0   712 27383 22280 60 10 28  2  0 2026-10-01 09:28:49
 5  0      0 1030972  74948 1016368    0    0     0   740 27065 18392 66 10 23  2  0 2026-10-01 09:28:50
 2  0      0 929792  74960 1024784    0    0     0   664 26238 12377 73 16 10  1  0 2026-10-01 09:28:51
 9  0      0 918128  74992 1033756    0    0     0   556 30688 20763 68 14 17  1  0 2026-10-01 09:28:52
 7  0      0 904236  75020 1042800    0    0     0   864 32580 22226 71 14 14  2  0 2026-10-01 09:28:53
 3  0      0 889700  75036 1052600    0    0     0   684 29706 12803 74 12 13  2  0 2026-10-01 09:28:54
procs -----------memory---------- ---swap-- -----io---- -system-- ------cpu----- -----timestamp-----
 r  b   swpd   free   buff  cache   si   so    bi    bo   in   cs us sy id wa st                 UTC
 5  0      0 876732  75044 1061596    0    0     0   444 31299 14694 69 15 16  0  0 2026-10-01 09:28:55
 9  0      0 865768  75056 1071036    0    0     0   400 31732 13633 74 12 14  1  0 2026-10-01 09:28:56
 9  0      0 853136  75056 1080484    0    0     0     0 32426 12907 76 12 12  0  0 2026-10-01 09:28:57
 6  0      0 840800  75064 1089720    0    0     0   268 34163 15939 74 12 14  1  0 2026-10-01 09:28:58
 3  0      0 826756  75064 1098820    0    0     0   116 29912 1474 89 11  0  0  0 2026-10-01 09:28:59
 6  0      0 818452  75064 1107780    0    0     0     0 34043 10819 70 16 14  0  0 2026-10-01 09:29:00
 4  0      0 812148  75064 1116748    0    0     0    40 35385 11092 73 16 11  0  0 2026-10-01 09:29:01
 6  0      0 957880  75072 1126384    0    0     0   272 40160 6305 76 16  6  1  0 2026-10-01 09:29:02
 3  0      0 988060  75084 1135008    0    0     0   452 38202 14712 75 14 11  0  0 2026-10-01 09:29:03
 3  0      0 1053924  75092 1144180    0    0     0   228 39085 9324 77 17  7  0  0 2026-10-01 09:29:04
 4  0      0 1088772  75092 1151096    0    0     0    12 36756 7420 76 16  9  0  0 2026-10-01 09:29:05
 9  0      0 1080748  75092 1160284    0    0     0   324 39224 9690 74 18  8  0  0 2026-10-01 09:29:06
15  0      0 1076716  75092 1168400    0    0     0 58036 41208 9789 73 16 11  1  0 2026-10-01 09:29:07
 0  0      0 1070356  75092 1176460    0    0     0   364 40382 13272 66 15 18  1  0 2026-10-01 09:29:08
 5  0      0 1065456  75092 1183960    0    0     0     0 41501 13868 64 18 17  0  1 2026-10-01 09:29:09
 3  0      0 1060988  75092 1191908    0    0     0     0 40431 11432 74 16 10  0  0 2026-10-01 09:29:10
 3  0      0 1056224  75092 1198132    0    0     0     0 39156 13770 63 16 22  0  0 2026-10-01 09:29:11
 2  0      0 1052696  75096 1203988    0    0     0   232 41866 19154 52 18 29  1  0 2026-10-01 09:29:12
 2  0      0 1046900  75096 1211608    0    0     0 180844 41504 10869 70 19  9  3  0 2026-10-01 09:29:13
 2  0      0 1016576  75096 1216328    0    0     0     0 37865 7987 75 15 10  0  0 2026-10-01 09:29:14
 2  0      0 1007024  75100 1225068    0    0     0  2348 43327 16255 64 17 19  1  0 2026-10-01 09:29:15
procs -----------memory---------- ---swap-- -----io---- -system-- ------cpu----- -----timestamp-----
 r  b   swpd   free   buff  cache   si   so    bi    bo   in   cs us sy id wa st                 UTC
 3  0      0 999168  75100 1231192    0    0     0     0 43136 13462 70 16 15  0  0 2026-10-01 09:29:16
 2  0      0 992700  75100 1236804    0    0     0   136 45303 21205 59 18 23  0  0 2026-10-01 09:29:17
 2  0      0 985964  75100 1242700    0    0     0     0 44124 19560 57 18 24  0  0 2026-10-01 09:29:18
 2  0      0 979004  75100 1248932    0    0     0   264 43485 17724 66 14 19  1  0 2026-10-01 09:29:19
 3  0      0 970660  75100 1254992    0    0     0     0 44216 15949 61 19 20  0  0 2026-10-01 09:29:20
 2  0      0 966388  75100 1259080    0    0     0     0 46931 26942 48 17 35  0  0 2026-10-01 09:29:21
 2  0      0 921532  75100 1264792    0    0     0     0 41132 12079 70 18 12  0  0 2026-10-01 09:29:22
 2  0      0 856060  75100 1270060    0    0     0     0 47580 23663 49 23 28  0  0 2026-10-01 09:29:23
 2  0      0 790300  75100 1275200    0    0     0   224 44358 18996 55 21 24  0  0 2026-10-01 09:29:24
 3  0      0 754908  75100 1278856    0    0     0     0 41475 12732 62 20 18  0  0 2026-10-01 09:29:25
 4  0      0 747964  75100 1283280    0    0     0     0 46571 26498 50 18 32  0  0 2026-10-01 09:29:26
14  0      0 741760  75100 1288312    0    0     0     0 44256 14134 63 16 21  0  0 2026-10-01 09:29:27
 0  0      0 735416  75100 1292828    0    0     0     0 44893 22732 58 16 26  0  0 2026-10-01 09:29:28
 1  0      0 731384  75100 1296988    0    0     0   112 48920 26780 47 21 31  0  0 2026-10-01 09:29:29
 2  0      0 727100  75100 1301104    0    0     0     0 43105 21088 60 15 25  0  0 2026-10-01 09:29:30
 2  0      0 721316  75100 1306192    0    0     0     0 48065 19864 56 19 24  0  1 2026-10-01 09:29:31
 3  0      0 717296  75100 1310020    0    0     0     0 44933 25201 52 19 30  0  0 2026-10-01 09:29:32
 3  0      0 713012  75100 1314324    0    0     0     0 48470 26316 51 16 33  0  0 2026-10-01 09:29:33
 0  0      0 709232  75100 1318088    0    0     0   204 48039 28967 50 17 33  0  0 2026-10-01 09:29:34
 3  0      0 701528  75100 1322756    0    0     0     0 45437 20473 56 17 26  0  0 2026-10-01 09:29:35
 3  0      0 646228  75100 1326616    0    0     0    20 48138 25331 50 23 27  0  0 2026-10-01 09:29:36
procs -----------memory---------- ---swap-- -----io---- -system-- ------cpu----- -----timestamp-----
 r  b   swpd   free   buff  cache   si   so    bi    bo   in   cs us sy id wa st                 UTC
 2  0      0 569632  75100 1330484    0    0     0     0 43336 21045 52 19 29  0  0 2026-10-01 09:29:37
 2  0      0 519120  75100 1332188    0    0     0     0 45043 24041 53 18 29  0  0 2026-10-01 09:29:38
 8  0      0 514472  75100 1333460    0    0     0 25368 46253 28772 36 18 45  1  0 2026-10-01 09:29:39
 1  0      0 509684  75100 1335740    0    0     0     0 45335 27178 41 16 43  0  0 2026-10-01 09:29:40
 0  0      0 509432  75100 1336328    0    0     0     0 36169 26585 11 12 77  0  0 2026-10-01 09:29:41
 0  0      0 603080  75100 1322024    0    0     0    12 56277 40704 14 20 67  0  0 2026-10-01 09:29:42
 0  0      0 603080  75100 1322024    0    0     0     0   34   47  0  0 100  0  0 2026-10-01 09:29:43
 0  0      0 602860  75100 1322028    0    0     0 87172  792 1044  0  1 92  7  0 2026-10-01 09:29:44
 0  0      0 569664  75100 1322136    0    0     0     4  925 1528 13  5 82  0  0 2026-10-01 09:29:45
