procs -----------memory---------- ---swap-- -----io---- -system-- ------cpu----- -----timestamp-----
 r  b   swpd   free   buff  cache   si   so    bi    bo   in   cs us sy id wa st                 UTC
 1  0      0 2225716  69264 762012    0    0   314   530  140 6841 13 29 57  1  0 2026-10-01 10:10:10
 1  0      0 2225592  69264 761956    0    0     0     0  657 1076  2  2 96  0  0 2026-10-01 10:10:11
 2  1      0 2167040  70308 764516    0    0     0 25068 5568 10281 46  7 31 16  1 2026-10-01 10:10:12
 1  0      0 2158528  70552 765700    0    0     0  7864 3384 5207  8  3 80  9  0 2026-10-01 10:10:13
 0  0      0 2158528  70556 765700    0    0     0   220  344  549  0  0 99  1  0 2026-10-01 10:10:14
 0  0      0 2158528  70556 765700    0    0     0    12  257  419  0  0 100  0  0 2026-10-01 10:10:15
 2  0      0 2115848  70696 769976    0    0     0  2420 22585 19238 28 12 53  7  0 2026-10-01 10:10:16
 3  1      0 2060128  70800 775776    0    0     0  4296 27803 22328 38 16 39  7  0 2026-10-01 10:10:17
 0  0      0 2025080  70920 783884    0    0     0  2600 39293 31025 53 24 18  5  0 2026-10-01 10:10:18
 0  0      0 1953720  71100 791108    0    0   116  2036 40710 31849 54 25 17  4  0 2026-10-01 10:10:19
 3  0      0 1857164  71172 799500    0    0     0  2536 48636 32892 63 32  3  2  0 2026-10-01 10:10:20
 4  0      0 1818808  71268 807732    0    0     0  2976 49187 32564 61 29  8  2  0 2026-10-01 10:10:21
17  0      0 1778816  71528 816644    0    0     0  3936 54896 35075 68 32  0  1  0 2026-10-01 10:10:22
 4  1      0 1711504  71636 823464    0    0     0  3928 58043 34515 60 39  0  1  0 2026-10-01 10:10:23
 6  0      0 1633772  71856 830948    0    0     0  3284 59880 32391 60 39  1  1  0 2026-10-01 10:10:24
 7  0      0 1558944  71944 837268    0    0     0  2344 62372 26793 62 38  0  0  0 2026-10-01 10:10:25
 6  0      0 1532212  72032 843996    0    0     0  2236 64676 30102 61 38  0  0  0 2026-10-01 10:10:26
 4  0      0 1496180  72176 851716    0    0     0 54436 69166 30120 54 45  1  1  0 2026-10-01 10:10:27
 5  0      0 1471164  72228 857704    0    0     0  1980 71835 34961 52 47  0  0  0 2026-10-01 10:10:28
 5  0      0 1432704  72244 863416    0    0     0  1420 72078 26052 54 46  0  0  1 2026-10-01 10:10:29
 9  0      0 1369904  72268 868804    0    0     0  1880 75081 29717 52 49  0  0  0 2026-10-01 10:10:30
procs -----------memory---------- ---swap-- -----io---- -system-- ------cpu----- -----timestamp-----
 r  b   swpd   free   buff  cache   si   so    bi    bo   in   cs us sy id wa st                 UTC
 3  0      0 1304144  72292 874864    0    0     0  1624 75933 25387 53 47  0  1  0 2026-10-01 10:10:31
 5  0      0 1239384  72336 880904    0    0     0 17040 73933 19025 50 50  1  0  0 2026-10-01 10:10:32
 7  0      0 1174148  72376 886008    0    0     0  1912 76951 22574 55 45  0  0  0 2026-10-01 10:10:33
 4  0      0 1143804  72396 891824    0    0     0  1432 79323 22043 50 50  0  0  0 2026-10-01 10:10:34
 3  1      0 1118876  72412 896776    0    0     0  1664 78385 19418 52 47  0  0  0 2026-10-01 10:10:35
 5  0      0 1083664  72432 902232    0    0     0  1484 81823 22506 52 48  0  0  0 2026-10-01 10:10:36
 9  0      0 1054380  72444 906360    0    0     0  1028 82467 18707 53 47  0  0  0 2026-10-01 10:10:37
 6  0      0 1030644  72456 911960    0    0     0  1464 81449 17203 41 59  0  1  0 2026-10-01 10:10:38
 7  0      0 1003040  72472 917016    0    0     0  1140 85221 14850 47 53  0  0  0 2026-10-01 10:10:39
 6  0      0 976132  72472 921532    0    0     0  1008 84774 23195 45 55  0  0  0 2026-10-01 10:10:40
 7  0      0 952884  72476 924872    0    0     0   880 80848 16904 44 57  0  0  0 2026-10-01 10:10:41
11  0      0 902908  72488 931056    0    0     0  1756 82096 6655 38 62  0  0  0 2026-10-01 10:10:42
 5  0      0 859516  72488 934132    0    0     0  1204 86949 12183 45 55  0  0  0 2026-10-01 10:10:43
 6  0      0 811092  72492 937724    0    0     0   980 83724 7899 40 60  0  0  0 2026-10-01 10:10:44
 4  0      0 758752  72500 941724    0    0     0   928 84154 7450 41 59  0  0  0 2026-10-01 10:10:45
 4  0      0 716356  72504 944240    0    0     0   996 84074 6854 45 55  0  0  0 2026-10-01 10:10:46
 5  0      0 698008  72516 949624    0    0     0  1160 80881 5110 47 53  0  0  0 2026-10-01 10:10:47
 8  0      0 679144  72520 952264    0    0     0 60872 77639 7203 44 56  0  0  0 2026-10-01 10:10:48
 4  0      0 663316  72520 956596    0    0     0  1008 80244 4172 40 61  0  0  0 2026-10-01 10:10:49
15  0      0 649000  72520 960328    0    0     0  1040 83003 9202 40 60  0  0  0 2026-10-01 10:10:50
 6  0      0 628096  72520 962532    0    0     0   960 87332 6460 42 58  0  0  0 2026-10-01 10:10:51
procs -----------memory---------- ---swap-- -----io---- -system-- ------cpu----- -----timestamp-----
 r  b   swpd   free   buff  cache   si   so    bi    bo   in   cs us sy id wa st                 UTC
 4  0      0 610504  72520 967492    0    0     0   872 81478 4072 45 55  0  0  0 2026-10-01 10:10:52
 7  0      0 593692  72524 970788    0    0     0  5232 84152 6565 44 56  0  0  0 2026-10-01 10:10:53
 9  0      0 567172  72532 973732    0    0     0   816 78230 6890 41 59  0  0  0 2026-10-01 10:10:54
 4  0      0 577336  72556 977404    0    0     0   772 87871 4839 42 58  0  0  0 2026-10-01 10:10:55
 5  0      0 557856  72576 981876    0    0     0   712 80829 4295 38 62  0  0  0 2026-10-01 10:10:56
 8  0      0 528144  72584 986180    0    0     0   696 79400 5522 40 60  0  0  0 2026-10-01 10:10:57
 4  0      0 494068  72604 988028    0    0     0   748 80061 5102 49 52  0  0  0 2026-10-01 10:10:58
 4  0      0 439552  72632 991632    0    0     0   952 81894 4112 40 61  0  0  0 2026-10-01 10:10:59
 4  0      0 396920  72652 995472    0    0     0   644 81510 5440 37 63  0  0  0 2026-10-01 10:11:00
 4  0      0 342260  72672 997816    0    0     0   748 85349 4433 39 60  0  0  0 2026-10-01 10:11:01
 4  0      0 318696  72716 999948    0    0     0   640 91038 4651 39 61  0  0  0 2026-10-01 10:11:02
 8  0      0 296628  72748 1002404    0    0     0   928 93199 6424 43 58  0  0  0 2026-10-01 10:11:03
 4  0      0 300464  72776 1004580    0    0     0   572 82892 6640 46 54  0  0  0 2026-10-01 10:11:04
 4  0      0 282060  72804 1007748    0    0     0   712 82407 5310 41 59  0  0  0 2026-10-01 10:11:05
 9  0      0 267988  72840 1012468    0    0     0   704 80429 4150 41 59  0  0  0 2026-10-01 10:11:06
 5  0      0 243592  72876 1015796    0    0     0   756 76339 6034 44 56  0  0  0 2026-10-01 10:11:07
 4  0      0 231456  73060 1018392    0    0     0 50148 80808 5042 43 58  0  0  0 2026-10-01 10:11:08
 7  0      0 224412  73084 1021724    0    0     0   840 79301 5199 47 53  0  0  0 2026-10-01 10:11:09
 6  0      0 215112  73096 1024892    0    0     0   700 77948 5966 38 62  0  0  0 2026-10-01 10:11:10
 5  0      0 229076  73108 1028272    0    0     0   908 83908 9670 41 60  0  0  0 2026-10-01 10:11:11
13  0      0 214604  73128 1031220    0    0     0   720 89940 7896 37 63  0  0  0 2026-10-01 10:11:12
procs -----------memory---------- ---swap-- -----io---- -system-- ------cpu----- -----timestamp-----
 r  b   swpd   free   buff  cache   si   so    bi    bo   in   cs us sy id wa st                 UTC
 4  0      0 159312  73148 1033296    0    0     0   616 92836 7794 42 58  0  0  0 2026-10-01 10:11:13
 4  0      0 173360  73160 1035476    0    0     0   556 86269 5862 44 57  0  0  0 2026-10-01 10:11:14
 5  0      0 163304  73188 1039112    0    0     0   568 89005 4800 42 59  0  0  0 2026-10-01 10:11:15
 3  0      0 212452  73220 1042680    0    0  1044   624 74424 4948 40 60  0  0  0 2026-10-01 10:11:16
 4  0      0 269672  73232 1032744    0    0   136   508 38689 15198 13 37 49  1  1 2026-10-01 10:11:17
