procs -----------memory---------- ---swap-- -----io---- -system-- ------cpu----- -----timestamp-----
 r  b   swpd   free   buff  cache   si   so    bi    bo   in   cs us sy id wa st                 UTC
 1  0      0 2810592  80472 700480    0    0   270  2958 10682 1526 39 10 50  2  0 2026-10-01 10:10:10
 0  0      0 2810592  80472 700556    0    0     0   452  129  160  0  1 100  0  0 2026-10-01 10:10:11
 0  3      0 2800632  80664 638980    0    0     0 25532 4333 7820 41  6 36 17  0 2026-10-01 10:10:12
 0  0      0 2790056  80716 639760    0    0     0  5396 1676 2833  6  2 86  6  0 2026-10-01 10:10:13
 0  0      0 2790056  80716 639760    0    0     0  1352  213  354  0  0 98  1  0 2026-10-01 10:10:14
 0  0      0 2790056  80716 639760    0    0     0     0   24   31  0  0 100  0  0 2026-10-01 10:10:15
 0  0      0 2771912  80752 641224    0    0     0   928 10000 13560 11  4 82  3  0 2026-10-01 10:10:16
 0  0      0 2742496  80764 643200    0    0     0  1044 14755 20200 17  5 74  4  0 2026-10-01 10:10:17
 2  0      0 2736632  80788 646092    0    0     0   940 15782 19618 23  6 68  3  0 2026-10-01 10:10:18
 0  0      0 2719660  80820 649588    0    0     0  1420 16854 21023 25  6 64  6  0 2026-10-01 10:10:19
 0  0      0 2705936  80860 654856    0    0     0  1420 19393 22240 37  7 52  3  0 2026-10-01 10:10:20
 0  0      0 2656736  80888 659364    0    0     0  1300 20041 22978 31 10 55  4  0 2026-10-01 10:10:21
 5  0      0 2623600  80892 664408    0    0     0   376 19867 19108 41 10 48  1  0 2026-10-01 10:10:22
 0  0      0 2615912  80924 669628    0    0     0   928 21675 22681 39  7 51  3  0 2026-10-01 10:10:23
 1  0      0 2582800  80964 675120    0    0     0  1072 23288 23101 43 10 46  2  0 2026-10-01 10:10:24
 5  0      0 2518424  80992 681724    0    0     0   836 24004 21174 48  9 41  3  0 2026-10-01 10:10:25
 5  0      0 2486488  81004 688080    0    0     0   568 24536 20161 57 10 33  1  0 2026-10-01 10:10:26
 2  0      0 2475808  81020 695488    0    0     0   892 26336 22121 53 11 34  2  0 2026-10-01 10:10:27
 1  0      0 2463052  81044 702148    0    0     0  1076 27862 24933 49 13 36  3  0 2026-10-01 10:10:28
 5  0      0 2382512  81060 709968    0    0     0   616 29783 22741 62 13 25  1  0 2026-10-01 10:10:29
 4  0      0 2325040  81080 717804    0    0     0   648 27388 16872 67 14 19  1  1 2026-10-01 10:10:30
procs -----------memory---------- ---swap-- -----io---- -system-- ------cpu----- -----timestamp-----
 r  b   swpd   free   buff  cache   si   so    bi    bo   in   cs us sy id wa st                 UTC
 5  0      0 2315812  81080 725068    0    0     0     0 29762 21631 57 12 31  0  0 2026-10-01 10:10:31
 6  0      0 2307312  81080 732148    0    0     0   240 30084 23204 57 13 30  0  0 2026-10-01 10:10:32
 3  0      0 2288044  81088 739736    0    0     0   232 31690 22970 63 12 24  1  0 2026-10-01 10:10:33
 5  0      0 2206972  81096 747500    0    0     0   368 31480 16853 62 14 24  1  0 2026-10-01 10:10:34
 6  0      0 2126960  81096 754880    0    0     0     0 28920 11831 73 12 15  0  0 2026-10-01 10:10:35
 5  0      0 2117496  81112 762464    0    0     0   328 34070 22103 64 12 23  1  0 2026-10-01 10:10:36
 8  0      0 2106568  81120 770248    0    0     0   480 34033 19350 64 14 22  1  0 2026-10-01 10:10:37
 4  0      0 2098588  81120 777112    0    0     0   252 32997 20567 56 13 30  0  0 2026-10-01 10:10:38
 4  0      0 2085144  81124 785900    0    0     0   276 33298 11818 71 13 16  1  0 2026-10-01 10:10:39
 2  0      0 2003088  81136 793240    0    0     0   480 35541 16702 60 19 21  1  0 2026-10-01 10:10:40
 3  0      0 1923460  81140 799872    0    0     0    80 35534 18663 60 18 22  0  0 2026-10-01 10:10:41
 5  0      0 1889384  81148 806080    0    0     0  8164 34130 13609 70 13 16  1  0 2026-10-01 10:10:42
 3  0      0 1878908  81148 814024    0    0     0 63148 38216 17539 69 15 15  1  0 2026-10-01 10:10:43
 5  0      0 1870716  81148 820328    0    0     0     8 39194 20937 56 14 29  0  0 2026-10-01 10:10:44
 3  0      0 1863436  81148 826836    0    0     0   312 39355 21274 57 13 29  1  0 2026-10-01 10:10:45
 2  0      0 1855144  81148 833928    0    0     0     0 37270 14998 64 15 21  0  0 2026-10-01 10:10:46
 4  0      0 1849404  81148 838772    0    0     0   108 39363 22703 49 15 37  0  0 2026-10-01 10:10:47
12  0      0 1797828  81148 843288    0    0     0 113732 38743 23748 44 20 32  3  0 2026-10-01 10:10:48
 0  0      0 1724384  81148 848856    0    0     0     0 36743 15924 60 11 28  0  0 2026-10-01 10:10:49
 2  0      0 1650840  81148 854064    0    0     0    84 36444 9423 71 15 13  0  0 2026-10-01 10:10:50
 2  0      0 1644540  81148 859880    0    0     0     0 41413 22034 54 18 28  0  0 2026-10-01 10:10:51
procs -----------memory---------- ---swap-- -----io---- -system-- ------cpu----- -----timestamp-----
 r  b   swpd   free   buff  cache   si   so    bi    bo   in   cs us sy id wa st                 UTC
 0  0      0 1640508  81152 863448    0    0     0   140 41122 25761 44 13 42  1  0 2026-10-01 10:10:52
 2  0      0 1631924  81152 869012    0    0     0   132 39955 20344 62 16 22  0  0 2026-10-01 10:10:53
 2  0      0 1625372  81152 873216    0    0     0     0 37014 22337 43 14 43  0  0 2026-10-01 10:10:54
 2  0      0 1622096  81152 876488    0    0     0     0 45005 31887 36 16 47  0  0 2026-10-01 10:10:55
 7  0      0 1614252  81152 881648    0    0     0     8 37451 20120 56 14 30  0  0 2026-10-01 10:10:56
 0  0      0 1608820  81152 885384    0    0     0     0 38532 24741 45 11 44  0  0 2026-10-01 10:10:57
 0  0      0 1604368  81152 888816    0    0     0   100 41747 27825 42 12 46  0  0 2026-10-01 10:10:58
 2  0      0 1582948  81152 892344    0    0     0     0 40261 25582 50 16 34  0  0 2026-10-01 10:10:59
 0  0      0 1522828  81152 896964    0    0     0     0 39560 21642 47 16 36  0  0 2026-10-01 10:11:00
 6  0      0 1468900  81152 900300    0    0     0     0 42819 27676 43 17 39  0  0 2026-10-01 10:11:01
 7  0      0 1407076  81152 905024    0    0     0     8 37866 15987 65 17 18  0  1 2026-10-01 10:11:02
 1  0      0 1398464  81156 911256    0    0     0   112 43860 18407 65 16 19  0  0 2026-10-01 10:11:03
 3  0      0 1395328  81156 912972    0    0     0     0 39067 27665 31 15 54  0  0 2026-10-01 10:11:04
 6  0      0 1389684  81156 916752    0    0     0     0 42159 24951 49 15 36  0  0 2026-10-01 10:11:05
 0  0      0 1385736  81156 919752    0    0     0     0 40816 27917 35 14 51  0  0 2026-10-01 10:11:06
 1  0      0 1381268  81156 923256    0    0     0     0 37605 22135 51 16 34  0  0 2026-10-01 10:11:07
 1  0      0 1378020  81160 926100    0    0     0   112 39931 28006 32 13 55  0  0 2026-10-01 10:11:08
 3  0      0 1375584  81160 927924    0    0     0     0 41979 33384 27 14 59  0  0 2026-10-01 10:11:09
 0  0      0 1371888  81160 930564    0    0     0     0 39334 25555 44 12 44  0  0 2026-10-01 10:11:10
 0  0      0 1368192  81160 933444    0    0     0     0 41461 29900 37 13 51  0  0 2026-10-01 10:11:11
 0  0      0 1359504  81160 936000    0    0     0     0 42911 31572 38 16 46  0  0 2026-10-01 10:11:12
procs -----------memory---------- ---swap-- -----io---- -system-- ------cpu----- -----timestamp-----
 r  b   swpd   free   buff  cache   si   so    bi    bo   in   cs us sy id wa st                 UTC
 2  0      0 1352164  81160 940620    0    0     0 28008 41140 23636 55 17 28  1  0 2026-10-01 10:11:13
 0  0      0 1343932  81160 943152    0    0     0     8 45243 36227 30 14 56  0  0 2026-10-01 10:11:14
 0  0      0 1301092  81160 945360    0    0     0     0 44830 34307 38 16 46  0  0 2026-10-01 10:11:15
 8  0      0 1271944  81160 946928    0    0     0     0 45727 29930 30 20 50  0  0 2026-10-01 10:11:16
 1  0      0 1271944  81160 945924    0    0     0  1164 25628 19305  6  9 84  0  0 2026-10-01 10:11:17
 0  0      0 1312308  81160 936496    0    0     0   144 29754 22393  5  8 88  0  0 2026-10-01 10:11:18
 0  0      0 1280084  81176 937412    0    0   928 66724 1250 1697 13  5 78  4  0 2026-10-01 10:11:19
