procs -----------memory---------- ---swap-- -----io---- -system-- ------cpu----- -----timestamp-----
 r  b   swpd   free   buff  cache   si   so    bi    bo   in   cs us sy id wa st                 UTC
 0  0      0 31158044  25252 476036    0    0     4     2  286  374 16  4 80  0  0 2026-10-01 10:10:10
 0  0      0 31152036  25252 476032    0    0     0     0 1766 1658  0  0 99  0  0 2026-10-01 10:10:11
 0  0      0 31146548  25252 476036    0    0     0     0 3082 2459  2  0 98  0  0 2026-10-01 10:10:12
 0  0      0 31146352  25252 476036    0    0     0     0   71  116  0  0 100  0  0 2026-10-01 10:10:13
 0  0      0 31146352  25252 476036    0    0     0     0   83  137  0  0 100  0  0 2026-10-01 10:10:14
 0  0      0 31127956  25260 476036    0    0     0    44 14504 14983  6  0 94  0  0 2026-10-01 10:10:15
 0  0      0 31074028  25260 476036    0    0     0     0 38961 45929 12  1 86  0  0 2026-10-01 10:10:16
17  0      0 31006084  25260 476036    0    0     0     0 45900 51733 17  1 81  0  0 2026-10-01 10:10:17
 0  0      0 30915308  25260 476324    0    0     0     0 51385 53892 21  2 77  0  0 2026-10-01 10:10:18
 1  0      0 30816736  25260 476876    0    0     0     0 60115 60237 27  3 71  0  0 2026-10-01 10:10:19
14  0      0 30678140  25260 478028    0    0     0     0 63029 58927 28  3 70  0  0 2026-10-01 10:10:20
 4  0      0 30555692  25268 478988    0    0     0    12 68786 59678 32  3 65  0  0 2026-10-01 10:10:21
16  0      0 30434916  25268 480044    0    0     0     0 66759 59465 28  3 69  0  0 2026-10-01 10:10:22
 1  0      0 30396480  25268 480900    0    0     0     0 70617 60790 37  3 61  0  0 2026-10-01 10:10:23
16  0      0 30270456  25268 481692    0    0     0     0 75878 60855 31  3 65  0  0 2026-10-01 10:10:24
 4  0      0 30109868  25268 482628    0    0     0     0 78206 60573 34  4 63  0  0 2026-10-01 10:10:25
16  0      0 29971128  25268 483292    0    0     0     0 84200 59754 41  4 55  0  0 2026-10-01 10:10:26
15  0      0 29932824  25276 484308    0    0     0    12 84233 65737 38  4 58  0  0 2026-10-01 10:10:27
 4  0      0 29784648  25276 484988    0    0     0     0 86472 61123 42  5 53  0  0 2026-10-01 10:10:28
16  0      0 29676456  25276 485924    0    0     0     0 88553 65665 41  4 55  0  0 2026-10-01 10:10:29
 2  0      0 29547768  25276 486548    0    0     0     0 89491 55597 48  4 48  0  0 2026-10-01 10:10:30
procs -----------memory---------- ---swap-- -----io---- -system-- ------cpu----- -----timestamp-----
 r  b   swpd   free   buff  cache   si   so    bi    bo   in   cs us sy id wa st                 UTC
16  0      0 29384816  25276 487556    0    0     0     0 90866 64003 35  5 61  0  0 2026-10-01 10:10:31
 5  0      0 29282840  25276 488324    0    0     0   680 92309 53852 52  5 43  0  0 2026-10-01 10:10:32
 4  0      0 29194164  25284 489020    0    0     0    20 93318 70808 36  4 59  0  0 2026-10-01 10:10:33
12  0      0 29055564  25284 489932    0    0     0     0 97972 50734 57  4 39  0  0 2026-10-01 10:10:34
 7  0      0 29030852  25284 490612    0    0     0     0 100863 72369 40  5 55  0  0 2026-10-01 10:10:35
16  0      0 28868764  25284 491516    0    0     0     0 97596 51458 54  6 40  0  0 2026-10-01 10:10:36
16  0      0 28865660  25284 492084    0    0     0     0 98466 69307 43  5 53  0  0 2026-10-01 10:10:37
16  0      0 28517944  25284 492580    0    0     0    48 108604 52032 52  7 41  0  0 2026-10-01 10:10:38
 4  0      0 28519456  25292 493692    0    0     0    12 100797 59006 54  5 41  0  0 2026-10-01 10:10:39
16  0      0 28228764  25292 494324    0    0     0     0 117716 64549 50  6 44  0  0 2026-10-01 10:10:40
16  0      0 28226308  25292 494772    0    0     0     4 107362 66079 40  5 55  0  0 2026-10-01 10:10:41
 0  0      0 28224704  25292 495468    0    0     0   600 108888 60440 50  5 45  0  0 2026-10-01 10:10:42
16  0      0 28127456  25292 496108    0    0     0     0 118792 51834 57  6 37  0  0 2026-10-01 10:10:43
 0  0      0 28103616  25292 496860    0    0     0     0 103415 49316 50  6 44  0  0 2026-10-01 10:10:44
 2  0      0 28096844  25300 497372    0    0     0    28 117360 67665 39  6 55  0  0 2026-10-01 10:10:45
 0  0      0 27847480  25300 497712    0    0     0     0 131760 58646 50  7 43  0  0 2026-10-01 10:10:46
 5  0      0 27839596  25300 498288    0    0     0     0 109984 58903 49  5 46  0  0 2026-10-01 10:10:47
 4  0      0 27833752  25300 498712    0    0     0     0 120053 66416 42  6 52  0  0 2026-10-01 10:10:48
 9  0      0 27807984  25300 499120    0    0     0     0 117480 54875 51  5 43  0  0 2026-10-01 10:10:49
 0  0      0 27804172  25300 499464    0    0     0     0 115254 60310 50  6 45  0  0 2026-10-01 10:10:50
15  0      0 27795820  25308 499768    0    0     0    12 125937 76840 36  6 58  0  0 2026-10-01 10:10:51
procs -----------memory---------- ---swap-- -----io---- -system-- ------cpu----- -----timestamp-----
 r  b   swpd   free   buff  cache   si   so    bi    bo   in   cs us sy id wa st                 UTC
 8  0      0 27605388  25308 500208    0    0     0     0 128611 54001 53  6 41  0  0 2026-10-01 10:10:52
 0  0      0 27598464  25308 501000    0    0     0     0 115063 54842 53  6 41  0  0 2026-10-01 10:10:53
 4  0      0 27595888  25308 501032    0    0     0     0 120759 80715 27  5 68  0  0 2026-10-01 10:10:54
16  0      0 27480192  25308 501288    0    0     0     0 125213 56876 54  6 40  0  0 2026-10-01 10:10:55
16  0      0 27477252  25308 502216    0    0     0     0 119808 63964 46  6 48  0  0 2026-10-01 10:10:56
 4  0      0 27453200  25316 502224    0    0     0    12 117476 66999 36  6 58  0  0 2026-10-01 10:10:57
 9  0      0 27391352  25316 502480    0    0     0     0 118006 57464 50  6 44  0  0 2026-10-01 10:10:58
 0  0      0 27383904  25316 503280    0    0     0     0 122616 72506 36  6 58  0  0 2026-10-01 10:10:59
 0  0      0 27311636  25316 503280    0    0     0     0 117453 58930 47  5 48  0  0 2026-10-01 10:11:00
16  0      0 27307772  25316 503504    0    0     0     0 130200 83786 36  6 57  0  0 2026-10-01 10:11:01
 2  0      0 27188864  25324 504240    0    0     0    12 135639 57584 57  6 37  0  0 2026-10-01 10:11:02
 2  0      0 27136028  25324 504336    0    0     0     0 128665 70606 47  7 47  0  0 2026-10-01 10:11:03
 6  0      0 27131996  25324 504504    0    0     0     0 123712 79058 31  6 63  0  0 2026-10-01 10:11:04
 2  0      0 27049148  25324 504960    0    0     0     0 122954 56956 51  6 42  0  0 2026-10-01 10:11:05
16  0      0 27046892  25324 505488    0    0     0     0 121257 67125 41  6 53  0  0 2026-10-01 10:11:06
 7  0      0 26951776  25332 505968    0    0     0   228 120145 55820 47  7 46  0  0 2026-10-01 10:11:07
 1  0      0 26950040  25332 505968    0    0     0     0 123073 82624 26  7 67  0  0 2026-10-01 10:11:08
16  0      0 26876932  25332 505968    0    0     0    28 121181 51516 53 10 38  0  0 2026-10-01 10:11:09
 6  0      0 26874188  25332 506352    0    0     0     0 115605 64732 31 17 51  0  0 2026-10-01 10:11:10
 1  0      0 26833872  25332 506760    0    0     0     0 112386 30821 55 28 17  0  0 2026-10-01 10:11:11
16  0      0 26830512  25340 507520    0    0     0    36 113026 48946 36 33 31  0  0 2026-10-01 10:11:12
procs -----------memory---------- ---swap-- -----io---- -system-- ------cpu----- -----timestamp-----
 r  b   swpd   free   buff  cache   si   so    bi    bo   in   cs us sy id wa st                 UTC
12  0      0 26662568  25340 507624    0    0     0     0 124776 47706 47 13 41  0  0 2026-10-01 10:11:13
 0  0      0 26661056  25340 507624    0    0     0     0 132514 87500 28 10 62  0  0 2026-10-01 10:11:14
 0  0      0 26622012  25340 508048    0    0     0     0 123532 47754 53 20 27  0  0 2026-10-01 10:11:15
 1  0      0 29946128  25340 508160    0    0     0     0 17472 3476  0  1 99  0  0 2026-10-01 10:11:16
 0  0      0 31177268  25348 476300    0    0     0    28 69110  542  0  2 98  0  0 2026-10-01 10:11:17
 0  0      0 31177268  25348 476300    0    0     0     0 2186  116  0  0 100  0  0 2026-10-01 10:11:18
 0  0      0 31177268  25348 476300    0    0     0     0   85  147  0  0 100  0  0 2026-10-01 10:11:19
 0  0      0 31177268  25348 476300    0    0     0     0   66  118  0  0 100  0  0 2026-10-01 10:11:20
