procs -----------memory---------- ---swap-- -----io---- -system-- ------cpu----- -----timestamp-----
 r  b   swpd   free   buff  cache   si   so    bi    bo   in   cs us sy id wa st                 UTC
 1  0      0 2922452  76388 618928    0    0   311  2960 10541 1574 38 10 50  2  0 2026-10-01 10:10:10
 0  0      0 2922524  76388 619044    0    0     0   544  159  176  0  0 99  0  0 2026-10-01 10:10:11
 1  3      0 2894228  76600 575816    0    0   236 25496 4887 8955 42  6 34 18  0 2026-10-01 10:10:12
 0  0      0 2886816  76648 577104    0    0     0  5256 2192 3845  6  1 87  7  0 2026-10-01 10:10:13
 0  0      0 2886816  76648 577104    0    0     0  1392  171  247  0  0 99  1  0 2026-10-01 10:10:14
 0  0      0 2886816  76648 577104    0    0     0     0   42   38  0  1 100  0  0 2026-10-01 10:10:15
 0  0      0 2849768  76688 580944    0    0     0  2100 7726 7796 20  5 68  7  0 2026-10-01 10:10:16
 0  0      0 2808944  76744 585404    0    0     0  2176 8813 8713 26  3 63  8  0 2026-10-01 10:10:17
 0  0      0 2798332  76792 590956    0    0     0  1640 12427 11982 34  5 57  5  0 2026-10-01 10:10:18
 1  0      0 2761516  76828 595840    0    0     0  1568 13132 12945 30  6 60  4  0 2026-10-01 10:10:19
 0  0      0 2706172  76836 601316    0    0     0   440 15469 14243 39  6 54  1  0 2026-10-01 10:10:20
 0  0      0 2676348  76852 606768    0    0     0   672 16124 14196 40  8 50  2  0 2026-10-01 10:10:21
 4  0      0 2667388  76876 612148    0    0     0   776 16809 15498 37  7 55  1  0 2026-10-01 10:10:22
 1  0      0 2635272  76884 618364    0    0     0   532 20270 18124 45  8 46  2  0 2026-10-01 10:10:23
 2  0      0 2580180  76892 624172    0    0     0   320 21294 19005 42 10 47  1  0 2026-10-01 10:10:24
 7  0      0 2528700  76924 631812    0    0     0  1072 21369 13774 57 11 29  2  0 2026-10-01 10:10:25
 2  0      0 2521684  76928 637580    0    0     0   488 23573 20028 43  9 47  1  0 2026-10-01 10:10:26
 3  0      0 2509704  76956 645728    0    0     0   596 27014 21233 60 11 28  2  0 2026-10-01 10:10:27
 1  0      0 2455856  76976 652500    0    0     0   868 26279 19707 47 14 36  3  0 2026-10-01 10:10:28
 2  0      0 2374176  76984 660412    0    0     0   428 26866 16931 57 14 28  1  0 2026-10-01 10:10:29
 1  0      0 2329248  76988 667432    0    0     0   456 26343 14959 65  9 24  1  0 2026-10-01 10:10:30
procs -----------memory---------- ---swap-- -----io---- -system-- ------cpu----- -----timestamp-----
 r  b   swpd   free   buff  cache   si   so    bi    bo   in   cs us sy id wa st                 UTC
 2  0      0 2318520  76988 676040    0    0     0   612 28949 18394 64 12 24  1  0 2026-10-01 10:10:31
 3  0      0 2308536  76992 683864    0    0     0   320 29050 16882 60 11 28  1  1 2026-10-01 10:10:32
 5  0      0 2294268  77000 691964    0    0     0   448 30582 18426 63 13 24  1  0 2026-10-01 10:10:33
 3  0      0 2206752  77000 700008    0    0     0   232 32506 18133 62 15 21  1  0 2026-10-01 10:10:34
 3  0      0 2114012  77000 708396    0    0     0   440 28088 5609 77 13  9  1  0 2026-10-01 10:10:35
 3  0      0 2103096  77012 716496    0    0     0   220 32081 16263 63 14 23  0  0 2026-10-01 10:10:36
 8  0      0 2090996  77024 725292    0    0     0   512 33709 14191 73 11 15  1  0 2026-10-01 10:10:37
 4  0      0 2082596  77024 731416    0    0     0   172 33912 21655 53 14 33  0  0 2026-10-01 10:10:38
 4  0      0 2069956  77024 741400    0    0     0     0 34384 7948 83 13  4  0  0 2026-10-01 10:10:39
 4  0      0 1995712  77032 748524    0    0     0   504 36881 18860 64 13 22  2  0 2026-10-01 10:10:40
 4  0      0 1914832  77032 755508    0    0     0     0 35986 15304 60 16 24  0  0 2026-10-01 10:10:41
 1  0      0 1850108  77032 761300    0    0     0     0 34616 11549 68 18 14  0  0 2026-10-01 10:10:42
 4  0      0 1839856  77032 769868    0    0     0  3572 37706 13792 70 16 14  0  0 2026-10-01 10:10:43
 3  0      0 1832616  77032 775864    0    0     0     0 39703 18751 52 16 32  0  0 2026-10-01 10:10:44
 3  0      0 1823640  77036 782900    0    0     0   152 39817 18223 65 15 20  0  0 2026-10-01 10:10:45
 2  0      0 1813600  77036 790100    0    0     0     0 38154 13066 70 14 17  0  0 2026-10-01 10:10:46
 2  0      0 1807804  77036 795116    0    0     0     0 39340 21205 55 13 32  0  0 2026-10-01 10:10:47
 8  0      0 1794276  77036 801204    0    0     0 92328 39175 21463 49 18 31  3  0 2026-10-01 10:10:48
 0  0      0 1718732  77040 807364    0    0     0   276 37250 14469 59 18 23  1  0 2026-10-01 10:10:49
 2  0      0 1637812  77040 813516    0    0     0     0 38607 12181 64 19 17  0  0 2026-10-01 10:10:50
 2  0      0 1584680  77040 818804    0    0     0  1916 38272 16163 61 19 19  0  0 2026-10-01 10:10:51
procs -----------memory---------- ---swap-- -----io---- -system-- ------cpu----- -----timestamp-----
 r  b   swpd   free   buff  cache   si   so    bi    bo   in   cs us sy id wa st                 UTC
 8  0      0 1578700  77040 823672    0    0     0    96 38490 19670 55 16 29  0  0 2026-10-01 10:10:52
 0  0      0 1565708  77040 829788    0    0     0 74296 41317 14763 65 19 16  0  0 2026-10-01 10:10:53
 2  0      0 1561956  77040 833072    0    0     0     0 39088 26995 36 17 47  0  0 2026-10-01 10:10:54
 0  0      0 1557560  77040 836060    0    0     0   100 45925 30619 42 16 42  0  1 2026-10-01 10:10:55
 0  0      0 1548344  77040 842836    0    0     0     0 38322 15667 70 12 18  0  0 2026-10-01 10:10:56
 3  0      0 1543248  77040 846200    0    0     0   120 39087 24515 42 15 42  0  0 2026-10-01 10:10:57
 3  0      0 1539776  77040 849132    0    0     0     0 43473 28270 37 16 46  0  0 2026-10-01 10:10:58
 2  0      0 1534232  77040 852812    0    0     0 41824 40641 26693 48 15 35  2  0 2026-10-01 10:10:59
 2  0      0 1519724  77040 858092    0    0     0     0 40111 15901 59 14 27  0  0 2026-10-01 10:11:00
 2  0      0 1462456  77040 861020    0    0     0     8 42806 24584 45 18 37  0  0 2026-10-01 10:11:01
 2  0      0 1396108  77040 866168    0    0     0     0 43649 24442 48 19 33  0  0 2026-10-01 10:11:02
 3  0      0 1327072  77040 870576    0    0     0     0 35723 4117 82 13  5  0  0 2026-10-01 10:11:03
 0  0      0 1323824  77040 873552    0    0     0 20356 43341 27150 34 17 48  1  0 2026-10-01 10:11:04
 0  0      0 1318700  77040 876844    0    0     0     0 41554 23396 47 14 39  0  0 2026-10-01 10:11:05
 6  0      0 1312848  77040 880752    0    0     0     0 41689 23130 50 16 34  0  0 2026-10-01 10:11:06
 0  0      0 1309852  77040 883468    0    0     0    20 39048 25733 40 14 46  0  0 2026-10-01 10:11:07
 2  0      0 1306084  77040 886292    0    0     0     0 41339 26019 43 14 43  0  0 2026-10-01 10:11:08
 2  0      0 1302836  77040 888836    0    0     0 12756 41705 29628 29 18 53  1  0 2026-10-01 10:11:09
 0  0      0 1298928  77040 891448    0    0     0     0 39697 24129 44 14 42  0  0 2026-10-01 10:11:10
 2  0      0 1295652  77040 894384    0    0     0     0 40989 27335 38 16 46  0  0 2026-10-01 10:11:11
 0  0      0 1291424  77040 897648    0    0     0   188 43157 25723 49 15 36  0  0 2026-10-01 10:11:12
procs -----------memory---------- ---swap-- -----io---- -system-- ------cpu----- -----timestamp-----
 r  b   swpd   free   buff  cache   si   so    bi    bo   in   cs us sy id wa st                 UTC
 3  0      0 1286900  77044 901976    0    0     0   244 41783 23742 49 16 35  0  0 2026-10-01 10:11:13
 0  0      0 1282868  77044 905000    0    0     0  3096 45038 31425 38 15 46  0  0 2026-10-01 10:11:14
 1  0      0 1280348  77044 907472    0    0     0     0 44725 34239 37 15 48  0  0 2026-10-01 10:11:15
 5  0      0 1266236  77044 909088    0    0     0     0 47021 33559 29 16 55  0  0 2026-10-01 10:11:16
 2  0      0 1265984  77044 907972    0    0     0     0 26148 19653  6  8 85  0  0 2026-10-01 10:11:17
 0  0      0 1305096  77048 897912    0    0     0   132 30380 22576  5 10 85  0  0 2026-10-01 10:11:18
 0  0      0 1305096  77048 897912    0    0     0 35300  299  309  0  0 96  3  0 2026-10-01 10:11:19
 1  0      0 1272088  77268 899948    0    0  2248     0  594  873 12  3 81  5  0 2026-10-01 10:11:20
