+--------+--------+-------------------------------------------+-------+-------+-------+---------+-------+--------+-----+-----+-----+
| COUNT  | METHOD |                    URI                    |  MIN  |  AVG  |  MAX  |   SUM   |  P99  |  2XX   | 3XX | 4XX | 5XX |
+--------+--------+-------------------------------------------+-------+-------+-------+---------+-------+--------+-----+-----+-----+
| 137404 | GET    | ^/api/player/player/[^/]+                 | 0.000 | 0.003 | 0.092 | 417.765 | 0.036 | 137394 | 0   | 10  | 0   |
| 58521  | GET    | ^/api/player/competition/[^/]+/ranking    | 0.000 | 0.003 | 0.100 | 184.309 | 0.036 | 58510  | 0   | 11  | 0   |
| 7767   | GET    | /api/player/competitions                  | 0.000 | 0.005 | 0.092 | 42.044  | 0.048 | 7757   | 0   | 10  | 0   |
| 1282   | POST   | ^/api/organizer/competition/[^/]+/finish  | 0.000 | 0.006 | 0.080 | 7.776   | 0.052 | 1281   | 0   | 1   | 0   |
| 1252   | GET    | /api/organizer/billing                    | 0.000 | 0.004 | 0.060 | 4.688   | 0.040 | 1252   | 0   | 0   | 0   |
| 1350   | POST   | /api/organizer/competitions/add           | 0.004 | 0.003 | 0.100 | 4.428   | 0.040 | 1349   | 0   | 1   | 0   |
| 1364   | POST   | ^/api/organizer/competition/[^/]+/score   | 0.004 | 0.003 | 0.064 | 4.424   | 0.024 | 1359   | 0   | 5   | 0   |
| 1341   | GET    | /api/organizer/players                    | 0.000 | 0.003 | 0.072 | 3.744   | 0.032 | 1341   | 0   | 0   | 0   |
| 1      | POST   | /initialize                               | 3.724 | 3.724 | 3.724 | 3.724   | 3.724 | 1      | 0   | 0   | 0   |
| 1236   | GET    | /api/admin/tenants/billing?before=xxx     | 0.000 | 0.002 | 0.052 | 2.312   | 0.020 | 1236   | 0   | 0   | 0   |
| 118    | POST   | /api/organizer/players/add                | 0.004 | 0.015 | 0.048 | 1.728   | 0.040 | 118    | 0   | 0   | 0   |
| 82     | GET    | /api/admin/tenants/billing                | 0.000 | 0.002 | 0.028 | 0.160   | 0.028 | 82     | 0   | 0   | 0   |
| 92     | POST   | /api/admin/tenants/add                    | 0.020 | 0.001 | 0.020 | 0.120   | 0.020 | 87     | 0   | 5   | 0   |
| 12     | POST   | ^/api/organizer/player/[^/]+/disqualified | 0.000 | 0.002 | 0.020 | 0.024   | 0.020 | 11     | 0   | 1   | 0   |
| 1      | GET    | /api/me                                   | 0.004 | 0.004 | 0.004 | 0.004   | 0.004 | 1      | 0   | 0   | 0   |
| 1      | GET    | ^/css/                                    | 0.000 | 0.000 | 0.000 | 0.000   | 0.000 | 1      | 0   | 0   | 0   |
| 1      | GET    | ^/js/                                     | 0.000 | 0.000 | 0.000 | 0.000   | 0.000 | 1      | 0   | 0   | 0   |
| 1      | GET    | /index.html                               | 0.000 | 0.000 | 0.000 | 0.000   | 0.000 | 1      | 0   | 0   | 0   |
| 1      | GET    | /api/organizer/competitions               | 0.000 | 0.000 | 0.000 | 0.000   | 0.000 | 1      | 0   | 0   | 0   |
+--------+--------+-------------------------------------------+-------+-------+-------+---------+-------+--------+-----+-----+-----+
