procs -----------memory---------- ---swap-- -----io---- -system-- ------cpu----- -----timestamp-----
 r  b   swpd   free   buff  cache   si   so    bi    bo   in   cs us sy id wa st                 UTC
 0  0      0 2271700  31024 1233412    0    0   319   109 1418  366 12  2 83  3  0 2026-10-01 07:33:18
 0  0      0 2263132  31024 1233424    0    0     0     0  757 1157  5  3 93  0  0 2026-10-01 07:33:19
 0  0      0 2263132  31024 1233424    0    0     0     0   85  147  0  0 100  0  0 2026-10-01 07:33:20
 0  0      0 2263132  31024 1233424    0    0     0     0   76  140  0  0 100  0  0 2026-10-01 07:33:21
 0  0      0 2263132  31024 1233424    0    0     0     0   78  134  0  0 100  0  0 2026-10-01 07:33:22
 0  0      0 2262124  31032 1233424    0    0     0    44 1381  899 11  1 88  0  0 2026-10-01 07:33:23
 0  0      0 2262124  31032 1233424    0    0     0     4  101  181  0  0 100  0  0 2026-10-01 07:33:24
 0  0      0 2262124  31032 1233424    0    0     0     0   72  133  0  0 100  0  0 2026-10-01 07:33:25
 3  0      0 2249060  31032 1233424    0    0     0     0 9546 6548 48  5 47  0  0 2026-10-01 07:33:26
 2  0      0 2217432  31032 1233616    0    0     0     0 13864 10141 67  5 28  0  0 2026-10-01 07:33:27
 2  0      0 2171200  31032 1233872    0    0     0     0 13745 4593 76  9 15  0  0 2026-10-01 07:33:28
 2  0      0 2129200  31040 1234192    0    0     0    20 14111 3034 84  7  9  0  0 2026-10-01 07:33:29
 2  0      0 2072664  31040 1234512    0    0     0     4 14124 1525 90  6  5  0  0 2026-10-01 07:33:30
 2  0      0 2024388  31040 1234832    0    0     0     0 14468 2309 89  6  5  0  0 2026-10-01 07:33:31
 2  0      0 1953940  31040 1235120    0    0     0    16 15900 2004 87  9  4  0  0 2026-10-01 07:33:32
 2  0      0 1931088  31040 1235360    0    0     0     0 16070  735 90  9  1  0  0 2026-10-01 07:33:33
 2  0      0 1883040  31048 1235536    0    0     0    32 15909 1047 92  7  0  0  0 2026-10-01 07:33:34
 2  0      0 1835944  31048 1235696    0    0     0     0 16755  753 93  7  1  0  0 2026-10-01 07:33:35
 2  0      0 1813344  31048 1235856    0    0     0     4 16985  676 90 10  0  0  0 2026-10-01 07:33:36
 2  0      0 1788956  31048 1236068    0    0     0    52 17280  630 93  7  0  0  0 2026-10-01 07:33:37
 2  0      0 1776636  31048 1236188    0    0     0     0 17589  688 92  8  0  0  0 2026-10-01 07:33:38
procs -----------memory---------- ---swap-- -----io---- -system-- ------cpu----- -----timestamp-----
 r  b   swpd   free   buff  cache   si   so    bi    bo   in   cs us sy id wa st                 UTC
 2  0      0 1751504  31056 1236360    0    0     0    12 19088  679 92  8  0  0  0 2026-10-01 07:33:39
 2  0      0 1727632  31056 1236560    0    0     0     0 19024  622 91  9  0  0  0 2026-10-01 07:33:40
 2  0      0 1707276  31056 1236640    0    0     0     0 17747  621 91  9  0  0  0 2026-10-01 07:33:41
 2  0      0 1674732  31056 1236808    0    0     0     4 19726  659 89  9  2  0  0 2026-10-01 07:33:42
 2  0      0 1657648  31056 1237008    0    0     0     0 18834  585 91  9  0  0  0 2026-10-01 07:33:43
 2  0      0 1628948  31064 1237168    0    0     0    12 18967  625 90 10  0  0  0 2026-10-01 07:33:44
 2  0      0 1622956  31064 1237304    0    0     0     0 20253  613 92  8  0  0  0 2026-10-01 07:33:45
 2  0      0 1609640  31064 1237344    0    0     0     0 19265  599 93  7  0  0  0 2026-10-01 07:33:46
 2  0      0 1566588  31064 1237504    0    0     0     0 19271  633 92  8  0  0  0 2026-10-01 07:33:47
 2  0      0 1529584  31064 1237700    0    0     0     4 19380  576 91  9  0  0  0 2026-10-01 07:33:48
 2  0      0 1520568  31072 1237756    0    0     0   924 20157  702 90 10  0  0  0 2026-10-01 07:33:49
 2  0      0 1516564  31072 1237948    0    0     0     0 20403  606 90 10  0  0  0 2026-10-01 07:33:50
 2  0      0 1474016  31072 1238072    0    0     0     0 18435  567 92  8  0  0  0 2026-10-01 07:33:51
 2  0      0 1468500  31072 1238208    0    0     0     0 22966  618 87 13  0  0  0 2026-10-01 07:33:52
 2  0      0 1431020  31072 1238248    0    0     0     0 18658  583 91  9  0  0  0 2026-10-01 07:33:53
 2  0      0 1412372  31080 1238392    0    0     0    32 21097  615 90 10  0  0  0 2026-10-01 07:33:54
 2  0      0 1405904  31080 1238524    0    0     0     0 20110  564 92  8  0  0  0 2026-10-01 07:33:55
 2  0      0 1382984  31080 1238644    0    0     0     0 21713  621 89 12  0  0  0 2026-10-01 07:33:56
 2  0      0 1368700  31080 1238836    0    0     0     0 18028  616 91 10  0  0  0 2026-10-01 07:33:57
 2  0      0 1358144  31080 1238896    0    0     0     0 24558  688 90 11  0  0  0 2026-10-01 07:33:58
 2  0      0 1317068  31088 1238956    0    0     0    20 16625  596 93  7  0  0  0 2026-10-01 07:33:59
procs -----------memory---------- ---swap-- -----io---- -system-- ------cpu----- -----timestamp-----
 r  b   swpd   free   buff  cache   si   so    bi    bo   in   cs us sy id wa st                 UTC
 2  0      0 1303528  31088 1239132    0    0     0     4 26347  677 88 13  0  0  0 2026-10-01 07:34:00
 2  0      0 1259216  31088 1239172    0    0     0     0 15955  589 92  9  0  0  0 2026-10-01 07:34:01
 2  0      0 1253448  31104 1239312    0    0     0    64 25189  730 87 12  0  0  0 2026-10-01 07:34:02
 2  0      0 1230544  31104 1239368    0    0     0     0 19028  659 89 11  0  0  0 2026-10-01 07:34:03
 2  0      0 1221260  31104 1239584    0    0     0     0 23291  599 90 10  0  0  0 2026-10-01 07:34:04
 2  0      0 1186008  31104 1239604    0    0     0     0 20931  747 89 11  0  0  0 2026-10-01 07:34:05
 2  0      0 1176500  31104 1239840    0    0     0     4 18020  568 92  9  0  0  0 2026-10-01 07:34:06
 2  0      0 1170228  31112 1239852    0    0     0    36 24338  739 88 12  0  0  0 2026-10-01 07:34:07
 2  0      0 1144552  31112 1239936    0    0     0     0 16758  640 91 10  0  0  0 2026-10-01 07:34:08
 2  0      0 1133212  31112 1240000    0    0     0     0 25923  743 86 14  0  0  0 2026-10-01 07:34:09
 2  0      0 1098212  31112 1240076    0    0     0     0 18430  615 91  9  0  0  0 2026-10-01 07:34:10
 2  0      0 1083132  31112 1240216    0    0     0     0 25163  638 88 12  0  0  0 2026-10-01 07:34:11
 2  0      0 1071568  31112 1240352    0    0     0     4 18513  732 92  9  0  0  0 2026-10-01 07:34:12
 2  0      0 1061024  31120 1240372    0    0     0    12 25824  619 90 11  0  0  0 2026-10-01 07:34:13
 2  0      0 1030796  31120 1240484    0    0     0     0 18462  651 91 10  0  0  0 2026-10-01 07:34:14
 2  0      0 1024748  31120 1240488    0    0     0     0 25168  627 90 11  0  0  0 2026-10-01 07:34:15
 2  0      0 1020812  31120 1240744    0    0     0     0 17879  635 93  8  0  0  0 2026-10-01 07:34:16
 2  0      0 998916  31120 1240780    0    0     0     0 24586  657 90 11  0  0  0 2026-10-01 07:34:17
 2  0      0 976992  31128 1240804    0    0     0    16 20195  629 90 11  0  0  0 2026-10-01 07:34:18
 2  0      0 953584  31128 1240844    0    0     0     0 22384  587 92  8  0  0  0 2026-10-01 07:34:19
 2  0      0 951064  31128 1240980    0    0     0     0 23089  628 91  9  0  0  0 2026-10-01 07:34:20
procs -----------memory---------- ---swap-- -----io---- -system-- ------cpu----- -----timestamp-----
 r  b   swpd   free   buff  cache   si   so    bi    bo   in   cs us sy id wa st                 UTC
 2  0      0 924252  31128 1241016    0    0     0     0 19628  636 90  9  1  0  0 2026-10-01 07:34:21
 2  0      0 919580  31128 1241100    0    0     0     0 21658  671 82 17  0  0  0 2026-10-01 07:34:22
 2  0      0 880800  31136 1241312    0    0     0    12 17029  545 81 19  0  0  0 2026-10-01 07:34:23
 2  0      0 858636  31136 1241328    0    0     0    40 27256  655 81 19  0  0  0 2026-10-01 07:34:24
 2  0      0 855164  31136 1241388    0    0     0     0 16334  643 72 29  0  0  0 2026-10-01 07:34:25
 1  0      0 917580  31136 1241368    0    0     0     0 8549 1862 68 13 19  0  0 2026-10-01 07:34:26
 0  0      0 2274204  31144 1233472    0    0     0    24 19404 2131  1 11 89  0  0 2026-10-01 07:34:27
 0  0      0 2274204  31144 1233472    0    0     0     0   82  136  0  0 100  0  0 2026-10-01 07:34:28
 0  0      0 2274204  31144 1233472    0    0     0     0   79  147  0  0 100  0  0 2026-10-01 07:34:29
 0  0      0 2274204  31144 1233476    0    0     0     8   86  141  0  0 100  0  0 2026-10-01 07:34:30
 0  0      0 2274204  31144 1233476    0    0     0     0   68  123  0  0 100  0  0 2026-10-01 07:34:31
 0  0      0 2273952  31152 1233468    0    0     0   544  141  250  0  0 100  1  0 2026-10-01 07:34:32
 1  0      0 2273952  31152 1233476    0    0     0     0   77  130  0  0 100  0  0 2026-10-01 07:34:33
 0  0      0 2273952  31152 1233476    0    0     0     0   71  127  0  0 100  0  0 2026-10-01 07:34:34
