procs -----------memory---------- ---swap-- -----io---- -system-- ------cpu----- -----timestamp-----
 r  b   swpd   free   buff  cache   si   so    bi    bo   in   cs us sy id wa st                 UTC
 1  0      0 2737944  15584 418640    0    0  1589   145  284  523  3  5 91  2  0 2026-10-01 07:33:18
 0  1      0 2733460  15820 421216    0    0  2252  1268 1240 2076  3  3 73 21  0 2026-10-01 07:33:19
 0  1      0 2714308  15820 434188    0    0  5428     0  367  594  0  0 50 49  0 2026-10-01 07:33:20
 0  1      0 2698696  15828 453568    0    0  9532    72 1239 2140  0  1 50 49  0 2026-10-01 07:33:21
 3  1      0 2668456  17160 462824    0    0  3764 20056 4398 8022 36  6 22 36  0 2026-10-01 07:33:22
 0  0      0 2642752  18096 464724    0    0    80 10532 4088 6207 17  3 68 13  0 2026-10-01 07:33:23
 0  0      0 2642752  18096 464768    0    0     0   428  295  499  0  0 100  1  0 2026-10-01 07:33:24
 0  0      0 2642752  18128 464760    0    0     0   112  389  632  0  1 99  1  0 2026-10-01 07:33:25
 3  0      0 2627756  18392 466652    0    0    64  1476 10319 9662 25  3 68  4  0 2026-10-01 07:33:26
 0  0      0 2604672  18688 469968    0    0     4  1200 17545 16293 41  8 47  4  0 2026-10-01 07:33:27
 2  0      0 2581908  18848 472900    0    0     0   700 18971 14414 42 11 45  1  0 2026-10-01 07:33:28
 2  0      0 2567700  18896 475828    0    0     0  1072 19848 13302 41 12 46  1  0 2026-10-01 07:33:29
 0  0      0 2555452  18936 478540    0    0     0   196 20466 13399 40 11 48  1  0 2026-10-01 07:33:30
 1  0      0 2543268  18952 481112    0    0     0    72 20896 12584 41 10 50  0  0 2026-10-01 07:33:31
 4  0      0 2527044  18968 483960    0    0     0   952 21590 12199 41 12 47  0  0 2026-10-01 07:33:32
 2  0      0 2514556  18984 486584    0    0     0   100 24498 13799 45 14 41  0  0 2026-10-01 07:33:33
 0  0      0 2506072  19000 489132    0    0     0    88 24662 14249 41 12 47  0  0 2026-10-01 07:33:34
 2  0      0 2499796  19016 491416    0    0     0   104 25544 13227 44 11 44  1  0 2026-10-01 07:33:35
 1  0      0 2489580  19032 494028    0    0     0    76 25941 15372 43 14 43  0  0 2026-10-01 07:33:36
 0  0      0 2482312  19048 496424    0    0     0    80 26876 14737 39 12 48  0  1 2026-10-01 07:33:37
 0  0      0 2471376  19064 499064    0    0     0   336 26946 15118 44 14 43  0  0 2026-10-01 07:33:38
procs -----------memory---------- ---swap-- -----io---- -system-- ------cpu----- -----timestamp-----
 r  b   swpd   free   buff  cache   si   so    bi    bo   in   cs us sy id wa st                 UTC
 1  0      0 2460124  19112 501676    0    0     0   228 29049 13402 48 12 39  1  0 2026-10-01 07:33:39
 4  0      0 2450992  19128 504068    0    0     0    88 28010 15956 41 12 46  0  0 2026-10-01 07:33:40
 3  0      0 2448472  19144 506628    0    0     0   104 27766 16242 35 15 50  0  0 2026-10-01 07:33:41
 6  0      0 2442692  19160 508688    0    0     0    88 30573 15380 39 15 46  0  0 2026-10-01 07:33:42
 5  0      0 2430344  19176 510924    0    0     0    72 27938 15795 40 17 43  0  0 2026-10-01 07:33:43
 2  0      0 2420532  19192 513760    0    0     0   100 31446 17159 39 17 43  1  0 2026-10-01 07:33:44
 4  0      0 2413000  19208 515980    0    0     0    80 32517 15794 46 15 39  0  0 2026-10-01 07:33:45
 4  0      0 2409740  19224 518276    0    0    16   100 29039 17123 32 16 52  0  0 2026-10-01 07:33:46
 1  0      0 2405008  19240 520888    0    0     0    80 31605 19029 38 14 48  0  0 2026-10-01 07:33:47
 3  0      0 2398776  19248 522912    0    0     0    48 31198 17279 36 15 49  0  0 2026-10-01 07:33:48
 3  0      0 2389260  19272 525324    0    0     0   104 32587 17547 38 14 47  1  0 2026-10-01 07:33:49
 5  0      0 2378744  19328 528108    0    0     0   476 32131 17541 42 18 40  1  0 2026-10-01 07:33:50
 3  0      0 2375472  19384 529696    0    0     0   472 27768 15047 34 11 54  1  0 2026-10-01 07:33:51
 2  0      0 2366288  19432 532120    0    0     0   452 38067 19743 46 17 37  0  0 2026-10-01 07:33:52
 7  0      0 2362520  19496 534164    0    0     0   505 29213 18135 31 14 54  1  1 2026-10-01 07:33:53
 4  0      0 2358276  19560 536560    0    0     0 19500 34553 20356 37 19 43  2  0 2026-10-01 07:33:54
 5  0      0 2348700  19608 538844    0    0     0 41100 34463 18197 38 21 40  0  0 2026-10-01 07:33:55
 5  0      0 2340192  19656 541064    0    0     0   420 34689 19207 40 15 45  1  0 2026-10-01 07:33:56
 7  1      0 2335668  19696 543344    0    0     0   408 31030 17492 35 16 49  1  0 2026-10-01 07:33:57
 8  0      0 2329956  19752 545792    0    0     0   568 39779 23556 40 19 41  1  0 2026-10-01 07:33:58
 0  0      0 2327956  19796 547380    0    0     0   432 26057 16477 28 10 61  1  0 2026-10-01 07:33:59
procs -----------memory---------- ---swap-- -----io---- -system-- ------cpu----- -----timestamp-----
 r  b   swpd   free   buff  cache   si   so    bi    bo   in   cs us sy id wa st                 UTC
 3  0      0 2316896  19844 549952    0    0     0   440 42764 21906 48 20 32  1  0 2026-10-01 07:34:00
 8  0      0 2312612  19892 551360    0    0     0   424 27938 20058 25 13 63  0  0 2026-10-01 07:34:01
 1  0      0 2300068  19932 554640    0    0     0   452 42327 22047 51 23 26  1  0 2026-10-01 07:34:02
 1  0      0 2297380  19972 556344    0    0     0   432 29825 17640 29 15 56  0  0 2026-10-01 07:34:03
 5  0      0 2291892  20028 558768    0    0     0   488 39144 19746 43 19 37  1  0 2026-10-01 07:34:04
 0  0      0 2289428  20076 560400    0    0     0   480 34186 21194 25 15 60  1  0 2026-10-01 07:34:05
 3  0      0 2278640  20116 562400    0    0     0   488 30698 16314 40 16 45  0  0 2026-10-01 07:34:06
 5  0      0 2273656  20172 565064    0    0     0   572 39108 21808 36 18 45  1  0 2026-10-01 07:34:07
 2  0      0 2271140  20212 566964    0    0     0   452 28590 16810 27 13 60  1  0 2026-10-01 07:34:08
 0  0      0 2260308  20268 569096    0    0     0   468 43058 23679 43 20 36  1  1 2026-10-01 07:34:09
 4  0      0 2255544  20316 570720    0    0     0   440 28468 15355 31 13 55  0  0 2026-10-01 07:34:10
 1  0      0 2251008  20356 573212    0    0     0   468 41581 22727 41 20 39  0  0 2026-10-01 07:34:11
 2  0      0 2245272  20412 575188    0    0     0   452 31029 18049 38 15 47  1  0 2026-10-01 07:34:12
 2  0      0 2241268  20500 577792    0    0     0   564 42680 24226 35 18 47  0  0 2026-10-01 07:34:13
 0  0      0 2238748  20556 579716    0    0     0   432 31146 17957 28 16 55  1  0 2026-10-01 07:34:14
 2  0      0 2233960  20604 581696    0    0     0   428 40928 22260 37 20 43  0  0 2026-10-01 07:34:15
 0  0      0 2228692  20668 584872    0    0     0  2880 31709 18457 32 16 51  1  0 2026-10-01 07:34:16
 2  0      0 2215168  20732 587020    0    0     0   532 38000 20193 42 17 40  0  0 2026-10-01 07:34:17
 0  0      0 2212144  20780 589232    0    0     0   436 35828 21021 34 16 50  1  0 2026-10-01 07:34:18
 0  0      0 2210408  20828 590864    0    0     0   404 35861 21022 28 18 53  0  0 2026-10-01 07:34:19
 1  0      0 2203440  20900 593252    0    0     0 29464 38471 19747 40 21 38  1  0 2026-10-01 07:34:20
procs -----------memory---------- ---swap-- -----io---- -system-- ------cpu----- -----timestamp-----
 r  b   swpd   free   buff  cache   si   so    bi    bo   in   cs us sy id wa st                 UTC
 1  0      0 2201676  20948 594884    0    0     0 17980 31471 19769 21 17 62  1  0 2026-10-01 07:34:21
 0  0      0 2198192  20996 596920    0    0     0   516 36357 20360 32 17 50  1  0 2026-10-01 07:34:22
 1  0      0 2185660  21044 599140    0    0     0   544 27692 14100 40 14 45  1  0 2026-10-01 07:34:23
 5  0      0 2182132  21084 601200    0    0     0   452 44292 23194 30 23 46  1  0 2026-10-01 07:34:24
 0  1      0 2179864  21404 602588    0    0     0  4752 30372 19251 24 16 56  4  0 2026-10-01 07:34:25
 0  0      0 2178604  21628 603332    0    0     0  2956 13675 8417 16  6 75  3  0 2026-10-01 07:34:26
 1  0      0 2170336  21652 598644    0    0     0   272 19256 1270 17 10 73  0  0 2026-10-01 07:34:27
 3  0      0 2161172  21984 606244    0    0  8844  4760 2706 3016 52  4 37  7  0 2026-10-01 07:34:28
 1  0      0 2158904  22412 606724    0    0   200  6292 1974 2979 66  2 29  3  0 2026-10-01 07:34:29
 0  0      0 2191868  22444 606828    0    0    12   104 1984 3099 52  3 45  1  0 2026-10-01 07:34:30
