procs -----------memory---------- ---swap-- -----io---- -system-- ------cpu----- -----timestamp-----
 r  b   swpd   free   buff  cache   si   so    bi    bo   in   cs us sy id wa st                 UTC
 1  0      0 3292520  14740 307908    0    0  1109    46  121  217  2  3 94  1  0 2026-10-01 07:33:18
 0  1      0 3269108  14756 325368    0    0  8536     0  591 1017  0  1 83 16  0 2026-10-01 07:33:19
 0  1      0 3248696  14764 344316    0    0  9316   220  824 1439  1  1 50 49  0 2026-10-01 07:33:20
 0  0      0 3183428  16940 354068    0    0  3148 30308 5788 10879 48  4 22 26  0 2026-10-01 07:33:21
 0  0      0 3183428  16940 354068    0    0     0   792  101  136  0  0 100  1  0 2026-10-01 07:33:22
 0  0      0 3181440  17060 354896    0    0   172   520  824 1196  1  1 96  2  0 2026-10-01 07:33:23
 0  0      0 3181440  17060 354900    0    0     0    20   42   49  0  0 100  0  0 2026-10-01 07:33:24
 0  0      0 3181440  17060 354900    0    0     0     0   26   34  0  0 100  0  0 2026-10-01 07:33:25
 0  0      0 3177408  17172 355920    0    0     0   513 1669 2322  1  2 96  2  0 2026-10-01 07:33:26
 0  0      0 3164304  17540 358812    0    0     0  1364 4145 5715  6  1 88  6  0 2026-10-01 07:33:27
 0  0      0 3157780  17708 361328    0    0    84   648 4490 5778  5  3 90  3  0 2026-10-01 07:33:28
 3  0      0 3152544  17844 364000    0    0     0   576 5612 7316  4  3 91  3  1 2026-10-01 07:33:29
 2  0      0 3140504  17948 366652    0    0     0   412 5859 7556  5  1 93  2  0 2026-10-01 07:33:30
 1  0      0 3133224  17996 369116    0    0     0   344 6501 8343  6  2 91  1  0 2026-10-01 07:33:31
 1  0      0 3128744  18132 372288    0    0     0   524 7509 9743  6  2 90  2  0 2026-10-01 07:33:32
 4  0      0 3124740  18172 374804    0    0     0   180 7619 9512  6  3 91  1  0 2026-10-01 07:33:33
 1  0      0 3115696  18172 377444    0    0     0     0 8080 10003  8  3 90  0  0 2026-10-01 07:33:34
 1  0      0 3112448  18172 380068    0    0     0     8 8471 10619  7  3 91  0  0 2026-10-01 07:33:35
 1  0      0 3109704  18204 382080    0    0     0   160 7882 9661  5  2 93  1  0 2026-10-01 07:33:36
 3  0      0 3099652  18220 384880    0    0     0    76 9248 11411  6  3 91  1  0 2026-10-01 07:33:37
 1  0      0 3096628  18220 386656    0    0     0     0 8616 10885  5  3 92  0  0 2026-10-01 07:33:38
procs -----------memory---------- ---swap-- -----io---- -system-- ------cpu----- -----timestamp-----
 r  b   swpd   free   buff  cache   si   so    bi    bo   in   cs us sy id wa st                 UTC
 4  0      0 3093380  18220 388976    0    0     0     0 9175 11304  6  3 91  0  0 2026-10-01 07:33:39
 1  0      0 3091392  18220 390692    0    0     0     0 9086 11139  5  2 93  0  0 2026-10-01 07:33:40
 1  0      0 3085344  18220 392724    0    0     0    12 10032 12453  4  3 93  0  0 2026-10-01 07:33:41
 1  0      0 3079296  18256 395192    0    0     0   176 10514 13120  9  3 88  1  0 2026-10-01 07:33:42
 3  0      0 3077784  18256 396600    0    0     0     0 9044 11242  4  3 93  0  0 2026-10-01 07:33:43
 0  0      0 3075516  18256 398636    0    0     0     0 10828 13067  5  3 92  0  0 2026-10-01 07:33:44
 2  0      0 3071736  18256 400576    0    0     0     0 10694 13274  7  3 91  0  0 2026-10-01 07:33:45
 0  0      0 3063924  18264 402084    0    0     0    64 10698 13546  7  4 89  0  0 2026-10-01 07:33:46
 3  0      0 3061712  18264 403448    0    0     0     8 10500 13242  5  3 92  0  0 2026-10-01 07:33:47
 1  0      0 3058044  18264 406088    0    0     0     0 11446 14140  7  3 90  0  0 2026-10-01 07:33:48
 0  0      0 3055608  18264 407628    0    0     0     0 12007 14746  7  3 91  0  0 2026-10-01 07:33:49
 0  0      0 3053172  18264 408844    0    0     0     0 9954 12451  4  4 93  0  0 2026-10-01 07:33:50
 0  0      0 3047404  18272 410400    0    0     0    68 10901 13711  6  4 91  0  0 2026-10-01 07:33:51
 0  0      0 3044688  18272 412384    0    0     0     0 13316 16636  8  5 86  0  0 2026-10-01 07:33:52
 0  0      0 3043008  18272 413476    0    0     0     8 10532 13250  5  3 92  0  1 2026-10-01 07:33:53
 0  0      0 3041064  18272 414852    0    0     0     0 12270 14865  6  3 91  0  0 2026-10-01 07:33:54
 0  0      0 3034260  18272 416488    0    0     0  3804 12063 14893  8  5 87  1  0 2026-10-01 07:33:55
 0  0      0 3031768  18280 418236    0    0     0   116 13087 16382  6  4 90  0  0 2026-10-01 07:33:56
 0  0      0 3037448  18280 419460    0    0     0     0 10956 13808  5  4 91  0  0 2026-10-01 07:33:57
 2  0      0 3035248  18312 420536    0    0     0   156 14298 18161  8  4 88  1  0 2026-10-01 07:33:58
 0  0      0 3033540  18312 421908    0    0     0    12 10138 13710  3  3 94  0  0 2026-10-01 07:33:59
procs -----------memory---------- ---swap-- -----io---- -system-- ------cpu----- -----timestamp-----
 r  b   swpd   free   buff  cache   si   so    bi    bo   in   cs us sy id wa st                 UTC
 2  0      0 3024372  18312 423804    0    0     0 54636 16523 20330 11  6 79  4  0 2026-10-01 07:34:00
 3  0      0 3020660  18312 425068    0    0     0     0 9674 12219  6  2 93  0  0 2026-10-01 07:34:01
 0  0      0 3018964  18312 426136    0    0     0    84 15638 18800  9  3 88  0  0 2026-10-01 07:34:02
 0  0      0 3018712  18320 427384    0    0     0    88 10699 13640  8  3 89  0  0 2026-10-01 07:34:03
 0  0      0 3018240  18320 429108    0    0     0     0 14464 17923  7  4 89  0  0 2026-10-01 07:34:04
 2  0      0 3015020  18344 430672    0    0     0  9384 13219 16639  8  5 86  1  0 2026-10-01 07:34:05
 0  0      0 3013060  18344 431596    0    0     0     8 11559 14324  8  3 89  0  0 2026-10-01 07:34:06
 0  0      0 3011380  18344 432680    0    0     0     0 14760 18683  9  4 87  0  0 2026-10-01 07:34:07
 0  0      0 3009196  18344 434140    0    0     0     0 10565 13412  4  4 92  0  0 2026-10-01 07:34:08
 3  0      0 3007460  18344 435196    0    0     0     0 16161 19799  9  6 85  0  0 2026-10-01 07:34:09
 0  0      0 3005696  18352 436888    0    0     0  1908 11263 13996  6  2 92  0  0 2026-10-01 07:34:10
 0  0      0 3000152  18352 437716    0    0     0     8 15914 19925 11  4 85  0  0 2026-10-01 07:34:11
 0  0      0 2998892  18352 438728    0    0     0     0 11086 13932  5  3 92  0  0 2026-10-01 07:34:12
 3  0      0 2997884  18352 439604    0    0     0     0 16055 19984  7  5 88  0  0 2026-10-01 07:34:13
 0  0      0 2996372  18352 441060    0    0     0     0 12550 15865  8  3 89  0  0 2026-10-01 07:34:14
 0  0      0 2995112  18360 442100    0    0     0  1440 16275 20307  8  4 88  0  0 2026-10-01 07:34:15
 0  0      0 2989064  18360 443364    0    0     0   176 11779 14496 11  3 86  0  0 2026-10-01 07:34:16
 0  0      0 2987804  18360 443852    0    0     0     8 14648 18201  6  3 91  0  0 2026-10-01 07:34:17
 0  0      0 2986292  18360 445356    0    0     0     0 12725 16307  7  4 88  0  0 2026-10-01 07:34:18
 0  0      0 2985536  18360 445876    0    0     0     0 14049 17830  8  4 88  0  0 2026-10-01 07:34:19
 0  0      0 2983296  18376 447664    0    0     0    96 14997 19066  7  4 89  0  0 2026-10-01 07:34:20
procs -----------memory---------- ---swap-- -----io---- -system-- ------cpu----- -----timestamp-----
 r  b   swpd   free   buff  cache   si   so    bi    bo   in   cs us sy id wa st                 UTC
 0  0      0 2982288  18376 448608    0    0     0   292 11570 14828  7  3 91  0  0 2026-10-01 07:34:21
 0  0      0 2978284  18376 449164    0    0     0     0 15149 19021 10  6 84  0  0 2026-10-01 07:34:22
 0  0      0 2977024  18376 450504    0    0     0    12 9083 11172  4  4 92  0  0 2026-10-01 07:34:23
 0  0      0 2976016  18376 451320    0    0     0     0 17468 21602  8  5 87  0  0 2026-10-01 07:34:24
 0  0      0 2975008  18400 452060    0    0     0   168 12361 15555  6  3 91  1  0 2026-10-01 07:34:25
 0  0      0 2974504  18400 452480    0    0     0    24 5478 6581  3  2 95  0  0 2026-10-01 07:34:26
 0  0      0 2974504  18400 452480    0    0     0     0   25   28  0  1 100  0  0 2026-10-01 07:34:27
 0  0      0 2974504  18400 452480    0    0     0     0   27   34  0  0 100  0  0 2026-10-01 07:34:28
 0  0      0 2974504  18400 452480    0    0     0     8   38   35  0  0 100  0  0 2026-10-01 07:34:29
 0  0      0 2974504  18408 452484    0    0     0    44   38   47  0  0 100  0  0 2026-10-01 07:34:30
 0  0      0 2974504  18408 452484    0    0     0 20892  236  254  0  1 99  1  0 2026-10-01 07:34:31
 0  0      0 2974504  18408 452484    0    0     0     0   33   42  0  0 100  0  0 2026-10-01 07:34:32
 1  0      0 2973748  18408 452484    0    0     0     0   41   33  0  0 100  0  0 2026-10-01 07:34:33
 0  0      0 2942272  18408 452556    0    0     0    60  976 1516 14  5 81  0  0 2026-10-01 07:34:34
