procs -----------memory---------- ---swap-- -----io---- -system-- ------cpu----- -----timestamp-----
 r  b   swpd   free   buff  cache   si   so    bi    bo   in   cs us sy id wa st                 UTC
 1  0      0 3290264  14840 308520    0    0  1114    47  120  214  2  3 93  1  0 2026-10-01 07:33:18
 0  1      0 3267608  14868 326064    0    0  8616   716  502  894  0  1 89 10  0 2026-10-01 07:33:19
 0  1      0 3247460  14868 348864    0    0 11168     0 1110 1985  0  1 49 49  0 2026-10-01 07:33:20
 0  0      0 3180180  16956 354488    0    0  1296 29700 6190 11671 45  7 21 28  0 2026-10-01 07:33:21
 0  0      0 3180180  16956 354816    0    0     0   792  127  163  0  0 99  0  0 2026-10-01 07:33:22
 0  0      0 3180180  16956 354816    0    0     0     0   58   60  0  1 100  0  0 2026-10-01 07:33:23
 0  0      0 3180180  16956 354816    0    0     0    12   54   56  0  0 100  0  0 2026-10-01 07:33:24
 0  0      0 3180180  16956 354816    0    0     0     0   26   26  0  0 100  0  0 2026-10-01 07:33:25
 0  0      0 3177912  17076 355744    0    0   112   448 1279 1869  2  1 96  2  0 2026-10-01 07:33:26
 0  0      0 3173376  17236 357120    0    0     0   632 1959 2701  2  1 94  3  0 2026-10-01 07:33:27
 0  0      0 3164556  17420 359048    0    0     0   744 3296 4449  3  2 93  3  0 2026-10-01 07:33:28
 0  0      0 3158004  17484 360544    0    0     0   268 3208 4216  3  2 95  1  0 2026-10-01 07:33:29
 0  0      0 3155232  17516 361952    0    0    28   140 3646 4739  4  2 93  0  0 2026-10-01 07:33:30
 1  0      0 3152740  17588 363588    0    0     0   304 4283 5378  1  1 97  1  0 2026-10-01 07:33:31
 1  0      0 3151480  17588 364716    0    0     0     0 3643 4599  2  2 97  0  0 2026-10-01 07:33:32
 1  0      0 3145936  17588 366552    0    0     0     0 5162 6535  4  1 96  0  0 2026-10-01 07:33:33
 2  0      0 3140896  17620 367608    0    0     0   136 4183 5278  2  1 96  1  0 2026-10-01 07:33:34
 1  0      0 3135604  17652 369904    0    0     0   148 6352 7963  6  2 92  1  0 2026-10-01 07:33:35
 1  0      0 3134344  17652 370836    0    0     0     8 4705 5842  1  1 98  0  0 2026-10-01 07:33:36
 5  0      0 3132608  17652 372236    0    0     0   148 5428 6774  3  2 95  0  0 2026-10-01 07:33:37
 2  0      0 3130620  17676 373876    0    0     0   136 6395 8135  3  2 95  1  0 2026-10-01 07:33:38
procs -----------memory---------- ---swap-- -----io---- -system-- ------cpu----- -----timestamp-----
 r  b   swpd   free   buff  cache   si   so    bi    bo   in   cs us sy id wa st                 UTC
 1  0      0 3126840  17676 374884    0    0     0     0 5247 6724  3  2 95  0  1 2026-10-01 07:33:39
 1  0      0 3121296  17676 376504    0    0     0     0 6493 8184  5  2 93  0  0 2026-10-01 07:33:40
 3  0      0 3119824  17676 377512    0    0     0     0 6520 8156  3  2 96  0  0 2026-10-01 07:33:41
 1  0      0 3118564  17676 378524    0    0     0   104 6316 8034  3  3 95  0  0 2026-10-01 07:33:42
 1  0      0 3116576  17692 380104    0    0     0    84 6740 8513  4  3 93  1  0 2026-10-01 07:33:43
 1  0      0 3115064  17692 381320    0    0     0     0 7078 8750  5  2 93  0  0 2026-10-01 07:33:44
 1  0      0 3109016  17724 382456    0    0     0   152 6780 8732  3  2 95  1  0 2026-10-01 07:33:45
 0  0      0 3103220  17724 383816    0    0     0     0 7287 9069  5  3 92  0  0 2026-10-01 07:33:46
 1  0      0 3101960  17724 384808    0    0     0     1 7268 9236  4  3 94  0  0 2026-10-01 07:33:47
 0  0      0 3100448  17756 386036    0    0     0   192 7758 9883  5  1 93  1  0 2026-10-01 07:33:48
 0  0      0 3098712  17756 387224    0    0     0     0 7751 9973  4  2 94  0  0 2026-10-01 07:33:49
 0  0      0 3097704  17756 388120    0    0     0     0 7118 8974  3  2 95  0  0 2026-10-01 07:33:50
 0  0      0 3096444  17756 389328    0    0     0     0 7603 9734  4  3 94  0  0 2026-10-01 07:33:51
 0  0      0 3091908  17756 390128    0    0     0     0 8125 10278  4  3 94  0  0 2026-10-01 07:33:52
 0  0      0 3088128  17780 391348    0    0     0   168 7612 9626  6  1 92  1  0 2026-10-01 07:33:53
 0  0      0 3086868  17780 392576    0    0     0     8 8451 10717  4  3 93  0  0 2026-10-01 07:33:54
 0  0      0 3085412  17780 393436    0    0     0  3200 8434 10792  3  3 95  0  0 2026-10-01 07:33:55
 0  0      0 3084656  17780 394048    0    0     0     0 7815 10029  3  3 94  0  0 2026-10-01 07:33:56
 0  0      0 3082640  17780 395628    0    0     0     0 8519 10909  5  2 93  0  0 2026-10-01 07:33:57
 0  0      0 3081632  17788 396432    0    0     0    92 9018 11599  6  2 93  0  0 2026-10-01 07:33:58
 0  0      0 3076592  17804 397356    0    0     0    68 7467 9405  6  2 92  1  0 2026-10-01 07:33:59
procs -----------memory---------- ---swap-- -----io---- -system-- ------cpu----- -----timestamp-----
 r  b   swpd   free   buff  cache   si   so    bi    bo   in   cs us sy id wa st                 UTC
 0  0      0 3075836  17804 398076    0    0     0 32104 10775 14683  4  4 90  2  0 2026-10-01 07:34:00
 0  0      0 3073820  17804 399004    0    0     0     0 6940 9213  2  2 97  0  0 2026-10-01 07:34:01
 0  0      0 3073316  17804 400040    0    0     0     0 10453 13119  6  2 92  0  1 2026-10-01 07:34:02
 0  0      0 3072560  17804 400836    0    0     0    40 7811 9897  3  2 96  0  0 2026-10-01 07:34:03
 0  0      0 3071552  17812 401632    0    0     0    84 10217 13119  5  3 92  1  0 2026-10-01 07:34:04
 0  0      0 3071048  17812 402364    0    0     0  6740 8548 11033  4  2 94  0  0 2026-10-01 07:34:05
 0  0      0 3067268  17812 403476    0    0     0    20 8562 10866  8  2 91  0  0 2026-10-01 07:34:06
 0  0      0 3066260  17812 404236    0    0     0     0 10025 13099  4  3 93  0  0 2026-10-01 07:34:07
 0  0      0 3065252  17828 405120    0    0     0    64 7569 9736  4  1 94  1  0 2026-10-01 07:34:08
 0  0      0 3064524  17844 405652    0    0     0   120 10579 13399  5  2 93  0  0 2026-10-01 07:34:09
 0  0      0 3063040  17844 406804    0    0     0     0 8310 10602  4  2 95  0  0 2026-10-01 07:34:10
 0  0      0 3062032  17844 407560    0    0     0  1500 10530 13707  5  3 93  0  0 2026-10-01 07:34:11
 0  0      0 3060772  17844 408472    0    0     0   188 8497 10863  3  3 94  1  0 2026-10-01 07:34:12
 3  0      0 3056992  17844 409036    0    0     0     0 10007 12928  6  3 91  0  0 2026-10-01 07:34:13
 0  0      0 3056488  17852 409636    0    0     0    56 9337 12080  3  5 93  0  0 2026-10-01 07:34:14
 0  0      0 3055732  17852 410184    0    0     0     0 10163 13133  5  2 93  0  0 2026-10-01 07:34:15
 0  0      0 3054976  17852 410992    0    0     0  1440 8999 11845  4  3 94  0  0 2026-10-01 07:34:16
 0  0      0 3054472  17852 411544    0    0     0     0 9526 12059  6  2 93  0  0 2026-10-01 07:34:17
 0  0      0 3052960  17852 412564    0    0     0     8 9681 12650  5  3 92  0  0 2026-10-01 07:34:18
 0  0      0 3052960  17860 412920    0    0     0    56 9112 11814  4  3 93  0  0 2026-10-01 07:34:19
 0  0      0 3048424  17868 413644    0    0     0    32 10112 13149  6  3 91  0  0 2026-10-01 07:34:20
procs -----------memory---------- ---swap-- -----io---- -system-- ------cpu----- -----timestamp-----
 r  b   swpd   free   buff  cache   si   so    bi    bo   in   cs us sy id wa st                 UTC
 0  0      0 3047416  17868 414432    0    0     0  1340 7374 9418  4  2 94  0  0 2026-10-01 07:34:21
 0  0      0 3046660  17868 414772    0    0     0     0 11507 15314  5  2 93  0  0 2026-10-01 07:34:22
 0  0      0 3045400  17868 415868    0    0     0     0 6237 7832  3  1 96  0  1 2026-10-01 07:34:23
 0  0      0 3044896  17868 416584    0    0     0    12 11556 14825  6  3 91  0  0 2026-10-01 07:34:24
 1  0      0 3044392  17876 416836    0    0     0    52 8861 11431  4  1 95  1  0 2026-10-01 07:34:25
 0  0      0 3044140  17876 417132    0    0     0  1156 4971 6229  2  2 96  0  0 2026-10-01 07:34:26
 0  0      0 3044140  17876 417132    0    0     0     0   27   34  0  0 100  0  0 2026-10-01 07:34:27
 0  0      0 3044140  17876 417132    0    0     0     0   26   33  0  0 100  0  0 2026-10-01 07:34:28
 0  0      0 3044140  17876 417132    0    0     0     0   22   24  0  0 100  0  0 2026-10-01 07:34:29
 0  0      0 3044140  17884 417136    0    0     0    56   41   55  0  0 100  0  0 2026-10-01 07:34:30
 0  0      0 3044140  17884 417136    0    0     0 10516  152  207  0  0 99  1  0 2026-10-01 07:34:31
 1  0      0 3030280  17884 417164    0    0     0     0  349  491  8  1 91  0  0 2026-10-01 07:34:32
