procs -----------memory---------- ---swap-- -----io---- -system-- ------cpu----- -----timestamp-----
 r  b   swpd   free   buff  cache   si   so    bi    bo   in   cs us sy id wa st                 UTC
 1  0      0 2624044  77092 908116    0    0    66   741 1126 1634 13  3 83  0  0 2026-10-01 09:46:02
 3  0      0 2670796  77108 843916    0    0     0 11656 1245 2287  8  4 85  3  0 2026-10-01 09:46:03
 0  0      0 2599648  77196 847180    0    0     0 20188 6137 11087 39  7 33 21  0 2026-10-01 09:46:04
 0  0      0 2599648  77196 847180    0    0     0     0   32   37  0  0 100  0  0 2026-10-01 09:46:05
 0  0      0 2599648  77196 847180    0    0     0     0   29   41  0  0 100  0  0 2026-10-01 09:46:06
 1  1      0 2596428  77196 847732    0    0     0   424 1502 1612  4  1 94  1  0 2026-10-01 09:46:07
 0  0      0 2542076  77232 854888    0    0     0  3644 11060 10183 32  8 46 14  0 2026-10-01 09:46:08
 6  0      0 2488776  77260 860688    0    0     0  2556 12315 12085 31  8 53 10  0 2026-10-01 09:46:09
 5  0      0 2464048  77276 869548    0    0     0  2932 19616 18625 58  9 25  8  0 2026-10-01 09:46:10
 2  0      0 2393432  77292 878876    0    0     0  3112 20956 19268 56 11 25  8  0 2026-10-01 09:46:11
 4  0      0 2333516  77300 890668    0    0     0  3076 21598 12365 77 10  5  9  0 2026-10-01 09:46:12
 3  0      0 2292924  77312 901960    0    0     0  2452 23327 13929 71 12 12  6  0 2026-10-01 09:46:13
 6  0      0 2183992  77320 913056    0    0     0  3584 28034 16521 77 17  4  3  0 2026-10-01 09:46:14
 3  0      0 2135124  77332 924772    0    0     0  2676 25213 8034 83 10  1  6  0 2026-10-01 09:46:15
 4  0      0 2117760  77340 936804    0    0     0  1964 28340 6842 85 12  0  3  0 2026-10-01 09:46:16
 3  0      0 2030816  77348 948840    0    0     0  1936 30284 7091 82 12  1  5  0 2026-10-01 09:46:17
 3  0      0 1912356  77360 960392    0    0     0  1976 30354 3548 79 17  0  4  0 2026-10-01 09:46:18
 3  0      0 1879300  77372 970632    0    0     0  1736 29345 4424 83 12  1  5  0 2026-10-01 09:46:19
 3  0      0 1858100  77372 982432    0    0     0  1056 33383 3745 81 16  0  2  0 2026-10-01 09:46:20
 3  0      0 1842340  77376 994472    0    0     0  1492 35889 4660 79 17  0  3  0 2026-10-01 09:46:21
 3  0      0 1770644  77388 1005028    0    0     0  1504 37007 6684 81 15  0  4  0 2026-10-01 09:46:22
procs -----------memory---------- ---swap-- -----io---- -system-- ------cpu----- -----timestamp-----
 r  b   swpd   free   buff  cache   si   so    bi    bo   in   cs us sy id wa st                 UTC
 3  0      0 1655084  77392 1016204    0    0     0  1392 35604 3064 80 18  0  3  0 2026-10-01 09:46:23
13  0      0 1588020  77400 1026528    0    0     0 82496 37987 5741 76 22  0  3  0 2026-10-01 09:46:24
 4  0      0 1569272  77408 1036332    0    0     0  3096 36400 5782 82 16  0  2  0 2026-10-01 09:46:25
 3  0      0 1553984  77408 1046676    0    0     0  1072 36820 4921 84 13  0  2  0 2026-10-01 09:46:26
 3  0      0 1535516  77412 1059416    0    0     0  2544 44110 5166 75 20  0  5  0 2026-10-01 09:46:27
 3  0      0 1518896  77412 1070108    0    0     0  1064 36075 1903 81 17  0  3  0 2026-10-01 09:46:28
 3  0      0 1424544  77436 1078596    0    0     0 119488 41532 6972 75 22  0  4  0 2026-10-01 09:46:29
 3  0      0 1310484  77452 1089464    0    0     0  1652 43108 5839 75 22  1  3  0 2026-10-01 09:46:30
 3  0      0 1238888  77452 1098488    0    0     0  1204 37783 1623 82 16  0  3  0 2026-10-01 09:46:31
 3  0      0 1226564  77452 1108472    0    0     0   944 38894 1292 83 14  0  2  0 2026-10-01 09:46:32
 3  0      0 1202004  77464 1120204    0    0     0  1696 42890 2891 78 18  0  4  0 2026-10-01 09:46:33
 3  0      0 1185244  77464 1130796    0    0     0   940 42829 1450 84 14  0  2  0 2026-10-01 09:46:34
 3  0      0 1166916  77464 1141412    0    0     0  1080 44266 1093 79 19  0  3  0 2026-10-01 09:46:35
 3  0      0 1153024  77464 1150508    0    0     0  1208 44217 3319 80 18  0  2  0 2026-10-01 09:46:36
 3  0      0 1087012  77464 1161024    0    0     0  1004 44619 3163 78 21  0  2  0 2026-10-01 09:46:37
 3  0      0 981196  77464 1170832    0    0     0   632 44158  904 79 20  0  2  0 2026-10-01 09:46:38
 3  0      0 864804  77464 1178096    0    0     0   836 39946 2465 83 16  0  1  0 2026-10-01 09:46:39
 3  0      0 834828  77464 1186764    0    0     0   824 46021 1072 81 18  0  1  0 2026-10-01 09:46:40
 3  0      0 814868  77464 1198748    0    0     0  1860 43866 1285 78 18  1  4  1 2026-10-01 09:46:41
 3  0      0 805232  77464 1204868    0    0     0   492 48574 6856 80 19  1  1  0 2026-10-01 09:46:42
 3  0      0 791692  77468 1215896    0    0     0   616 40963  874 82 17  0  1  0 2026-10-01 09:46:43
procs -----------memory---------- ---swap-- -----io---- -system-- ------cpu----- -----timestamp-----
 r  b   swpd   free   buff  cache   si   so    bi    bo   in   cs us sy id wa st                 UTC
 3  0      0 774960  77468 1226884    0    0     0  1616 54996 1442 75 21  0  4  0 2026-10-01 09:46:44
 3  0      0 763388  77468 1233728    0    0     0   344 41295  644 85 14  0  1  0 2026-10-01 09:46:45
 3  1      0 750788  77468 1244988    0    0     0 30420 53573 1105 78 23  0  0  0 2026-10-01 09:46:46
 3  0      0 695876  77472 1253912    0    0     0 18624 47635 3533 79 20  0  2  0 2026-10-01 09:46:47
 3  0      0 588340  77472 1261956    0    0     0     0 46315  647 79 21  0  0  0 2026-10-01 09:46:48
 3  0      0 511816  77472 1270888    0    0     0 46628 51758 1492 74 25  1  1  0 2026-10-01 09:46:49
 3  0      0 404144  77476 1276868    0    0     0   368 40323  588 84 15  0  0  0 2026-10-01 09:46:50
 6  0      0 377808  77476 1283816    0    0     0   724 52263 4903 82 18  0  1  0 2026-10-01 09:46:51
 4  0      0 367740  77480 1292208    0    0     0   604 53628 5291 81 18  0  1  0 2026-10-01 09:46:52
 3  0      0 343760  77480 1302936    0    0     0     0 53274 1781 80 21  0  0  0 2026-10-01 09:46:53
 3  0      0 331368  77480 1310556    0    0     0 129900 54131 5282 75 24  0  1  0 2026-10-01 09:46:54
 3  0      0 352780  77480 1318560    0    0     0   548 47373 2104 78 21  0  1  0 2026-10-01 09:46:55
 3  0      0 337300  77480 1327984    0    0     0   116 59496  748 75 25  0  0  0 2026-10-01 09:46:56
 4  0      0 322636  77480 1338184    0    0     0     0 44744  633 84 16  0  0  0 2026-10-01 09:46:57
 3  0      0 302708  77480 1345140    0    0     0     0 56200  628 79 22  0  0  0 2026-10-01 09:46:58
 3  0      0 292320  77480 1353540    0    0     0     0 52346  758 79 21  0  0  0 2026-10-01 09:46:59
 3  0      0 224952  77480 1361268    0    0     0   828 61465 4014 65 29  5  2  0 2026-10-01 09:47:00
 3  0      0 117544  77480 1370104    0    0     0     0 53129 1438 74 24  2  0  0 2026-10-01 09:47:01
 4  0      0 105032  77176 1357188    0    0     0     0 52574 7967 67 22 10  0  0 2026-10-01 09:47:02
 3  0      0 113436  76924 1259108    0    0     0     0 36230 2901 82 17  2  0  0 2026-10-01 09:47:03
 4  0      0 110600  76844 1193476    0    0     0     0 51535  898 74 26  0  0  0 2026-10-01 09:47:04
procs -----------memory---------- ---swap-- -----io---- -system-- ------cpu----- -----timestamp-----
 r  b   swpd   free   buff  cache   si   so    bi    bo   in   cs us sy id wa st                 UTC
 3  0      0 110992  76844 1184036    0    0     0   336 44293  722 84 17  0  0  0 2026-10-01 09:47:05
 4  0      0 110980  76884 1193264    0    0  1116 26140 57183 2332 74 26  0  1  0 2026-10-01 09:47:06
 1  0      0 113412  76884 1201796    0    0    12   240 58009 3471 67 22 11  1  0 2026-10-01 09:47:07
 1  0      0 113412  76884 1201872    0    0     0     0 48473 29135 10 20 70  0  0 2026-10-01 09:47:08
 2  0      0 113412  76884 1192936    0    0     0     0 60541 43064 11 23 66  0  0 2026-10-01 09:47:09
 2  0      0 223816  76884 1181532    0    0     0     0 20768 11864  3  9 88  0  0 2026-10-01 09:47:10
 2  0      0 223816  76888 1181528    0    0     4 18624  318  611  0  0 97  3  0 2026-10-01 09:47:11
 1  1      0 217804  76912 1181832    0    0   352 80276 1688 2483  3  1 87  9  0 2026-10-01 09:47:12
