procs -----------memory---------- ---swap-- -----io---- -system-- ------cpu----- -----timestamp-----
 r  b   swpd   free   buff  cache   si   so    bi    bo   in   cs us sy id wa st                 UTC
 1  0      0 1578792  57212 518860    0    0   228   492    7 2000  9 11 79  1  0 2026-10-01 09:46:02
 3  1      0 1555444  57372 519756    0    0     0 11992 2676 5098 14  7 75  4  0 2026-10-01 09:46:03
 0  0      0 1498016  57808 522368    0    0     0 20344 6084 10494 40  5 35 20  0 2026-10-01 09:46:04
 0  0      0 1498016  57816 522368    0    0     0   220  336  540  0  1 99  1  0 2026-10-01 09:46:05
 0  0      0 1498016  57816 522368    0    0     0  2072  460  739  0  0 98  2  0 2026-10-01 09:46:06
 0  0      0 1494712  57828 522592    0    0     0   284 9793 8754  6  4 90  1  0 2026-10-01 09:46:07
 0  0      0 1478060  57908 523756    0    0     0  2304 38201 36782 24 19 54  3  0 2026-10-01 09:46:08
 4  0      0 1459988  57920 525200    0    0     0   424 43828 38931 22 23 54  1  0 2026-10-01 09:46:09
 3  0      0 1440512  57944 527112    0    0     0  1116 52460 40243 25 27 47  1  0 2026-10-01 09:46:10
 1  0      0 1419944  57960 529160    0    0     0   592 58589 40801 29 26 44  1  0 2026-10-01 09:46:11
 1  0      0 1399680  57976 531440    0    0     0   584 62240 40080 28 30 42  1  0 2026-10-01 09:46:12
 0  0      0 1382428  58012 533636    0    0     0  1240 66997 40599 26 37 37  0  0 2026-10-01 09:46:13
 3  0      0 1371924  58044 536248    0    0     0  1260 73019 40330 27 39 34  1  0 2026-10-01 09:46:14
 5  0      0 1360972  58068 538860    0    0     0  1220 74831 38482 25 40 34  1  0 2026-10-01 09:46:15
 4  0      0 1350948  58096 541176    0    0     0  1224 79356 36799 25 45 29  1  1 2026-10-01 09:46:16
 2  0      0 1342724  58148 543428    0    0     0  3200 80904 37388 23 44 32  1  0 2026-10-01 09:46:17
 3  0      0 1333624  58176 545824    0    0     0  1232 83904 35029 26 46 28  0  0 2026-10-01 09:46:18
 7  0      0 1325492  58196 547352    0    0     0  1092 85052 35091 24 49 27  1  0 2026-10-01 09:46:19
 5  0      0 1317148  58212 549432    0    0     0  1024 87503 34000 25 52 23  1  0 2026-10-01 09:46:20
 2  0      0 1307964  58232 551540    0    0     0  1004 88030 33335 24 52 23  0  0 2026-10-01 09:46:21
 7  0      0 1297584  58240 552712    0    0     0   952 91109 31824 26 54 20  1  0 2026-10-01 09:46:22
procs -----------memory---------- ---swap-- -----io---- -system-- ------cpu----- -----timestamp-----
 r  b   swpd   free   buff  cache   si   so    bi    bo   in   cs us sy id wa st                 UTC
 5  0      0 1284032  58272 554764    0    0     0   980 90420 30762 21 56 23  1  0 2026-10-01 09:46:23
 2  0      0 1270480  58288 556740    0    0     0   968 88993 31790 25 52 22  1  0 2026-10-01 09:46:24
 4  0      0 1258376  58296 558064    0    0     0   984 90644 31733 26 53 21  1  0 2026-10-01 09:46:25
 6  0      0 1245104  58304 559984    0    0     0   936 93151 29799 22 58 21  0  0 2026-10-01 09:46:26
 6  0      0 1233320  58316 561608    0    0     0   968 93640 26853 23 61 17  0  0 2026-10-01 09:46:27
 6  0      0 1229856  58332 562480    0    0     0   948 94660 31630 25 57 18  0  0 2026-10-01 09:46:28
 8  0      0 1224232  58336 564080    0    0     0  4168 92074 30221 26 55 19  1  0 2026-10-01 09:46:29
 6  0      0 1216800  58348 565752    0    0     0   892 91088 27268 26 58 16  1  0 2026-10-01 09:46:30
10  0      0 1210324  58376 566984    0    0     0   880 93061 27625 23 60 17  1  0 2026-10-01 09:46:31
 3  0      0 1204516  58384 568892    0    0     0   764 91838 30725 22 59 19  1  1 2026-10-01 09:46:32
 3  0      0 1198316  58400 570200    0    0     0   700 92875 26106 24 63 13  0  0 2026-10-01 09:46:33
 3  0      0 1191288  58408 572248    0    0     0   688 90395 26693 28 58 15  0  0 2026-10-01 09:46:34
 4  0      0 1180232  58452 573752    0    0     0  1020 91325 25227 24 62 14  0  0 2026-10-01 09:46:35
 2  0      0 1177428  58456 575164    0    0     0   912 87898 29225 23 56 20  1  0 2026-10-01 09:46:36
 2  0      0 1172844  58476 576076    0    0     0   856 90275 25451 24 64 12  0  0 2026-10-01 09:46:37
 3  0      0 1164400  58492 578608    0    0     0   808 93100 26469 24 61 15  0  0 2026-10-01 09:46:38
 2  0      0 1157308  58508 579432    0    0     0   736 92443 29398 27 56 17  0  0 2026-10-01 09:46:39
 2  0      0 1152604  58524 579816    0    0     0   736 92499 26082 22 64 14  0  0 2026-10-01 09:46:40
 3  0      0 1136304  58568 582472    0    0     0   852 88271 24188 29 59 12  1  0 2026-10-01 09:46:41
 2  0      0 1131940  58580 583928    0    0     0   648 91641 22443 22 66 11  0  0 2026-10-01 09:46:42
 3  0      0 1125044  58612 585052    0    0     0   572 91631 27986 24 60 16  0  0 2026-10-01 09:46:43
procs -----------memory---------- ---swap-- -----io---- -system-- ------cpu----- -----timestamp-----
 r  b   swpd   free   buff  cache   si   so    bi    bo   in   cs us sy id wa st                 UTC
 4  0      0 1108540  58632 586988    0    0     0   576 86076 17129 22 71  6  0  0 2026-10-01 09:46:44
 4  0      0 1102988  58648 588184    0    0     0   508 89026 26135 18 57 24  1  0 2026-10-01 09:46:45
 2  0      0 1094596  58656 589068    0    0     0   484 90159 24799 27 60 14  0  0 2026-10-01 09:46:46
 6  0      0 1090864  58680 590272    0    0     0   464 91029 24433 18 63 18  0  0 2026-10-01 09:46:47
 2  0      0 1084964  58696 591040    0    0     0   508 90287 23811 21 65 13  0  1 2026-10-01 09:46:48
 2  0      0 1080988  58700 593188    0    0     0   456 84774 22662 17 60 23  0  0 2026-10-01 09:46:49
 2  0      0 1074644  58712 593736    0    0     0   484 86410 25882 21 54 24  0  0 2026-10-01 09:46:50
 2  0      0 1094056  58724 595336    0    0     0   516 80512 15037 19 70 11  0  0 2026-10-01 09:46:51
 3  0      0 1088056  58744 596432    0    0     0   516 89526 25935 14 65 22  0  0 2026-10-01 09:46:52
 3  0      0 1081020  58752 597544    0    0     0   496 89375 18061 22 69  8  1  0 2026-10-01 09:46:53
 2  0      0 1079856  58764 598088    0    0     0   444 83169 21028 14 69 17  0  0 2026-10-01 09:46:54
 0  0      0 1077268  58776 599936    0    0     0   512 90246 29463 12 62 27  0  0 2026-10-01 09:46:55
 3  0      0 1071132  58788 600656    0    0     0   552 82633 17294 14 73 13  0  0 2026-10-01 09:46:56
 1  0      0 1064848  58812 602092    0    0     0   512 90997 29288 13 57 29  0  0 2026-10-01 09:46:57
 2  0      0 1058664  58820 603932    0    0     0   552 87678 20220 14 70 15  0  0 2026-10-01 09:46:58
 2  0      0 1042336  58836 604424    0    0     0   564 84842 22228 22 66 12  0  0 2026-10-01 09:46:59
 3  0      0 1019200  58848 604888    0    0     0   500 80011 10121 17 78  4  0  0 2026-10-01 09:47:00
 2  0      0 1012448  58856 605708    0    0     0   516 87316 27282 14 62 24  0  0 2026-10-01 09:47:01
 2  0      0 1005940  58860 607284    0    0     0   492 80385 21347 12 61 25  1  0 2026-10-01 09:47:02
 3  0      0 996280  58860 608324    0    0     0   424 89777 30405 10 54 36  0  1 2026-10-01 09:47:03
 4  0      0 981568  58880 609928    0    0     0   416 82651 14656 15 74 11  0  0 2026-10-01 09:47:04
procs -----------memory---------- ---swap-- -----io---- -system-- ------cpu----- -----timestamp-----
 r  b   swpd   free   buff  cache   si   so    bi    bo   in   cs us sy id wa st                 UTC
 4  0      0 977352  58884 610308    0    0     0   356 88479 25367 16 59 25  0  0 2026-10-01 09:47:05
 3  0      0 952156  58888 611432    0    0     0   396 80200 9376 23 74  3  0  0 2026-10-01 09:47:06
 2  0      0 939944  58892 612328    0    0     0   332 86917 20430 16 70 14  0  0 2026-10-01 09:47:07
 0  0      0 938744  58904 612052    0    0     0   452 30932 1446  7 36 57  1  0 2026-10-01 09:47:08
 3  0      0 1140276  58916 566664    0    0     0   452 60044 1551 21 63 17  0  0 2026-10-01 09:47:09
