procs -----------memory---------- ---swap-- -----io---- -system-- ------cpu----- -----timestamp-----
 r  b   swpd   free   buff  cache   si   so    bi    bo   in   cs us sy id wa st                 UTC
 0  0      0 31172408  23572 475088    0    0     5     2  516  107 14  2 84  0  0 2026-10-01 09:46:02
 0  0      0 31160632  23572 475072    0    0     0     0 1691 1672  1  0 99  0  0 2026-10-01 09:46:03
 0  0      0 31156460  23572 475072    0    0     0     0 3672 2415  2  0 98  0  0 2026-10-01 09:46:04
 0  0      0 31156460  23572 475072    0    0     0     0   81  127  0  0 100  0  0 2026-10-01 09:46:05
 0  0      0 31156460  23572 475072    0    0     0     0  127  204  0  0 100  0  0 2026-10-01 09:46:06
17  0      0 31119192  23580 475072    0    0     0  1280 27057 27757  9  1 90  0  0 2026-10-01 09:46:07
 0  0      0 31049484  23580 475072    0    0     0     0 42898 49056 16  2 82  0  0 2026-10-01 09:46:08
 1  0      0 30948264  23580 475040    0    0     0     0 54676 57640 24  2 74  0  0 2026-10-01 09:46:09
 2  0      0 30822600  23580 475776    0    0     0     0 58113 56028 27  3 70  0  0 2026-10-01 09:46:10
 3  0      0 30675892  23580 476864    0    0     0     0 64597 54694 35  3 63  0  0 2026-10-01 09:46:11
 1  0      0 30533096  23588 478204    0    0     0    28 66970 55657 33  3 64  0  0 2026-10-01 09:46:12
16  0      0 30391864  23588 479512    0    0     0     0 73443 55282 41  4 56  0  0 2026-10-01 09:46:13
 0  0      0 30182360  23588 480936    0    0     0     0 79080 53845 42  4 54  0  0 2026-10-01 09:46:14
 4  0      0 30071620  23588 481952    0    0     0     0 82500 55460 42  4 55  0  0 2026-10-01 09:46:15
10  0      0 29849580  23588 483136    0    0     0     0 89878 51317 49  5 46  0  0 2026-10-01 09:46:16
 3  0      0 29769472  23588 484072    0    0     0     0 87532 52724 48  4 48  0  0 2026-10-01 09:46:17
 1  0      0 29550256  23596 485248    0    0     0    12 96004 51206 43  4 52  0  0 2026-10-01 09:46:18
 6  0      0 29491116  23596 486088    0    0     0     0 95516 55564 46  5 49  0  0 2026-10-01 09:46:19
16  0      0 29315784  23596 487032    0    0     0     0 106114 49913 54  5 41  0  0 2026-10-01 09:46:20
 3  0      0 29252680  23596 488128    0    0     0     0 97617 55501 47  5 49  0  0 2026-10-01 09:46:21
 0  0      0 29203964  23596 488728    0    0     0     0 103626 59374 48  5 47  0  0 2026-10-01 09:46:22
procs -----------memory---------- ---swap-- -----io---- -system-- ------cpu----- -----timestamp-----
 r  b   swpd   free   buff  cache   si   so    bi    bo   in   cs us sy id wa st                 UTC
15  1      0 29037324  23604 489384    0    0     0    12 104242 48554 49  5 45  0  0 2026-10-01 09:46:23
 4  0      0 28977028  23604 490500    0    0     0     0 98485 43877 52  5 43  0  0 2026-10-01 09:46:24
 2  0      0 28856596  23604 491148    0    0     0     0 117719 63726 51  6 43  0  0 2026-10-01 09:46:25
12  0      0 28636364  23604 492084    0    0     0     0 113781 53595 53  6 42  0  0 2026-10-01 09:46:26
 2  0      0 28620544  23604 492748    0    0     0     0 107335 49562 58  5 37  0  0 2026-10-01 09:46:27
16  0      0 28476780  23604 493228    0    0     0     0 122855 58137 51  6 43  0  0 2026-10-01 09:46:28
16  0      0 28439264  23612 494036    0    0     0    12 110983 62086 48  5 46  0  0 2026-10-01 09:46:29
16  0      0 28409836  23612 494932    0    0     0     0 113639 59740 46  6 48  0  0 2026-10-01 09:46:30
16  0      0 28192504  23612 495444    0    0     0     0 123707 56686 55  7 38  0  0 2026-10-01 09:46:31
 7  0      0 28169136  23612 496300    0    0     0    16 112846 52773 58  6 37  0  0 2026-10-01 09:46:32
 3  0      0 28036188  23612 497172    0    0     0     4 125455 47810 62  6 32  0  0 2026-10-01 09:46:33
16  0      0 28029304  23612 497924    0    0     0     0 118619 65710 47  6 46  0  0 2026-10-01 09:46:34
 0  0      0 27922496  23620 498620    0    0     0    32 131923 57116 58  6 36  0  0 2026-10-01 09:46:35
 6  0      0 27774572  23620 499196    0    0     0     0 124987 47594 59  7 35  0  0 2026-10-01 09:46:36
15  0      0 27684548  23620 499732    0    0     0    52 128929 62263 52  7 41  0  0 2026-10-01 09:46:37
16  0      0 27677168  23620 500888    0    0     0     0 122917 60917 54  6 40  0  0 2026-10-01 09:46:38
11  0      0 27551088  23620 501432    0    0     0     0 132057 71891 48  6 46  0  0 2026-10-01 09:46:39
16  0      0 27420056  23628 501464    0    0     0    12 137745 44838 68  8 24  0  0 2026-10-01 09:46:40
16  0      0 27412916  23628 502720    0    0     0     0 126390 72305 45  6 49  0  0 2026-10-01 09:46:41
16  0      0 27319768  23628 503576    0    0     0     0 133280 48726 65  8 27  0  0 2026-10-01 09:46:42
 4  0      0 27172952  23628 504096    0    0     0     0 137244 58650 56  7 37  0  0 2026-10-01 09:46:43
procs -----------memory---------- ---swap-- -----io---- -system-- ------cpu----- -----timestamp-----
 r  b   swpd   free   buff  cache   si   so    bi    bo   in   cs us sy id wa st                 UTC
16  0      0 27123988  23628 504760    0    0     0     0 129381 51864 60 10 30  0  0 2026-10-01 09:46:44
 6  0      0 27013500  23628 505424    0    0     0     0 121045 25812 52 32 15  0  0 2026-10-01 09:46:45
16  0      0 26734000  23636 505928    0    0     0    12 131000 32266 54 27 19  0  0 2026-10-01 09:46:46
 6  0      0 26729084  23636 506456    0    0     0     0 116350 30836 48 33 19  0  0 2026-10-01 09:46:47
16  0      0 26741248  23636 506992    0    0     0     0 114835 18022 63 28  8  0  0 2026-10-01 09:46:48
16  0      0 26707176  23636 507792    0    0     0     0 118460 25757 49 38 14  0  0 2026-10-01 09:46:49
16  0      0 26388256  23636 508328    0    0     0     0 140424 50017 55 20 24  0  0 2026-10-01 09:46:50
15  0      0 26377456  23644 508752    0    0     0    12 114063 29286 58 34  8  0  0 2026-10-01 09:46:51
16  0      0 26391864  23644 509328    0    0     0     0 129370 31742 56 28 15  0  0 2026-10-01 09:46:52
16  0      0 26084784  23644 509872    0    0     0     0 128705 26228 53 35 11  0  0 2026-10-01 09:46:53
16  0      0 26024928  23644 510360    0    0     0     0 128131 11324 55 44  1  0  0 2026-10-01 09:46:54
16  0      0 25993928  23644 511200    0    0     0     0 105868 6608 56 43  1  0  0 2026-10-01 09:46:55
16  0      0 26025656  23644 511480    0    0     0     0 118105 4546 57 42  0  0  0 2026-10-01 09:46:56
16  0      0 25941196  23652 512512    0    0     0    12 118881 11698 60 39  1  0  0 2026-10-01 09:46:57
12  0      0 25958864  23652 513096    0    0     0     0 119177 22990 45 44 11  0  0 2026-10-01 09:46:58
16  0      0 25948952  23652 513344    0    0     0     0 139802 31808 61 23 16  0  0 2026-10-01 09:46:59
23  0      0 25901048  23652 513464    0    0     0     0 124658 6838 54 45  1  0  0 2026-10-01 09:47:00
16  0      0 25720880  23652 514056    0    0     0     0 135637 7429 56 43  1  0  0 2026-10-01 09:47:01
16  0      0 25720268  23652 515032    0    0     0     0 92277 3288 44 55  0  0  0 2026-10-01 09:47:02
16  0      0 25407272  23660 515504    0    0     0    32 112196 7258 62 37  1  0  0 2026-10-01 09:47:03
16  0      0 25393788  23660 515976    0    0     0     8 116077 3686 49 51  0  0  0 2026-10-01 09:47:04
procs -----------memory---------- ---swap-- -----io---- -system-- ------cpu----- -----timestamp-----
 r  b   swpd   free   buff  cache   si   so    bi    bo   in   cs us sy id wa st                 UTC
15  0      0 25409384  23660 516200    0    0     0     0 126438 15196 67 32  2  0  0 2026-10-01 09:47:05
16  0      0 25399168  23660 516728    0    0     0     0 131165 24412 51 41  8  0  0 2026-10-01 09:47:06
 3  0      0 25292572  23660 517240    0    0     0   212 177853 75425 57 19 23  0  0 2026-10-01 09:47:07
 1  0      0 30987236  23660 516120    0    0     0     0 43169 14519  1  4 95  0  0 2026-10-01 09:47:08
 0  0      0 31144672  23668 475248    0    0     0    28 67190  635  0  3 97  0  0 2026-10-01 09:47:09
 0  0      0 31144672  23668 475248    0    0     0    16   77  119  0  0 100  0  0 2026-10-01 09:47:10
 0  0      0 31144672  23668 475248    0    0     0     0   92  150  0  0 100  0  0 2026-10-01 09:47:11
 0  0      0 31144672  23668 475248    0    0     0     0   64  114  0  0 100  0  0 2026-10-01 09:47:12
 0  0      0 31144672  23668 475252    0    0     0     0   61  106  0  0 100  0  0 2026-10-01 09:47:13
 1  0      0 31139896  23676 475260    0    0     0   568  983  978  1  0 98  0  0 2026-10-01 09:47:14
