procs -----------memory---------- ---swap-- -----io---- -system-- ------cpu----- -----timestamp-----
 r  b   swpd   free   buff  cache   si   so    bi    bo   in   cs us sy id wa st                 UTC
 1  0      0 2538068  83668 969160    0    0    64   711 1023 1692 12  3 84  0  0 2026-10-01 09:46:02
 2  1      0 2601740  83676 908564    0    0     0 11296 1197 2093  9  3 84  4  0 2026-10-01 09:46:03
 0  0      0 2538292  83748 911364    0    0     0 20580 4772 9100 37  5 37 21  0 2026-10-01 09:46:04
 0  0      0 2538292  83748 911364    0    0     0     0   37   39  0  0 100  0  0 2026-10-01 09:46:05
 0  0      0 2538292  83748 911440    0    0     0     0   62   62  0  0 100  0  1 2026-10-01 09:46:06
 6  0      0 2516900  83756 913660    0    0     0  1336 4274 4451 12  3 82  3  0 2026-10-01 09:46:07
 0  0      0 2450816  83792 921012    0    0     0  3992 12231 11094 39  7 39 15  0 2026-10-01 09:46:08
 5  0      0 2430056  83844 929536    0    0     0  3712 15955 14829 44  8 36 13  0 2026-10-01 09:46:09
 0  1      0 2351804  83864 937904    0    0     0  2756 18417 15596 51  9 32  7  0 2026-10-01 09:46:10
 8  1      0 2313048  83888 947360    0    0     0  1888 20561 14314 66 11 20  3  0 2026-10-01 09:46:11
 0  0      0 2273160  83916 955848    0    0     0  1448 22138 18273 56 12 29  4  0 2026-10-01 09:46:12
 4  0      0 2165804  83940 965856    0    0     0  1612 23086 12779 70 12 15  4  0 2026-10-01 09:46:13
11  0      0 2139908  83960 977440    0    0     0  2260 24589 11428 76 11  7  6  0 2026-10-01 09:46:14
 4  0      0 2125932  83960 987880    0    0     0  1052 27221 15511 72 13 14  2  0 2026-10-01 09:46:15
 5  0      0 2019152  83972 999808    0    0     0  2012 28940 9763 77 16  1  7  0 2026-10-01 09:46:16
 3  0      0 1912860  83980 1010280    0    0     0  1456 27914 8428 78 17  2  4  0 2026-10-01 09:46:17
 3  0      0 1894244  83984 1022044    0    0     0   856 30756 5998 82 16  1  1  0 2026-10-01 09:46:18
 3  0      0 1876908  83992 1033824    0    0     0  1364 30247 3759 84 13  1  3  0 2026-10-01 09:46:19
 3  0      0 1837860  84008 1045312    0    0     0  2116 32984 6997 82 14  1  4  0 2026-10-01 09:46:20
 3  0      0 1723832  84016 1057012    0    0     0  1708 34730 4221 80 15  0  4  0 2026-10-01 09:46:21
 4  0      0 1635140  84020 1067100    0    0     0  2876 33391 1820 80 16  0  3  0 2026-10-01 09:46:22
procs -----------memory---------- ---swap-- -----io---- -system-- ------cpu----- -----timestamp-----
 r  b   swpd   free   buff  cache   si   so    bi    bo   in   cs us sy id wa st                 UTC
 5  0      0 1620620  84020 1078512    0    0     0  1228 35297 1217 81 16  0  3  0 2026-10-01 09:46:23
 3  0      0 1604796  84024 1090000    0    0     0 47016 37447 1591 80 18  0  2  0 2026-10-01 09:46:24
 4  0      0 1587712  84024 1100196    0    0     0  1156 34140  948 88 10  1  2  0 2026-10-01 09:46:25
 4  0      0 1536820  84028 1112524    0    0     0  1044 41137  991 81 18  0  2  0 2026-10-01 09:46:26
 3  0      0 1424352  84028 1123208    0    0     0   660 39576  882 78 22  0  1  0 2026-10-01 09:46:27
 4  0      0 1314004  84036 1131776    0    0     0   560 37062  792 82 17  0  0  0 2026-10-01 09:46:28
 5  0      0 1299416  84036 1142212    0    0     0 158472 41956 1967 82 18  0  1  0 2026-10-01 09:46:29
 3  0      0 1286212  84048 1152040    0    0     0   956 37261  813 84 15  0  2  0 2026-10-01 09:46:30
 3  0      0 1272616  84052 1162984    0    0     0  1064 45941  873 76 23  0  1  0 2026-10-01 09:46:31
 4  0      0 1259020  84056 1173508    0    0     0  1168 41106  881 81 17  0  1  0 2026-10-01 09:46:32
 2  0      0 1241236  84056 1184544    0    0     0   340 46773  756 79 21  0  0  0 2026-10-01 09:46:33
 2  0      0 1153324  84060 1195380    0    0     0  1060 44235 1178 81 18  0  1  0 2026-10-01 09:46:34
 5  0      0 1042080  84060 1204464    0    0     0   696 43335  748 82 17  0  1  0 2026-10-01 09:46:35
 9  0      0 936840  84064 1211796    0    0     0   740 40158 1575 80 19  0  1  0 2026-10-01 09:46:36
 2  0      0 925512  84064 1220308    0    0     0   748 45623 1577 81 18  0  1  0 2026-10-01 09:46:37
 2  0      0 906588  84068 1232240    0    0     0  1460 44900  933 79 18  0  2  0 2026-10-01 09:46:38
 2  0      0 893760  84076 1240784    0    0     0   604 46917  742 80 20  0  1  0 2026-10-01 09:46:39
 2  0      0 880908  84084 1251464    0    0     0   940 47846  802 79 20  0  1  0 2026-10-01 09:46:40
 3  0      0 864312  84084 1259648    0    0     0   512 45270  635 81 19  0  0  0 2026-10-01 09:46:41
 2  0      0 851460  84096 1270772    0    0     0  1100 51715 1239 74 24  0  2  0 2026-10-01 09:46:42
 2  0      0 790888  84104 1280672    0    0     0   880 49849 4527 75 22  0  2  0 2026-10-01 09:46:43
procs -----------memory---------- ---swap-- -----io---- -system-- ------cpu----- -----timestamp-----
 r  b   swpd   free   buff  cache   si   so    bi    bo   in   cs us sy id wa st                 UTC
 2  0      0 685048  84112 1289464    0    0     0  1232 52146 1143 73 25  0  3  0 2026-10-01 09:46:44
 2  0      0 583996  84112 1298664    0    0     0   600 46601 1374 75 24  0  1  0 2026-10-01 09:46:45
 2  0      0 506340  84112 1303568    0    0     0 24612 40172 1802 83 17  0  1  0 2026-10-01 09:46:46
 2  0      0 495528  84112 1311676    0    0     0   520 50363  706 80 20  0  1  0 2026-10-01 09:46:47
 2  0      0 482928  84120 1322108    0    0     0 57660 54819 2364 74 23  1  2  0 2026-10-01 09:46:48
 2  0      0 472872  84120 1330284    0    0     0     0 48376  577 81 19  0  0  0 2026-10-01 09:46:49
 2  0      0 464272  84120 1336512    0    0     0   132 43905  669 84 17  0  0  0 2026-10-01 09:46:50
 2  0      0 449124  84120 1348676    0    0     0   500 61618  920 75 24  0  1  0 2026-10-01 09:46:51
 2  0      0 441072  84120 1356268    0    0     0     0 47522  591 80 20  0  0  0 2026-10-01 09:46:52
 2  0      0 428440  84120 1364464    0    0     0     0 52834  700 80 19  0  0  0 2026-10-01 09:46:53
 8  0      0 449236  84128 1373844    0    0     0 134136 63571 8796 67 27  5  1  0 2026-10-01 09:46:54
 2  0      0 351560  84128 1381948    0    0     0     0 50197 3186 76 22  2  0  1 2026-10-01 09:46:55
 2  0      0 252368  84128 1387896    0    0     0   108 49454  730 80 20  0  0  0 2026-10-01 09:46:56
 2  0      0 148976  84128 1395588    0    0     0   232 46794  638 81 18  0  0  0 2026-10-01 09:46:57
 2  0      0 109448  83976 1397468    0    0    20     0 53943 1407 76 24  0  0  0 2026-10-01 09:46:58
 2  0      0 107644  83980 1406756    0    0     4   340 50697  815 78 21  0  0  0 2026-10-01 09:46:59
 2  0      0 104620  83844 1412528    0    0     0  2284 63612  788 76 24  0  1  0 2026-10-01 09:47:00
 2  0      0 109888  83780 1411692    0    0    56 76432 54878 9482 69 24  7  1  0 2026-10-01 09:47:01
 2  0      0 102596  83780 1416636    0    0    16   548 53841 12233 63 19 19  0  0 2026-10-01 09:47:02
 2  0      0 109612  83780 1402476    0    0     0     0 41803 1060 81 18  2  0  0 2026-10-01 09:47:03
 2  0      0 116012  83780 1396060    0    0     0     0 56782  740 76 24  0  0  0 2026-10-01 09:47:04
procs -----------memory---------- ---swap-- -----io---- -system-- ------cpu----- -----timestamp-----
 r  b   swpd   free   buff  cache   si   so    bi    bo   in   cs us sy id wa st                 UTC
 2  0      0 104316  83780 1396172    0    0    12     0 50974  713 81 19  0  0  0 2026-10-01 09:47:05
 2  0      0 106048  83776 1402992    0    0     4     0 66500  656 74 27  0  0  0 2026-10-01 09:47:06
 0  0      0 126316  83736 1395932    0    0    12   536 53907 2539 78 22  0  1  0 2026-10-01 09:47:07
 0  0      0 126356  83736 1395900    0    0     0     0 45233 27570  8 18 74  0  0 2026-10-01 09:47:08
 0  0      0 126356  83736 1386316    0    0     0     0 65658 45364 13 27 59  0  0 2026-10-01 09:47:09
 0  0      0 209128  83736 1375488    0    0     0     0 17414 12988  3  6 91  0  0 2026-10-01 09:47:10
 1  0      0 188032  83856 1380196    0    0  4924  1056  966 1684 11  4 77  9  0 2026-10-01 09:47:11
