+-------+--------+-------------------------------------------+-------+-------+-------+-------+-------+------+-----+-----+-----+
| COUNT | METHOD |                    URI                    |  MIN  |  AVG  |  MAX  |  SUM  |  P99  | 2XX  | 3XX | 4XX | 5XX |
+-------+--------+-------------------------------------------+-------+-------+-------+-------+-------+------+-----+-----+-----+
| 1257  | GET    | ^/api/player/competition/[^/]+/ranking    | 0.000 | 0.002 | 0.024 | 3.124 | 0.016 | 1254 | 0   | 3   | 0   |
| 480   | GET    | /api/player/competitions                  | 0.000 | 0.004 | 0.024 | 1.720 | 0.016 | 478  | 0   | 2   | 0   |
| 56    | POST   | /api/organizer/players/add                | 0.004 | 0.020 | 0.036 | 1.116 | 0.036 | 56   | 0   | 0   | 0   |
| 767   | GET    | ^/api/player/player/[^/]+                 | 0.000 | 0.001 | 0.024 | 1.040 | 0.012 | 765  | 0   | 2   | 0   |
| 677   | GET    | /api/admin/tenants/billing?before=xxx     | 0.000 | 0.001 | 0.016 | 0.836 | 0.012 | 677  | 0   | 0   | 0   |
| 1     | POST   | /initialize                               | 0.804 | 0.804 | 0.804 | 0.804 | 0.804 | 1    | 0   | 0   | 0   |
| 100   | POST   | ^/api/organizer/competition/[^/]+/score   | 0.000 | 0.003 | 0.016 | 0.288 | 0.016 | 95   | 0   | 5   | 0   |
| 89    | GET    | /api/organizer/players                    | 0.000 | 0.002 | 0.012 | 0.136 | 0.012 | 89   | 0   | 0   | 0   |
| 93    | POST   | /api/organizer/competitions/add           | 0.000 | 0.001 | 0.020 | 0.112 | 0.020 | 92   | 0   | 1   | 0   |
| 40    | POST   | ^/api/organizer/competition/[^/]+/finish  | 0.000 | 0.003 | 0.016 | 0.100 | 0.016 | 39   | 0   | 1   | 0   |
| 50    | GET    | /api/admin/tenants/billing                | 0.004 | 0.002 | 0.016 | 0.100 | 0.016 | 50   | 0   | 0   | 0   |
| 36    | GET    | /api/organizer/billing                    | 0.000 | 0.002 | 0.016 | 0.076 | 0.016 | 36   | 0   | 0   | 0   |
| 61    | POST   | /api/admin/tenants/add                    | 0.000 | 0.001 | 0.004 | 0.048 | 0.004 | 56   | 0   | 5   | 0   |
| 1     | GET    | /api/me                                   | 0.000 | 0.000 | 0.000 | 0.000 | 0.000 | 1    | 0   | 0   | 0   |
| 1     | GET    | ^/css/                                    | 0.000 | 0.000 | 0.000 | 0.000 | 0.000 | 1    | 0   | 0   | 0   |
| 1     | GET    | ^/js/                                     | 0.000 | 0.000 | 0.000 | 0.000 | 0.000 | 1    | 0   | 0   | 0   |
| 1     | GET    | /index.html                               | 0.000 | 0.000 | 0.000 | 0.000 | 0.000 | 1    | 0   | 0   | 0   |
| 4     | POST   | ^/api/organizer/player/[^/]+/disqualified | 0.000 | 0.000 | 0.000 | 0.000 | 0.000 | 3    | 0   | 1   | 0   |
| 1     | GET    | /api/organizer/competitions               | 0.000 | 0.000 | 0.000 | 0.000 | 0.000 | 1    | 0   | 0   | 0   |
+-------+--------+-------------------------------------------+-------+-------+-------+-------+-------+------+-----+-----+-----+
