procs -----------memory---------- ---swap-- -----io---- -system-- ------cpu----- -----timestamp-----
 r  b   swpd   free   buff  cache   si   so    bi    bo   in   cs us sy id wa st                 UTC
 1  1      0 520916 106544 2395868    0    0  1028  2131  821 1534 19  3 67 11  0 2026-10-01 07:22:47
 5  0      0 647784 106616 2267944    0    0   100 21444 4396 7859 36  9 45 10  0 2026-10-01 07:22:48
 0  0      0 616324 106676 2270248    0    0     0 10248 4147 6628 24  3 65  7  0 2026-10-01 07:22:49
 0  0      0 616324 106676 2270260    0    0     0   692  390  573  0  0 99  1  0 2026-10-01 07:22:50
 0  0      0 616324 106676 2270256    0    0     0    96  459  691  0  1 99  1  0 2026-10-01 07:22:51
 6  0      0 596220 106700 2273948    0    0     0  2012 10004 11414 29  7 59  5  0 2026-10-01 07:22:52
 0  0      0 567588 106744 2280132    0    0     0  3400 15864 18588 47 12 32  9  0 2026-10-01 07:22:53
 0  1      0 543240 106776 2286688    0    0     0  2432 18030 19911 51 14 28  7  0 2026-10-01 07:22:54
 0  0      0 532976 106776 2290852    0    0     0   784 13121 14250 32  9 58  2  0 2026-10-01 07:22:55
 0  0      0 531992 106776 2290576    0    0     0   196 2472  663  1  2 97  1  0 2026-10-01 07:22:56
