procs -----------memory---------- ---swap-- -----io---- -system-- ------cpu----- -----timestamp-----
 r  b   swpd   free   buff  cache   si   so    bi    bo   in   cs us sy id wa st                 UTC
 0  0      0 2278636  30092 1232164    0    0   552   181  247  413  1  1 93  6  0 2026-10-01 07:22:47
 0  0      0 2275612  30092 1232240    0    0     0     0  778 1198  6  2 93  0  0 2026-10-01 07:22:48
 0  0      0 2274100  30092 1232240    0    0     0     0 1550 1244 10  0 89  0  0 2026-10-01 07:22:49
 0  0      0 2274100  30092 1232240    0    0     0     0   88  157  0  0 100  0  0 2026-10-01 07:22:50
 0  0      0 2274100  30092 1232240    0    0     0     0  107  170  0  0 100  0  0 2026-10-01 07:22:51
 0  0      0 2265560  30092 1232240    0    0     0     0 7437 5104 40  4 57  0  0 2026-10-01 07:22:52
 1  0      0 2229620  30100 1232592    0    0     0    76 13872 11508 61  5 34  0  0 2026-10-01 07:22:53
 2  0      0 2198944  30100 1232816    0    0     0     0 13784 8374 70  6 24  0  0 2026-10-01 07:22:54
 0  0      0 2160708  30100 1232944    0    0     0     0 10417 4274 62  5 32  0  0 2026-10-01 07:22:55
 0  0      0 2290148  30100 1232356    0    0     0     0 2996 1646  0  2 98  0  0 2026-10-01 07:22:56
 0  0      0 2290148  30100 1232324    0    0     0     0   88  145  0  0 100  0  0 2026-10-01 07:22:57
