procs -----------memory---------- ---swap-- -----io---- -system-- ------cpu----- -----timestamp-----
 r  b   swpd   free   buff  cache   si   so    bi    bo   in   cs us sy id wa st                 UTC
 2  0      0 2675672  16236 415488    0    0  1653   148  286  536  3  5 91  1  0 2026-10-01 09:55:10
 3  2      0 2620760  16460 458436    0    0 21196  9100 2313 4226  7  5 78  9  0 2026-10-01 09:55:11
 0  0      0 2553728  18508 462128    0    0    84 23132 6929 12031 47  8 23 22  0 2026-10-01 09:55:12
 0  0      0 2552976  18532 462104    0    0     0  1252  532  818  1  0 98  1  0 2026-10-01 09:55:13
 0  0      0 2553100  18532 462136    0    0     0     0  261  426  0  0 100  0  0 2026-10-01 09:55:14
 3  0      0 2555164  18572 462324    0    0     0   348 5685 5027  4  3 93  1  0 2026-10-01 09:55:15
 2  0      0 2519664  18676 463980    0    0     0  1348 39786 36045 21 20 58  1  0 2026-10-01 09:55:16
 2  0      0 2487176  18708 465608    0    0     0   204 42030 37771 24 20 55  1  0 2026-10-01 09:55:17
 2  0      0 2445860  18732 467952    0    0    12   168 54156 39952 23 27 49  1  0 2026-10-01 09:55:18
 1  0      0 2415540  18756 470292    0    0     0   168 56407 40653 24 27 49  0  0 2026-10-01 09:55:19
 0  0      0 2377452  18788 473292    0    0     0   180 65131 41110 25 31 43  1  0 2026-10-01 09:55:20
 3  0      0 2309948  18812 475824    0    0     0   544 65547 39588 28 31 40  0  0 2026-10-01 09:55:21
 4  0      0 2269544  18836 478688    0    0     0   216 74119 38654 23 38 38  1  0 2026-10-01 09:55:22
 1  0      0 2230720  18860 481072    0    0    32   180 75825 37212 22 42 35  0  0 2026-10-01 09:55:23
 5  0      0 2188988  18892 483760    0    0     0   268 79031 36919 23 43 35  0  0 2026-10-01 09:55:24
 2  0      0 2149900  18916 486204    0    0     0   260 79698 35695 26 40 33  0  0 2026-10-01 09:55:25
 4  0      0 2117564  18948 487916    0    0     0   272 80552 34763 29 42 28  1  0 2026-10-01 09:55:26
 3  0      0 2080164  18972 490288    0    0     0   260 86551 34151 26 43 31  0  0 2026-10-01 09:55:27
 2  0      0 2048052  19004 492140    0    0     0   328 88317 33553 25 48 26  1  1 2026-10-01 09:55:28
 5  0      0 2016456  19052 494032    0    0     0   328 89602 32577 24 49 26  0  0 2026-10-01 09:55:29
 6  0      0 1990052  19084 495448    0    0     0   224 89928 32522 20 53 26  0  0 2026-10-01 09:55:30
procs -----------memory---------- ---swap-- -----io---- -system-- ------cpu----- -----timestamp-----
 r  b   swpd   free   buff  cache   si   so    bi    bo   in   cs us sy id wa st                 UTC
 3  0      0 1964816  19116 497064    0    0     0   232 88606 32668 26 51 24  0  0 2026-10-01 09:55:31
11  0      0 1937976  19140 498844    0    0     0   228 90851 30469 28 53 20  0  0 2026-10-01 09:55:32
 2  0      0 1914348  19172 500416    0    0     0   208 93205 31656 25 51 23  0  0 2026-10-01 09:55:33
 2  0      0 1892160  19204 502152    0    0     0   228 94684 32485 24 54 22  0  0 2026-10-01 09:55:34
 3  0      0 1862100  19228 504756    0    0     0   168 90250 28921 26 55 20  0  0 2026-10-01 09:55:35
 6  0      0 1847072  19252 505568    0    0     0   164 96535 30859 27 53 20  0  0 2026-10-01 09:55:36
 4  0      0 1821676  19276 507668    0    0     0   168 93947 31650 25 51 24  1  0 2026-10-01 09:55:37
 4  0      0 1798024  19300 508596    0    0     0   380 96354 25209 28 58 14  0  0 2026-10-01 09:55:38
 2  0      0 1776256  19324 510480    0    0     0   156 93042 32677 23 51 26  0  0 2026-10-01 09:55:39
 2  0      0 1755904  19340 511980    0    0     0    96 95436 25712 25 61 13  0  0 2026-10-01 09:55:40
 0  0      0 1727616  19356 513236    0    0     0    80 94624 24520 24 59 16  0  0 2026-10-01 09:55:41
 7  0      0 1711464  19372 514652    0    0    16  2176 94487 26050 23 60 17  0  0 2026-10-01 09:55:42
 2  0      0 1687480  19444 516884    0    0     0   852 91367 29598 21 56 22  1  1 2026-10-01 09:55:43
 5  0      0 1675484  19548 517344    0    0     0  1244 97996 25439 21 69 10  0  0 2026-10-01 09:55:44
 3  0      0 1643120  19652 520816    0    0     0  1280 96669 25364 24 60 16  1  0 2026-10-01 09:55:45
 3  0      0 1638164  19756 521036    0    0     0  1224 90660 31830 24 54 21  0  0 2026-10-01 09:55:46
 1  0      0 1625220  19860 522068    0    0     0  2284 95493 24273 25 60 14  0  0 2026-10-01 09:55:47
 4  0      0 1589340  19964 524160    0    0     0  1212 96604 21855 26 60 14  0  0 2026-10-01 09:55:48
 3  0      0 1578836  20052 524684    0    0     0  1080 96640 23256 24 63 13  0  0 2026-10-01 09:55:49
 2  0      0 1558016  20148 526972    0    0     0  1064 95445 26506 27 55 17  0  0 2026-10-01 09:55:50
 2  0      0 1517812  20220 528504    0    0     0   936 94814 16529 27 67  6  0  0 2026-10-01 09:55:51
procs -----------memory---------- ---swap-- -----io---- -system-- ------cpu----- -----timestamp-----
 r  b   swpd   free   buff  cache   si   so    bi    bo   in   cs us sy id wa st                 UTC
 2  0      0 1508524  20292 529360    0    0     0   940 93513 23127 18 67 15  0  0 2026-10-01 09:55:52
 1  0      0 1484436  20380 532080    0    0     0   940 91156 28865 16 56 28  0  0 2026-10-01 09:55:53
 5  0      0 1470448  20460 532468    0    0     0   864 96465 23288 22 65 12  0  0 2026-10-01 09:55:54
 2  0      0 1460560  20532 532892    0    0     0   876 95054 21022 21 67 12  0  0 2026-10-01 09:55:55
 2  0      0 1443748  20604 534776    0    0     0   852 89834 25472 10 61 29  0  0 2026-10-01 09:55:56
 2  0      0 1430188  20668 535980    0    0     0   820 94375 24691 16 63 21  0  0 2026-10-01 09:55:57
 4  0      0 1405064  20724 536976    0    0     0   804 95507 14115 24 73  3  0  1 2026-10-01 09:55:58
 1  0      0 1395776  20780 537820    0    0     0   808 95338 23677 14 67 19  0  0 2026-10-01 09:55:59
 3  0      0 1378964  20852 539656    0    0     0   772 93661 24120 14 67 19  0  0 2026-10-01 09:56:00
 1  0      0 1340028  20916 541816    0    0     0   816 94384 17371 23 62 14  0  0 2026-10-01 09:56:01
 2  0      0 1331724  20980 542268    0    0     0   736 93767 21664 18 66 15  1  0 2026-10-01 09:56:02
 2  0      0 1317016  21052 543472    0    0     0   744 93669 18831 16 73 11  0  0 2026-10-01 09:56:03
 3  0      0 1294792  21092 544304    0    0     0   632 93973 23043 18 59 23  0  0 2026-10-01 09:56:04
 1  0      0 1294328  21140 546136    0    0     0   564 90743 20135 24 61 16  0  0 2026-10-01 09:56:05
 2  0      0 1273264  21196 546240    0    0     0   548 87298 21515 20 65 15  0  0 2026-10-01 09:56:06
 2  0      0 1259452  21244 547664    0    0     0   520 90489 16266 18 68 14  0  0 2026-10-01 09:56:07
 2  0      0 1240816  21284 547896    0    0     0   492 95631 15928 20 73  8  0  0 2026-10-01 09:56:08
 2  0      0 1223752  21324 549492    0    0     0   576 95878 21180 21 66 13  0  0 2026-10-01 09:56:09
 3  0      0 1218404  21372 549548    0    0     0   472 85405 14520 13 79  8  0  0 2026-10-01 09:56:10
 3  0      0 1232920  21412 551092    0    0     0   412 93273 13627 22 68  9  0  0 2026-10-01 09:56:11
 2  0      0 1223172  21444 551732    0    0     0   356 90461 21829 14 68 18  0  0 2026-10-01 09:56:12
procs -----------memory---------- ---swap-- -----io---- -system-- ------cpu----- -----timestamp-----
 r  b   swpd   free   buff  cache   si   so    bi    bo   in   cs us sy id wa st                 UTC
 2  0      0 1207848  21508 553256    0    0     0   544 89094 22785 12 62 26  1  0 2026-10-01 09:56:13
 3  0      0 1182892  21540 554548    0    0     0   476 92170 24760 15 59 25  0  0 2026-10-01 09:56:14
 2  0      0 1148072  21596 555952    0    0     0   516 87196 5144 21 79  0  0  0 2026-10-01 09:56:15
 0  0      0 1185988  21636 554872    0    0     0   476 48201 2133  8 56 36  0  0 2026-10-01 09:56:16
 3  0      0 1365424  21676 496108    0    0     0   396 60735 1552 22 55 23  0  0 2026-10-01 09:56:17
