procs -----------memory---------- ---swap-- -----io---- -system-- ------cpu----- -----timestamp-----
 r  b   swpd   free   buff  cache   si   so    bi    bo   in   cs us sy id wa st                 UTC
 0  0      0 31184372  24092 475460    0    0     5     2  194  190 14  3 83  0  0 2026-10-01 09:55:10
 0  0      0 31173168  24092 475480    0    0     0     0 1745 1668  1  0 99  0  0 2026-10-01 09:55:11
 0  0      0 31174988  24092 475480    0    0     0     0 3192 2326  2  0 98  0  0 2026-10-01 09:55:12
 0  0      0 31173504  24092 475480    0    0     0     0  102  170  0  0 100  0  0 2026-10-01 09:55:13
 0  0      0 31173504  24092 475480    0    0     0     0   62  105  0  0 100  0  0 2026-10-01 09:55:14
13  0      0 31145532  24100 475472    0    0     0    44 19557 19136  9  1 91  0  0 2026-10-01 09:55:15
 0  0      0 31067696  24100 475484    0    0     0     0 44466 49641 17  2 82  0  0 2026-10-01 09:55:16
12  0      0 30974792  24100 475548    0    0     0     0 51168 53271 22  2 76  0  0 2026-10-01 09:55:17
 4  0      0 30861456  24100 476196    0    0     0     0 56843 55171 25  3 72  0  0 2026-10-01 09:55:18
16  0      0 30722236  24100 477388    0    0     0     0 62135 53598 32  3 65  0  0 2026-10-01 09:55:19
 1  0      0 30558584  24100 478564    0    0     0     0 69633 56101 36  3 60  0  0 2026-10-01 09:55:20
 8  0      0 30408340  24108 479972    0    0     0    12 70636 52995 37  3 60  0  0 2026-10-01 09:55:21
 4  0      0 30301160  24108 481204    0    0     0     0 76978 52432 44  3 53  0  0 2026-10-01 09:55:22
 4  0      0 30027572  24108 482340    0    0     0     0 81865 50018 46  4 50  0  0 2026-10-01 09:55:23
 5  0      0 30014816  24108 483380    0    0     0     0 78444 55944 42  4 54  0  0 2026-10-01 09:55:24
16  0      0 29740120  24108 484692    0    0     0     0 87105 48342 48  4 47  0  0 2026-10-01 09:55:25
16  0      0 29522280  24116 485564    0    0     0    12 88129 49436 46  5 50  0  0 2026-10-01 09:55:26
 2  0      0 29462980  24116 486588    0    0     0     0 92618 50037 52  4 43  0  0 2026-10-01 09:55:27
 6  0      0 29272476  24116 487468    0    0     0     0 100512 51293 50  5 45  0  0 2026-10-01 09:55:28
 3  0      0 29263752  24116 488580    0    0     0     0 91747 53694 47  4 49  0  0 2026-10-01 09:55:29
 1  0      0 29026204  24116 489308    0    0     0     0 105212 47226 52  5 43  0  0 2026-10-01 09:55:30
procs -----------memory---------- ---swap-- -----io---- -system-- ------cpu----- -----timestamp-----
 r  b   swpd   free   buff  cache   si   so    bi    bo   in   cs us sy id wa st                 UTC
 0  1      0 29017100  24124 489924    0    0     0    12 98704 52512 49  5 46  0  0 2026-10-01 09:55:31
16  0      0 28890308  24124 490884    0    0     0     0 108405 43552 57  5 38  0  0 2026-10-01 09:55:32
16  0      0 28816764  24124 491708    0    0     0   656 108861 48952 53  5 42  0  0 2026-10-01 09:55:33
16  0      0 28696148  24124 492324    0    0     0     0 119431 58061 46  5 48  0  0 2026-10-01 09:55:34
16  0      0 28647116  24124 493196    0    0     0     0 96917 44120 53  5 42  0  0 2026-10-01 09:55:35
16  0      0 28582444  24124 494092    0    0     0     0 115154 58540 51  6 43  0  0 2026-10-01 09:55:36
 7  0      0 28446464  24132 495004    0    0     0    36 116706 59144 49  5 46  0  0 2026-10-01 09:55:37
16  0      0 28348324  24132 495452    0    0     0     0 118261 50478 56  6 38  0  0 2026-10-01 09:55:38
 2  0      0 28261808  24132 496124    0    0     0     0 116852 53215 56  5 39  0  0 2026-10-01 09:55:39
 0  0      0 28112444  24132 497052    0    0     0     0 121706 50093 60  6 34  0  0 2026-10-01 09:55:40
16  0      0 28113984  24132 497636    0    0     0    48 126739 70748 44  6 50  0  0 2026-10-01 09:55:41
 2  0      0 27993732  24132 498580    0    0     0     0 121467 37134 68  7 25  0  0 2026-10-01 09:55:42
 3  0      0 27899376  24140 499284    0    0     0   600 114130 55082 44  5 50  0  0 2026-10-01 09:55:43
16  0      0 27569540  24140 499588    0    0     0     0 144382 66760 51  8 42  0  0 2026-10-01 09:55:44
 2  0      0 27553364  24140 501100    0    0     0     0 105434 40815 57  5 38  0  0 2026-10-01 09:55:45
16  0      0 27542520  24140 501296    0    0     0     0 125382 65027 49  7 45  0  0 2026-10-01 09:55:46
 2  0      0 27408464  24140 501624    0    0     0     0 122141 47787 69  7 24  0  0 2026-10-01 09:55:47
16  0      0 27404272  24148 502748    0    0     0    20 132894 78581 39  7 54  0  0 2026-10-01 09:55:48
 7  0      0 27333944  24148 503040    0    0     0     0 138373 62537 59  7 34  0  0 2026-10-01 09:55:49
 4  0      0 27213968  24148 503936    0    0     0     0 121184 40947 70  6 23  0  0 2026-10-01 09:55:50
 7  0      0 27208876  24148 504616    0    0     0     0 147480 90677 40  7 54  0  0 2026-10-01 09:55:51
procs -----------memory---------- ---swap-- -----io---- -system-- ------cpu----- -----timestamp-----
 r  b   swpd   free   buff  cache   si   so    bi    bo   in   cs us sy id wa st                 UTC
16  0      0 27045568  24148 505264    0    0     0     0 127880 20031 68 23  9  0  0 2026-10-01 09:55:52
16  0      0 26969624  24148 506352    0    0     0     0 112945 15857 58 40  2  0  0 2026-10-01 09:55:53
29  0      0 26977668  24156 506672    0    0     0    12 128478 61645 43 22 35  0  0 2026-10-01 09:55:54
16  0      0 26565436  24156 507024    0    0     0     0 149059 45663 62 18 20  0  0 2026-10-01 09:55:55
16  0      0 26565428  24156 507752    0    0     0     0 98252 2497 49 51  0  0  0 2026-10-01 09:55:56
 2  0      0 26566296  24156 508320    0    0     0     0 113765 25851 63 25 12  0  0 2026-10-01 09:55:57
21  0      0 26555644  24156 508840    0    0     0     0 139116 57417 49 19 32  0  0 2026-10-01 09:55:58
16  0      0 26475684  24164 509440    0    0     0    12 117399 5794 59 40  0  0  0 2026-10-01 09:55:59
16  0      0 26462664  24164 510072    0    0     0     0 112137 8278 68 31  1  0  0 2026-10-01 09:56:00
27  0      0 26456444  24164 511000    0    0     0     0 109740 4846 49 51  1  0  0 2026-10-01 09:56:01
20  0      0 26193560  24164 511392    0    0     0     0 152728 34570 59 31 11  0  0 2026-10-01 09:56:02
16  0      0 26204540  24164 511912    0    0     0     0 117492 5644 51 48  0  0  0 2026-10-01 09:56:03
16  0      0 26129224  24172 512688    0    0     0    32 110385 7103 61 39  0  0  0 2026-10-01 09:56:04
 7  0      0 26160716  24172 513328    0    0     0     0 99578 30387 39 36 25  0  0 2026-10-01 09:56:05
16  0      0 25904960  24172 513400    0    0     0     0 158843 30693 64 24 12  0  0 2026-10-01 09:56:06
16  0      0 25891580  24172 513944    0    0     0     0 107745 5632 57 42  1  0  0 2026-10-01 09:56:07
16  0      0 25887240  24172 514184    0    0     0     0 115502 5852 56 43  0  0  0 2026-10-01 09:56:08
23  0      0 25750068  24180 514656    0    0     0    12 132095 44778 42 32 26  0  0 2026-10-01 09:56:09
16  0      0 25454672  24180 515176    0    0     0     0 161575 12772 66 33  1  0  0 2026-10-01 09:56:10
16  0      0 25442692  24180 515592    0    0     0     0 106286 5256 57 42  0  0  0 2026-10-01 09:56:11
16  0      0 25344412  24180 516184    0    0     0     8 125384 4323 45 55  0  0  0 2026-10-01 09:56:12
procs -----------memory---------- ---swap-- -----io---- -system-- ------cpu----- -----timestamp-----
 r  b   swpd   free   buff  cache   si   so    bi    bo   in   cs us sy id wa st                 UTC
16  0      0 25408356  24180 517104    0    0     0    28 96481 3870 51 49  0  0  0 2026-10-01 09:56:13
16  0      0 25076636  24180 517344    0    0     0     0 124700 10029 66 33  2  0  0 2026-10-01 09:56:14
 7  0      0 25079772  24188 517808    0    0     0    20 171785 80126 41 38 21  0  0 2026-10-01 09:56:15
 1  0      0 30999232  24188 517776    0    0     0     0 71364 33177  6  4 90  0  0 2026-10-01 09:56:16
 0  0      0 31166712  24188 476024    0    0     0     0 74998  507  0  2 98  0  0 2026-10-01 09:56:17
 0  0      0 31166352  24188 475864    0    0     0     0   69  114  0  0 100  0  0 2026-10-01 09:56:18
 0  0      0 31166352  24188 475864    0    0     0     0   84  128  0  0 100  0  0 2026-10-01 09:56:19
 0  0      0 31166352  24196 475864    0    0     0    28  105  180  0  0 100  0  0 2026-10-01 09:56:20
