procs -----------memory---------- ---swap-- -----io---- -system-- ------cpu----- -----timestamp-----
 r  b   swpd   free   buff  cache   si   so    bi    bo   in   cs us sy id wa st                 UTC
 1  0      0 3277144  15032 319076    0    0  1151    50  124  222  2  3 94  1  0 2026-10-01 09:55:10
 4  1      0 3216940  15532 361464    0    0 21392  8472 1112 1893  2  2 88 10  0 2026-10-01 09:55:11
 0  0      0 3150172  17632 365812    0    0   328 23420 6051 11203 46  5 24 25  0 2026-10-01 09:55:12
 0  0      0 3150172  17632 365812    0    0     0     0   38   40  0  0 100  0  0 2026-10-01 09:55:13
 0  0      0 3150172  17632 365812    0    0     0     0   36   48  0  0 100  0  0 2026-10-01 09:55:14
 5  0      0 3145160  17752 366492    0    0     0   460 1620 1957  4  1 94  2  0 2026-10-01 09:55:15
 0  1      0 3078308  18796 374644    0    0     0  4009 13170 12814 37  7 42 13  0 2026-10-01 09:55:16
 3  1      0 3044256  20028 384028    0    0   140  4692 16248 16673 46  7 33 14  0 2026-10-01 09:55:17
 6  0      0 2978548  20696 393800    0    0    68  2704 19930 17614 53 10 29  8  0 2026-10-01 09:55:18
 2  0      0 2928884  21432 404676    0    0     0  3068 21929 17323 67 11 16  6  0 2026-10-01 09:55:19
 7  1      0 2873216  22116 416212    0    0     0  2876 24499 18872 69 13 13  5  1 2026-10-01 09:55:20
 4  0      0 2772624  22824 428468    0    0     0  3048 23983 11458 78 12  3  6  0 2026-10-01 09:55:21
 2  0      0 2752360  23176 442024    0    0     0  1948 24443 6509 86 11  1  3  0 2026-10-01 09:55:22
 2  0      0 2678084  23496 454460    0    0     0  1688 27607 9921 83 13  1  3  0 2026-10-01 09:55:23
 2  0      0 2562248  23680 466724    0    0     0  1048 28384 7050 82 14  2  2  0 2026-10-01 09:55:24
 2  0      0 2507448  24080 478528    0    0     0  2256 29229 7018 82 14  1  4  0 2026-10-01 09:55:25
 2  0      0 2490968  24320 490176    0    0     0  1476 28057 1473 84 12  1  4  0 2026-10-01 09:55:26
 2  0      0 2471028  24672 502932    0    0     0  2176 34497 8366 84 12  0  4  0 2026-10-01 09:55:27
 3  0      0 2378116  24904 513580    0    0     0  1440 35240 9338 80 16  1  3  0 2026-10-01 09:55:28
 3  0      0 2260992  25192 525764    0    0    24  1888 37085 4158 80 17  0  3  0 2026-10-01 09:55:29
 3  0      0 2212776  25408 535484    0    0     0  1436 35036 5992 83 13  1  3  0 2026-10-01 09:55:30
procs -----------memory---------- ---swap-- -----io---- -system-- ------cpu----- -----timestamp-----
 r  b   swpd   free   buff  cache   si   so    bi    bo   in   cs us sy id wa st                 UTC
 3  0      0 2194196  25672 548004    0    0    76  1736 37200 4731 83 13  0  4  0 2026-10-01 09:55:31
 3  0      0 2174732  25784 558716    0    0     0   748 35854 2675 82 16  0  1  0 2026-10-01 09:55:32
 3  0      0 2159664  25916 569732    0    0     0   980 36633 1463 83 15  1  2  0 2026-10-01 09:55:33
 3  0      0 2086288  26084 579644    0    0     0  1228 35736 1929 84 15  0  1  0 2026-10-01 09:55:34
 3  0      0 1974424  26228 591700    0    0     0   840 39212 2385 81 17  1  2  0 2026-10-01 09:55:35
 5  0      0 1898336  26516 601724    0    0     0  1968 41138 3584 77 20  1  3  0 2026-10-01 09:55:36
 2  1      0 1887260  26560 610636    0    0     0   464 34289 4229 88 12  0  1  0 2026-10-01 09:55:37
 3  0      0 1866524  26856 623540    0    0     0 68252 48126 1572 78 19  0  2  0 2026-10-01 09:55:38
 3  0      0 1849772  26880 632052    0    0     0   284 32264  598 88 11  0  1  0 2026-10-01 09:55:39
 2  0      0 1833404  27200 643600    0    0     0  2192 47018 2979 79 18  1  3  0 2026-10-01 09:55:40
 3  0      0 1796768  27288 655276    0    0     0  1056 43830  847 80 20  0  1  0 2026-10-01 09:55:41
 3  0      0 1684872  27512 665732    0    0     0  1880 42150  971 76 22  0  1  0 2026-10-01 09:55:42
10  0      0 1583592  27544 673684    0    0     0 203020 41858 6826 76 22  2  1  0 2026-10-01 09:55:43
 3  0      0 1508252  27712 682708    0    0     0  1376 45959 2048 79 20  0  2  0 2026-10-01 09:55:44
 4  0      0 1516388  27760 694888    0    0     0   340 42193  758 80 19  1  1  0 2026-10-01 09:55:45
 3  0      0 1491296  27760 699708    0    0     0     0 36836  616 83 17  0  0  0 2026-10-01 09:55:46
 3  0      0 1468732  28112 714448    0    0     0  2632 46058 1258 79 18  1  3  0 2026-10-01 09:55:47
 3  0      0 1457176  28168 724068    0    0     0   596 42801  690 83 16  0  1  0 2026-10-01 09:55:48
 3  0      0 1444308  28240 734180    0    0     0   532 51476  752 80 19  0  1  0 2026-10-01 09:55:49
 3  0      0 1428612  28360 744680    0    0     0   992 45413 5728 82 17  0  1  0 2026-10-01 09:55:50
 3  0      0 1342704  28360 751756    0    0     0    12 45406  519 80 21  0  0  0 2026-10-01 09:55:51
procs -----------memory---------- ---swap-- -----io---- -system-- ------cpu----- -----timestamp-----
 r  b   swpd   free   buff  cache   si   so    bi    bo   in   cs us sy id wa st                 UTC
 3  0      0 1237368  28556 763196    0    0     0  1536 52938 1078 75 23  0  1  0 2026-10-01 09:55:52
 4  0      0 1124748  28556 770732    0    0     0     0 43453 1002 81 19  0  0  0 2026-10-01 09:55:53
 3  0      0 1092704  28588 776916    0    0     0   372 47828  855 80 19  0  0  0 2026-10-01 09:55:54
 3  0      0 1081112  28628 788316    0    0     0   400 47677  779 78 22  1  0  0 2026-10-01 09:55:55
 4  0      0 1070276  28636 797396    0    0     0   368 48266  868 78 21  1  1  0 2026-10-01 09:55:56
 3  0      0 1059532  28636 804264    0    0     0     8 45238  687 83 17  0  0  0 2026-10-01 09:55:57
 3  0      0 1049456  28676 813648    0    0     0   400 54375  834 74 26  1  0  0 2026-10-01 09:55:58
 4  0      0 1037612  28728 824056    0    0     0   544 55684 5603 70 23  6  1  0 2026-10-01 09:55:59
 3  0      0 1025468  28728 833172    0    0     0 49788 51251 1284 81 20  0  0  0 2026-10-01 09:56:00
 4  0      0 1017416  28728 838288    0    0     0     0 45886  666 83 17  0  0  0 2026-10-01 09:56:01
 4  0      0 946156  28728 849884    0    0     0     0 61184  895 75 25  0  0  0 2026-10-01 09:56:02
 2  0      0 847648  28728 858352    0    0     0    12 52337  638 80 20  0  0  0 2026-10-01 09:56:03
 2  0      0 752544  28736 864632    0    0     0 143432 51665 2543 75 25  0  0  0 2026-10-01 09:56:04
 2  0      0 668124  28736 869752    0    0     0     0 46943  673 82 18  0  0  0 2026-10-01 09:56:05
 2  0      0 603840  28736 878040    0    0     0     0 55939 1459 77 23  0  0  0 2026-10-01 09:56:06
 2  0      0 593072  28840 886732    0    0     0   992 53704  971 76 23  0  2  0 2026-10-01 09:56:07
 3  0      0 583160  28856 893932    0    0     0   268 53963  717 78 21  0  0  0 2026-10-01 09:56:08
 2  0      0 594352  28856 901340    0    0     0     8 54076  633 79 21  0  0  0 2026-10-01 09:56:09
 2  0      0 577980  28960 912116    0    0     0  1024 59882 1626 73 25  0  2  0 2026-10-01 09:56:10
 2  0      0 566764  28960 917544    0    0     0     0 54439  676 80 19  0  0  0 2026-10-01 09:56:11
 3  0      0 557944  28960 925336    0    0     0    96 64293 18154 55 24 21  0  0 2026-10-01 09:56:12
procs -----------memory---------- ---swap-- -----io---- -system-- ------cpu----- -----timestamp-----
 r  b   swpd   free   buff  cache   si   so    bi    bo   in   cs us sy id wa st                 UTC
 2  0      0 552680  28960 929660    0    0     0     0 52226 10252 69 18 13  0  0 2026-10-01 09:56:13
 2  0      0 543084  28960 936692    0    0     0     0 43376  638 84 16  0  0  0 2026-10-01 09:56:14
 2  0      0 528300  28968 945848    0    0     0   272 55073  870 76 25  0  0  0 2026-10-01 09:56:15
 0  0      0 523832  28968 949640    0    0  2064     0 63305 27266 31 23 47  0  0 2026-10-01 09:56:16
 0  0      0 611920  28968 937360    0    0     0     0 58295 40199  9 23 68  0  0 2026-10-01 09:56:17
 0  0      0 628428  28968 928304    0    0     0     0 10821 8142  2  3 95  0  0 2026-10-01 09:56:18
 1  0      0 651576  28968 928304    0    0    44     4  586  907 12  4 84  0  0 2026-10-01 09:56:19
