procs -----------memory---------- ---swap-- -----io---- -system-- ------cpu----- -----timestamp-----
 r  b   swpd   free   buff  cache   si   so    bi    bo   in   cs us sy id wa st                 UTC
 1  0      0 3290592  14920 319004    0    0  1163    46  118  213  2  3 94  1  0 2026-10-01 09:55:10
 2  1      0 3227048  15404 361328    0    0 21236  7780  946 1974  0  2 89  9  0 2026-10-01 09:55:11
 0  0      0 3158280  17724 365812    0    0   588 24040 6182 11346 47  6 25 22  0 2026-10-01 09:55:12
 0  0      0 3158280  17724 365952    0    0     0     0   37   28  0  0 100  0  0 2026-10-01 09:55:13
 0  0      0 3158280  17724 365952    0    0     0     0   35   49  0  0 100  0  0 2026-10-01 09:55:14
 0  2      0 3148884  17824 366652    0    0     0   416 1556 1639  4  1 94  1  0 2026-10-01 09:55:15
 0  0      0 3084432  18964 374576    0    0     0  4060 11982 11047 36  5 45 15  0 2026-10-01 09:55:16
 1  0      0 3055436  19532 379892    0    0    52  2149 10200 9111 29  4 59  8  0 2026-10-01 09:55:17
 0  0      0 3010700  20244 389420    0    0   108  2756 18965 17567 51 10 30  8  0 2026-10-01 09:55:18
 2  0      0 2940108  20836 397172    0    0     0  2264 17913 16089 47  8 38  7  0 2026-10-01 09:55:19
 5  0      0 2909108  21324 407732    0    0     0  2028 21666 15892 69 10 17  5  0 2026-10-01 09:55:20
 4  0      0 2874020  21612 416288    0    0     0  1224 22357 19187 55 11 31  2  0 2026-10-01 09:55:21
 2  0      0 2751856  22180 428208    0    0     0  2532 25114 12575 80 12  4  4  0 2026-10-01 09:55:22
 8  0      0 2728764  22652 440188    0    0    72  2216 25622 13511 76 11  8  4  0 2026-10-01 09:55:23
 8  0      0 2708152  23140 453032    0    0     0  2300 26934 9963 81 13  2  5  0 2026-10-01 09:55:24
 4  0      0 2603988  23396 465312    0    0     0  1324 28108 7841 83 11  3  3  0 2026-10-01 09:55:25
 4  0      0 2494364  23684 475968    0    0     0  1528 28656 8153 82 15  0  3  0 2026-10-01 09:55:26
 3  0      0 2474032  23964 489188    0    0     0  1620 30251 3003 84 12  1  4  0 2026-10-01 09:55:27
 3  0      0 2456340  24132 501664    0    0     0  1100 31238 2205 85 12  0  3  0 2026-10-01 09:55:28
 8  0      0 2420820  24332 513640    0    0     0  1136 32463 4666 85 12  0  3  0 2026-10-01 09:55:29
 3  0      0 2305312  24500 525112    0    0     0  1104 35929 4250 79 17  0  3  0 2026-10-01 09:55:30
procs -----------memory---------- ---swap-- -----io---- -system-- ------cpu----- -----timestamp-----
 r  b   swpd   free   buff  cache   si   so    bi    bo   in   cs us sy id wa st                 UTC
 3  0      0 2198620  24668 534460    0    0    44  1228 31609 1879 84 13  0  3  0 2026-10-01 09:55:31
 3  0      0 2179576  24844 545340    0    0     0  2076 34801 2923 84 14  0  2  0 2026-10-01 09:55:32
 5  0      0 2162000  25112 557808    0    0     0  1824 38722 4186 83 14  0  3  0 2026-10-01 09:55:33
 3  0      0 2145156  25356 568964    0    0     0  1504 38279 2339 79 18  1  4  0 2026-10-01 09:55:34
 4  0      0 2126112  25532 579140    0    0     0  1036 34634 1142 84 14  0  3  0 2026-10-01 09:55:35
 4  0      0 2033820  25716 590396    0    0     0  1132 40864 2017 79 17  1  3  0 2026-10-01 09:55:36
 4  0      0 1919064  25940 602184    0    0     0 84704 44418 3537 74 22  0  4  0 2026-10-01 09:55:37
 3  0      0 1854004  25980 609484    0    0     0   268 36085 2082 84 16  0  1  0 2026-10-01 09:55:38
 2  0      0 1841432  26116 619568    0    0     0   992 38651 1746 83 15  0  2  0 2026-10-01 09:55:39
 4  0      0 1824196  26268 631556    0    0     0   912 44492 3039 82 16  0  2  0 2026-10-01 09:55:40
 2  0      0 1811356  26340 641776    0    0     0   628 40294 2624 82 16  0  1  0 2026-10-01 09:55:41
 2  0      0 1796260  26420 651300    0    0     0 167020 49742 4589 75 23  0  2  0 2026-10-01 09:55:42
 2  0      0 1780604  26500 662088    0    0     0   544 40597  793 85 14  0  1  0 2026-10-01 09:55:43
 2  0      0 1671856  26780 672108    0    0     0  1608 47822 2876 72 24  0  4  0 2026-10-01 09:55:44
 2  0      0 1559248  26940 682948    0    0     0   988 43458 1337 79 19  0  3  0 2026-10-01 09:55:45
 3  0      0 1475080  26940 687972    0    0     0    16 39490 1212 82 18  0  0  0 2026-10-01 09:55:46
 1  1      0 1453704  27192 698764    0    0     0  1884 48003 4965 78 18  0  3  0 2026-10-01 09:55:47
 3  0      0 1437356  27228 708404    0    0     0   272 43249 1315 82 18  0  0  0 2026-10-01 09:55:48
 9  0      0 1424768  27324 717164    0    0     0   668 48083 2970 81 17  0  2  0 2026-10-01 09:55:49
 2  0      0 1409812  27420 727816    0    0     0   832 47893 3494 80 18  0  1  0 2026-10-01 09:55:50
 2  0      0 1394948  27516 736732    0    0     0   884 52683 5448 77 22  0  2  0 2026-10-01 09:55:51
procs -----------memory---------- ---swap-- -----io---- -system-- ------cpu----- -----timestamp-----
 r  b   swpd   free   buff  cache   si   so    bi    bo   in   cs us sy id wa st                 UTC
 3  0      0 1381740  27596 747760    0    0     0   676 50488 1621 78 20  1  1  0 2026-10-01 09:55:52
 2  0      0 1353276  27596 754456    0    0     0   132 47080  639 82 18  0  0  0 2026-10-01 09:55:53
 2  0      0 1250736  27596 764364    0    0     0     0 48325  678 80 21  0  0  0 2026-10-01 09:55:54
 2  0      0 1143984  27676 773804    0    0     0   668 52323  890 73 27  0  1  0 2026-10-01 09:55:55
 2  0      0 1063608  27756 779144    0    0     0   608 41755  932 82 17  0  2  0 2026-10-01 09:55:56
 2  0      0 1054536  27796 787664    0    0     0   592 52829  954 78 21  0  0  0 2026-10-01 09:55:57
 2  0      0 1042704  27796 797556    0    0     0     8 49268  671 79 21  0  0  0 2026-10-01 09:55:58
 2  0      0 1033392  27796 805692    0    0     0     0 53891  720 79 22  0  0  0 2026-10-01 09:55:59
 3  0      0 1022812  27868 815168    0    0     0 66536 56654 3780 76 22  0  1  0 2026-10-01 09:56:00
 2  0      0 1006860  27900 825640    0    0     0   352 49906  712 80 20  0  1  0 2026-10-01 09:56:01
 2  0      0 987284  27900 829268    0    0     0     0 44583  683 85 14  0  0  0 2026-10-01 09:56:02
 2  0      0 999748  28020 842144    0    0     0  2784 61742 1216 73 25  0  2  0 2026-10-01 09:56:03
 3  0      0 993476  28020 847820    0    0     0    12 54569 22814 54 19 27  0  0 2026-10-01 09:56:04
 2  0      0 963032  28020 851452    0    0     0 128440 48145 4704 80 18  2  0  0 2026-10-01 09:56:05
 2  0      0 848540  28020 860156    0    0     0     0 41796  740 75 25  0  0  0 2026-10-01 09:56:06
 2  0      0 739620  28088 869316    0    0     0   964 57351 1051 73 26  0  1  0 2026-10-01 09:56:07
 2  0      0 646324  28120 874556    0    0     0   240 50085 1292 79 20  0  0  0 2026-10-01 09:56:08
 2  0      0 631472  28152 881616    0    0     0   336 56796  771 81 19  0  1  0 2026-10-01 09:56:09
 3  0      0 619716  28192 889872    0    0     0   372 56736  784 77 22  0  1  0 2026-10-01 09:56:10
 3  0      0 641944  28192 897048    0    0     0     0 52857 5999 74 20  5  0  0 2026-10-01 09:56:11
 2  0      0 632128  28192 905012    0    0     0     0 55773 8943 71 20  9  0  0 2026-10-01 09:56:12
procs -----------memory---------- ---swap-- -----io---- -system-- ------cpu----- -----timestamp-----
 r  b   swpd   free   buff  cache   si   so    bi    bo   in   cs us sy id wa st                 UTC
 2  0      0 626892  28192 909612    0    0     0     0 49574 6243 71 18 10  0  0 2026-10-01 09:56:13
 2  0      0 615324  28192 916928    0    0     0     0 48798 2887 79 18  4  0  0 2026-10-01 09:56:14
 2  0      0 606252  28200 925060    0    0     0   224 57806 10145 69 22 10  0  0 2026-10-01 09:56:15
 0  0      0 603492  28200 927560    0    0  1612    12 53449 26287 27 21 53  0  0 2026-10-01 09:56:16
 1  0      0 682732  28204 916456    0    0     0    52 60103 41011 13 23 64  0  0 2026-10-01 09:56:17
 0  0      0 716424  28204 907076    0    0     0     0 10812 8110  3  3 94  0  0 2026-10-01 09:56:18
 0  0      0 716424  28204 907076    0    0     0     0   25   43  0  0 100  0  0 2026-10-01 09:56:19
 1  0      0 682972  28212 907068    0    0     0   228  429  585 13  2 86  0  0 2026-10-01 09:56:20
