procs -----------memory---------- ---swap-- -----io---- -system-- ------cpu----- -----timestamp-----
 r  b   swpd   free   buff  cache   si   so    bi    bo   in   cs us sy id wa st                 UTC
 1  0      0 213160  69300 1117128    0    0   376  2481 9324 1402 34  9 55  2  0 2026-10-01 10:05:17
 1  0      0 234808  69596 1033756    0    0  1412 31080 1921 4661  1  3 86 11  0 2026-10-01 10:05:18
 0  1      0 411192  70012 869396    0    0  2944 59544 6474 10711  1 10 45 44  0 2026-10-01 10:05:19
 0  1      0 544732  70512 729344    0    0  2784 55536 5529 12089  1  5 45 48  0 2026-10-01 10:05:20
 3  1      0 717528  71016 620620    0    0  1488 43820 5237 10967 37  6 25 33  0 2026-10-01 10:05:21
 0  0      0 714060  71260 622332    0    0     0  9864 2410 4704 10  1 77 12  0 2026-10-01 10:05:22
 0  0      0 714060  71260 622332    0    0     0     0   36   46  0  0 100  0  0 2026-10-01 10:05:23
 0  0      0 714060  71260 622332    0    0     0     0   28   30  0  0 100  0  0 2026-10-01 10:05:24
 2  1      0 706844  71576 628316    0    0     0  3544 9587 9291 28  5 52 14  0 2026-10-01 10:05:25
 6  0      0 701944  71756 633020    0    0     0  2324 8434 8057 22  4 66  9  0 2026-10-01 10:05:26
 0  0      0 691136  71964 641948    0    0     0  3200 19347 16944 60  7 28  5  0 2026-10-01 10:05:27
 5  2      0 684704  72136 647180    0    0     0  2116 13627 13483 32  6 56  6  0 2026-10-01 10:05:28
 0  0      0 665084  72356 658996    0    0     0  2896 23575 16476 78 10  9  3  0 2026-10-01 10:05:29
 3  0      0 652172  72516 667068    0    0     0  2248 21852 19744 54  8 33  6  0 2026-10-01 10:05:30
 3  0      0 634864  72624 680068    0    0     0  2196 24355 11445 81 10  5  3  0 2026-10-01 10:05:31
 8  0      0 622820  72676 689948    0    0     0  1680 24113 13367 69 11 17  3  0 2026-10-01 10:05:32
 3  0      0 607680  72768 702224    0    0     0  1812 25645 8702 81 12  3  4  0 2026-10-01 10:05:33
 3  0      0 592584  72844 714864    0    0     0  1496 24685 1572 83 11  1  5  0 2026-10-01 10:05:34
 3  0      0 578664  72916 726752    0    0     0  1440 27004 4390 82 12  3  4  0 2026-10-01 10:05:35
 4  0      0 563832  72940 737848    0    0     0  1080 30380 9158 81 13  3  2  0 2026-10-01 10:05:36
 7  0      0 548288  73016 750252    0    0     0 76308 32154 3992 79 17  0  4  0 2026-10-01 10:05:37
procs -----------memory---------- ---swap-- -----io---- -system-- ------cpu----- -----timestamp-----
 r  b   swpd   free   buff  cache   si   so    bi    bo   in   cs us sy id wa st                 UTC
13  0      0 533668  73084 761492    0    0     0  1924 33095 4342 83 13  0  4  0 2026-10-01 10:05:38
 3  0      0 504336  73136 773252    0    0     0  1400 35066 4618 81 16  0  4  0 2026-10-01 10:05:39
 3  0      0 416748  73176 783404    0    0     0  1172 35543 1983 82 16  0  1  0 2026-10-01 10:05:40
 3  0      0 328952  73252 793552    0    0     0  1676 39012 12545 82 16  0  2  0 2026-10-01 10:05:41
 4  0      0 235808  73300 801360    0    0     0 68816 33601 3131 80 17  0  3  0 2026-10-01 10:05:42
 3  0      0 222968  73348 812356    0    0     0  1396 39254 5819 82 16  0  2  0 2026-10-01 10:05:43
 3  0      0 210756  73404 823532    0    0     0  1640 36825 2548 80 16  0  4  0 2026-10-01 10:05:44
 3  0      0 191824  73432 834480    0    0     0  1320 42380 3753 80 17  0  2  0 2026-10-01 10:05:45
 3  0      0 176716  73448 844016    0    0     0   904 37430 2425 84 14  1  2  0 2026-10-01 10:05:46
 4  0      0 161816  73484 854520    0    0     0   876 41477 3791 81 17  0  2  0 2026-10-01 10:05:47
 8  0      0 147660  73536 864252    0    0     0 46788 43410 6647 76 21  1  3  0 2026-10-01 10:05:48
 3  0      0 131152  73564 875180    0    0     0  1068 41962 5791 80 19  0  2  0 2026-10-01 10:05:49
 3  0      0 114880  73588 884856    0    0     0   868 42902 1375 82 16  0  2  0 2026-10-01 10:05:50
 2  0      0 105088  73608 892852    0    0     0   760 37034 1929 82 17  0  1  0 2026-10-01 10:05:51
 3  1      0 116668  73636 901904    0    0     0 69648 46918 4385 74 22  0  3  0 2026-10-01 10:05:52
 4  0      0 116652  73612 906408    0    0     0  3292 37600 5037 80 17  0  3  0 2026-10-01 10:05:53
 2  0      0 120796  73340 900960    0    0     0  1560 47229 6756 78 19  1  3  0 2026-10-01 10:05:54
 2  0      0 101640  73364 909380    0    0     0   932 43378 1722 79 20  0  2  0 2026-10-01 10:05:55
 2  0      0 115536  73392 906312    0    0     0  1360 44419 1052 77 20  0  3  0 2026-10-01 10:05:56
 2  0      0 112220  73400 898220    0    0     0   344 45101  694 81 19  0  1  0 2026-10-01 10:05:57
 2  0      0 104700  73172 903244    0    0    20  1840 49101 2053 76 21  1  4  0 2026-10-01 10:05:58
procs -----------memory---------- ---swap-- -----io---- -system-- ------cpu----- -----timestamp-----
 r  b   swpd   free   buff  cache   si   so    bi    bo   in   cs us sy id wa st                 UTC
 2  0      0 110364  73004 889156    0    0     0   384 41284 2214 84 16  0  1  0 2026-10-01 10:05:59
 2  0      0 128984  72768 883248    0    0    36 43764 51051 3433 75 23  0  3  0 2026-10-01 10:06:00
 2  0      0 108988  72816 891300    0    0     4  1380 41501 2939 82 16  0  2  0 2026-10-01 10:06:01
 2  0      0 111228  71924 876032    0    0  1036 14356 44155 1315 80 19  0  0  0 2026-10-01 10:06:02
 2  0      0 179700  71956 885256    0    0     8  1084 48033 2690 82 16  0  2  0 2026-10-01 10:06:03
 2  0      0 175632  71980 894748    0    0     0   780 52771 1616 79 19  1  1  0 2026-10-01 10:06:04
 2  0      0 214448  71980 903676    0    0     0     0 53511  661 80 21  0  0  0 2026-10-01 10:06:05
 2  0      0 307392  71980 910864    0    0     0     0 48069  668 79 21  0  0  0 2026-10-01 10:06:06
 2  0      0 297112  72036 921052    0    0     4 61560 54428 2903 75 24  0  2  0 2026-10-01 10:06:07
 2  0      0 271360  72048 929648    0    0     0   540 44686  704 84 15  0  1  0 2026-10-01 10:06:08
 2  0      0 254772  72052 938412    0    0    20   248 54297  727 77 22  0  0  0 2026-10-01 10:06:09
 2  0      0 248024  72056 948096    0    0     0   736 49336 1029 77 22  0  1  0 2026-10-01 10:06:10
 2  0      0 239132  72060 956308    0    0     0   324 50080  648 80 20  0  1  0 2026-10-01 10:06:11
 2  0      0 230044  72064 962988    0    0     0   332 51268  740 80 20  0  1  0 2026-10-01 10:06:12
 2  0      0 220468  72068 968156    0    0     4   332 41650  840 82 17  0  0  0 2026-10-01 10:06:13
 2  0      0 208172  72068 976464    0    0     0   268 57180  755 75 25  0  1  0 2026-10-01 10:06:14
 2  0      0 197592  72068 984560    0    0     0     0 48073  659 80 20  0  0  0 2026-10-01 10:06:15
 2  0      0 189024  72268 993156    0    0     0 55840 56664 1849 73 26  0  1  0 2026-10-01 10:06:16
 2  0      0 180524  72268 1001136    0    0     0     0 52012  718 78 22  0  0  0 2026-10-01 10:06:17
 2  0      0 173732  72268 1007628    0    0     0   120 55691 11118 65 24 12  0  0 2026-10-01 10:06:18
 2  0      0 162472  72268 1016164    0    0     0     0 47860  679 83 18  0  0  0 2026-10-01 10:06:19
procs -----------memory---------- ---swap-- -----io---- -system-- ------cpu----- -----timestamp-----
 r  b   swpd   free   buff  cache   si   so    bi    bo   in   cs us sy id wa st                 UTC
 2  0      0 147168  72268 1022364    0    0     0    12 54021  689 81 19  0  0  0 2026-10-01 10:06:20
 6  0      0 164384  72232 1029508    0    0     4 71288 55163 2342 74 26  0  0  0 2026-10-01 10:06:21
 2  0      0 165940  72248 1037664    0    0     0   788 64321 1145 70 28  0  1  0 2026-10-01 10:06:22
 2  0      0 155480  72248 1046424    0    0   580  2256 52755 3227 76 22  2  1  0 2026-10-01 10:06:23
 3  0      0 149684  72248 1051976    0    0     0     0 58789 11208 64 20 17  0  0 2026-10-01 10:06:24
 3  0      0 147668  72248 1053768    0    0   428     0 68456 39755 26 26 47  1  0 2026-10-01 10:06:25
 2  0      0 156060  72248 1049236    0    0     0     8 38491 23498  9 12 79  0  1 2026-10-01 10:06:26
 0  0      0 260720  72248 1034960    0    0     0     0 25912 16143  6 11 83  0  0 2026-10-01 10:06:27
 0  0      0 260472  72248 1034960    0    0     0   256   43   40  0  0 100  0  0 2026-10-01 10:06:28
 0  0      0 260472  72248 1034964    0    0     0     0   36   39  0  0 100  0  0 2026-10-01 10:06:29
 0  0      0 257560  72248 1035368    0    0   396  1380  275  394  1  0 97  1  0 2026-10-01 10:06:30
