procs -----------memory---------- ---swap-- -----io---- -system-- ------cpu----- -----timestamp-----
 r  b   swpd   free   buff  cache   si   so    bi    bo   in   cs us sy id wa st                 UTC
 1  0      0 1052676  56780 759292    0    0   443   458 19224 6080 12 26 62  1  0 2026-10-01 10:05:17
 1  1      0 1068552  57120 757168    0    0     0 15660 3446 6003 22  6 65  8  0 2026-10-01 10:05:18
 0  0      0 1088976  58332 759752    0    0     0 18832 5231 9255 34  4 47 16  0 2026-10-01 10:05:19
 0  0      0 1088976  58340 759752    0    0     0    60  338  518  1  1 99  0  0 2026-10-01 10:05:20
 0  0      0 1088976  58340 759752    0    0     0     8  248  419  0  0 100  0  0 2026-10-01 10:05:21
 0  0      0 1088976  58368 759752    0    0     0   348 1590 1674  1  1 97  1  0 2026-10-01 10:05:22
 0  0      0 1088976  58408 759760    0    0     0   452  638  939  0  1 99  1  0 2026-10-01 10:05:23
 0  0      0 1088976  58456 759760    0    0     0  1080  347  582  0  1 98  2  0 2026-10-01 10:05:24
 1  0      0 1088976  58676 759776    0    0     0  6836 29771 27279 18 13 64  5  0 2026-10-01 10:05:25
 0  0      0 1088080  58720 759816    0    0     0   548 38536 37959 23 17 58  1  0 2026-10-01 10:05:26
 1  0      0 1083508  58780 761596    0    0     0   792 51389 40000 24 27 48  1  0 2026-10-01 10:05:27
 3  0      0 1078368  58832 763936    0    0     0  1032 52962 40489 23 26 49  2  0 2026-10-01 10:05:28
 4  0      0 1073184  58912 766868    0    0     0  1428 61065 39344 31 25 43  1  0 2026-10-01 10:05:29
 3  0      0 1066096  59044 769372    0    0     0  1668 65815 41686 28 32 39  1  1 2026-10-01 10:05:30
 3  0      0 1054272  59152 772312    0    0     0  2060 71601 40810 23 40 36  1  0 2026-10-01 10:05:31
 8  0      0 1045200  59288 774836    0    0     0  1976 71568 36339 32 36 31  1  0 2026-10-01 10:05:32
 5  0      0 1035016  59392 777492    0    0     0  1964 77821 38090 27 39 32  1  0 2026-10-01 10:05:33
 3  0      0 1025928  59520 779852    0    0     0  1944 81832 37335 27 44 28  1  0 2026-10-01 10:05:34
 7  0      0 1017148  59580 782060    0    0     0  1788 79543 34553 25 46 28  1  0 2026-10-01 10:05:35
 7  0      0 1006620  59644 784140    0    0     0  1712 81966 32075 26 49 24  0  0 2026-10-01 10:05:36
 7  0      0 1001524  59712 786316    0    0     0  1648 87043 34239 28 48 24  1  0 2026-10-01 10:05:37
procs -----------memory---------- ---swap-- -----io---- -system-- ------cpu----- -----timestamp-----
 r  b   swpd   free   buff  cache   si   so    bi    bo   in   cs us sy id wa st                 UTC
 8  0      0 994836  59752 787928    0    0     0  1556 89615 33541 25 52 21  1  0 2026-10-01 10:05:38
 5  0      0 984672  59804 790016    0    0     0  1500 91481 30474 26 55 18  1  0 2026-10-01 10:05:39
 3  0      0 980324  59872 791404    0    0     0  1388 89908 33748 25 52 23  1  0 2026-10-01 10:05:40
 7  0      0 976604  59952 792812    0    0     0  1344 90919 33367 23 55 21  1  0 2026-10-01 10:05:41
 4  0      0 970168  60000 794216    0    0     0  1264 87752 32007 27 50 23  0  0 2026-10-01 10:05:42
10  0      0 964768  60060 795720    0    0     0  1180 92461 29482 23 59 17  1  0 2026-10-01 10:05:43
 7  0      0 959660  60104 797592    0    0     0  4280 93051 31117 25 53 21  1  0 2026-10-01 10:05:44
 6  0      0 946796  60144 799288    0    0     0  1132 96264 25790 24 63 13  1  0 2026-10-01 10:05:45
 6  0      0 941216  60184 800552    0    0     0  1008 92834 29955 29 52 19  0  0 2026-10-01 10:05:46
 4  0      0 935196  60208 802580    0    0     0  1020 92618 28926 23 57 19  1  0 2026-10-01 10:05:47
 4  0      0 920688  60240 803508    0    0     0  1580 96133 25213 31 58 11  0  0 2026-10-01 10:05:48
 6  0      0 915992  60288 806244    0    0     0   940 94249 30979 21 57 21  1  0 2026-10-01 10:05:49
 7  0      0 912812  60336 806736    0    0     0   864 95372 28287 26 59 15  1  0 2026-10-01 10:05:50
 6  0      0 905856  60368 808384    0    0     0   824 91622 26423 31 55 14  0  0 2026-10-01 10:05:51
 5  0      0 899716  60408 809688    0    0     0   732 95959 23488 32 59  9  0  0 2026-10-01 10:05:52
 4  0      0 894652  60432 811120    0    0     0   968 94355 28711 23 58 19  1  0 2026-10-01 10:05:53
 5  0      0 887600  60464 812644    0    0     0   980 97106 23599 25 62 13  1  0 2026-10-01 10:05:54
 0  0      0 876164  60524 814380    0    0     0  1076 95020 24162 25 62 13  0  0 2026-10-01 10:05:55
 3  0      0 872068  60572 815464    0    0     0   956 95529 27349 26 60 15  0  0 2026-10-01 10:05:56
 4  0      0 867064  60600 816388    0    0     0  1052 95517 24264 22 66 12  0  0 2026-10-01 10:05:57
 3  0      0 842216  60632 818412    0    0     0  1076 95569 20621 23 63 14  0  0 2026-10-01 10:05:58
procs -----------memory---------- ---swap-- -----io---- -system-- ------cpu----- -----timestamp-----
 r  b   swpd   free   buff  cache   si   so    bi    bo   in   cs us sy id wa st                 UTC
 3  0      0 835344  60672 820140    0    0     0   952 98798 24924 32 58 10  1  0 2026-10-01 10:05:59
 2  0      0 834176  60708 821028    0    0     0   896 94927 24004 25 62 13  0  0 2026-10-01 10:06:00
 4  0      0 826252  60744 823104    0    0     0  1036 93734 21534 29 61 10  0  1 2026-10-01 10:06:01
 2  0      0 821996  60788 823200    0    0     0   968 95136 20529 25 68  7  0  0 2026-10-01 10:06:02
 2  0      0 819916  60836 824228    0    0     0   912 94570 26058 18 63 18  0  0 2026-10-01 10:06:03
 3  0      0 837532  60876 826336    0    0     0   824 90882 18820 21 62 18  0  0 2026-10-01 10:06:04
 3  0      0 825844  60912 827704    0    0     0   760 89028 26314 16 64 20  1  0 2026-10-01 10:06:05
 2  0      0 819888  60948 829240    0    0     0   756 91002 25146 26 63 11  0  0 2026-10-01 10:06:06
 3  0      0 816916  60968 829764    0    0     0   616 90744 27259 17 61 21  0  0 2026-10-01 10:06:07
 3  0      0 799924  61000 831196    0    0     0   592 91063 20294 21 66 14  0  0 2026-10-01 10:06:08
 2  0      0 796008  61024 832692    0    0     0   644 90109 19711 20 69 11  0  0 2026-10-01 10:06:09
 2  0      0 791884  61056 833992    0    0     0   696 89500 24945 17 65 17  0  0 2026-10-01 10:06:10
 2  0      0 785392  61084 835312    0    0     0   700 89945 16674 22 69 10  0  0 2026-10-01 10:06:11
 2  0      0 784016  61108 835912    0    0     0   760 87386 22183 18 68 15  1  0 2026-10-01 10:06:12
 4  0      0 782324  61136 837796    0    0     0   620 86088 25715 15 55 30  0  0 2026-10-01 10:06:13
 6  0      0 775640  61176 838992    0    0     0   644 90680 22159 19 67 14  0  0 2026-10-01 10:06:14
 3  0      0 769280  61204 839508    0    0     0   600 86474 17492 22 72  6  0  0 2026-10-01 10:06:15
 3  0      0 766268  61220 839972    0    0     0   588 84400 21840 14 69 16  1  1 2026-10-01 10:06:16
 1  0      0 764564  61256 841572    0    0     0   556 90255 29853 15 60 25  0  0 2026-10-01 10:06:17
 3  0      0 739564  61280 842536    0    0     0   644 86442 11300 23 70  7  0  0 2026-10-01 10:06:18
 2  0      0 736740  61324 844120    0    0     0   704 92757 31816 16 56 28  0  0 2026-10-01 10:06:19
procs -----------memory---------- ---swap-- -----io---- -system-- ------cpu----- -----timestamp-----
 r  b   swpd   free   buff  cache   si   so    bi    bo   in   cs us sy id wa st                 UTC
 2  0      0 733540  61344 845196    0    0     0   628 84267 20970 17 64 19  0  0 2026-10-01 10:06:20
 3  0      0 753440  61376 846044    0    0     0   548 89379 16422 23 69  8  1  0 2026-10-01 10:06:21
 2  0      0 713344  61400 846108    0    0     0   572 73775 8070 18 80  2  0  0 2026-10-01 10:06:22
 1  0      0 741368  61428 847132    0    0     0   680 91742 28175 14 62 24  1  0 2026-10-01 10:06:23
 3  0      0 724628  61448 848600    0    0     0   596 77816 15876 20 65 15  0  0 2026-10-01 10:06:24
 3  0      0 718224  61492 847244    0    0     0   696 72287 11494 16 66 18  0  0 2026-10-01 10:06:25
 6  0      0 852332  61520 820276    0    0     0   596 30409 1671  7 36 56  1  0 2026-10-01 10:06:26
 2  0      0 1099052  61548 761140    0    0     0   484 17991 2160 19 22 58  1  0 2026-10-01 10:06:27
