procs -----------memory---------- ---swap-- -----io---- -system-- ------cpu----- -----timestamp-----
 r  b   swpd   free   buff  cache   si   so    bi    bo   in   cs us sy id wa st                 UTC
 1  0      0 273752  70264 1198188    0    0   367  2466 9438 1375 34  9 55  2  0 2026-10-01 10:05:17
 0  1      0 408188  70904 1032632    0    0     0 96924 3728 8135  1  6 69 25  0 2026-10-01 10:05:18
 0  1      0 615856  71384 831112    0    0     0 62736 4972 10958  1  7 49 44  0 2026-10-01 10:05:19
 4  1      0 865948  72016 654576    0    0     0 52824 5661 11714 33  6 29 32  0 2026-10-01 10:05:20
 2  0      0 861916  72320 656300    0    0     0 12200 2954 6086 14  3 69 14  0 2026-10-01 10:05:21
 0  0      0 861552  72360 656660    0    0     0   344  813 1107  1  1 97  1  0 2026-10-01 10:05:22
 0  0      0 861552  72360 656660    0    0     0     0   48   38  0  0 100  0  0 2026-10-01 10:05:23
 0  0      0 861552  72360 656660    0    0     0     0   33   31  0  0 100  0  0 2026-10-01 10:05:24
 0  1      0 855696  72636 662676    0    0     0  3316 11727 12863 32  4 52 12  0 2026-10-01 10:05:25
10  0      0 835728  73160 672132    0    0     0  5636 16809 17958 46  7 30 17  0 2026-10-01 10:05:26
 1  1      0 770180  73360 679872    0    0     0  2572 15530 12673 47 10 37  7  0 2026-10-01 10:05:27
 0  0      0 757056  73548 690968    0    0     0  3272 20928 13441 78  9  9  5  0 2026-10-01 10:05:28
 2  0      0 753552  73636 700520    0    0     0  1724 19995 13006 61  9 26  5  0 2026-10-01 10:05:29
 8  0      0 837272  73780 712736    0    0     0  3084 28688 11011 78 11  7  6  0 2026-10-01 10:05:30
 2  0      0 834748  73900 723560    0    0     0  2088 26719 18971 70 15 13  2  0 2026-10-01 10:05:31
 2  0      0 825224  73984 736200    0    0     0  2172 27533 12189 82 12  1  4  0 2026-10-01 10:05:32
 3  0      0 815852  74092 747916    0    0     0  2196 28008 9579 82 14  2  2  0 2026-10-01 10:05:33
 6  0      0 800000  74164 760828    0    0     0  1964 28420 3789 84 10  0  6  0 2026-10-01 10:05:34
 3  0      0 786108  74232 771336    0    0     0  1504 26673 3581 85 11  0  4  1 2026-10-01 10:05:35
 4  0      0 771056  74300 783096    0    0     0  1632 31667 4670 84 14  0  2  0 2026-10-01 10:05:36
 3  0      0 757220  74348 794500    0    0     0  1220 33018 3510 84 13  0  3  0 2026-10-01 10:05:37
procs -----------memory---------- ---swap-- -----io---- -system-- ------cpu----- -----timestamp-----
 r  b   swpd   free   buff  cache   si   so    bi    bo   in   cs us sy id wa st                 UTC
 5  0      0 741396  74440 806320    0    0     0 78348 34883 1932 80 16  1  5  0 2026-10-01 10:05:38
 3  0      0 726064  74492 816808    0    0     0  1224 33895 3961 82 16  0  2  0 2026-10-01 10:05:39
 3  0      0 715692  74532 827280    0    0     0  1072 34400 2273 82 15  0  3  0 2026-10-01 10:05:40
 4  0      0 748032  74576 837116    0    0     0  1520 39391 5341 85 14  0  2  0 2026-10-01 10:05:41
 3  0      0 804572  74620 849204    0    0     0  1136 41433 3382 87 12  0  1  0 2026-10-01 10:05:42
 4  1      0 843264  74648 858844    0    0     0 80232 41329 6975 79 18  0  2  0 2026-10-01 10:05:43
 3  0      0 865572  74684 869852    0    0     0 17576 40251 3129 80 16  1  3  0 2026-10-01 10:05:44
 3  0      0 855472  74720 881528    0    0     0  1024 41249 1648 79 19  0  2  0 2026-10-01 10:05:45
 4  0      0 847632  74768 892192    0    0     0  1032 42131 1916 80 18  0  2  0 2026-10-01 10:05:46
 3  0      0 933312  74796 899576    0    0     0  1172 36593 1211 83 15  0  2  0 2026-10-01 10:05:47
 3  0      0 926996  74832 910168    0    0     0  1252 45390 3049 80 18  0  3  0 2026-10-01 10:05:48
 3  0      0 922260  74840 919484    0    0     0   572 36590 4854 84 15  0  1  0 2026-10-01 10:05:49
 3  0      0 919816  74860 929444    0    0     0   956 48145 2981 80 18  0  2  0 2026-10-01 10:05:50
 3  0      0 909148  74940 940572    0    0     0  1824 40051 1651 80 15  1  5  0 2026-10-01 10:05:51
 3  0      0 900844  74952 950796    0    0     0   660 47723  914 79 19  0  1  1 2026-10-01 10:05:52
 3  0      0 895072  74960 960292    0    0     0   472 42792 5014 83 16  0  1  0 2026-10-01 10:05:53
 3  0      0 881756  75004 970820    0    0     0  1116 48919 1435 77 21  1  2  0 2026-10-01 10:05:54
 3  0      0 872204  75012 980592    0    0     0   292 41179  703 84 16  0  1  0 2026-10-01 10:05:55
 3  0      0 855584  75012 986984    0    0     0     0 38871 2014 88 12  0  0  0 2026-10-01 10:05:56
 3  0      0 844496  75096 998076    0    0     0  2132 51454 3306 74 21  1  4  0 2026-10-01 10:05:57
 3  0      0 835448  75104 1007184    0    0     0   380 46299 1639 82 18  0  1  0 2026-10-01 10:05:58
procs -----------memory---------- ---swap-- -----io---- -system-- ------cpu----- -----timestamp-----
 r  b   swpd   free   buff  cache   si   so    bi    bo   in   cs us sy id wa st                 UTC
 3  0      0 824328  75108 1014804    0    0     0 50572 45996 2843 78 22  0  1  0 2026-10-01 10:05:59
 3  0      0 808856  75132 1026404    0    0     0  1104 50429 2366 76 22  0  2  0 2026-10-01 10:06:00
 3  0      0 800564  75132 1033736    0    0     0   328 42448  669 82 17  0  1  0 2026-10-01 10:06:01
 3  0      0 788552  75188 1045400    0    0     0  2096 55095 1481 76 21  0  3  0 2026-10-01 10:06:02
 3  0      0 773836  75248 1054720    0    0     0  1144 49860 3376 79 17  0  3  0 2026-10-01 10:06:03
 3  1      0 763080  75248 1063204    0    0     0 142340 49036 2183 78 23  0  0  0 2026-10-01 10:06:04
 3  0      0 669476  75248 1071788    0    0     0 14076 55416  965 78 23  0  0  0 2026-10-01 10:06:05
 3  0      0 572732  75248 1079304    0    0     0     0 42375  614 83 17  0  0  0 2026-10-01 10:06:06
 3  0      0 519584  75260 1084356    0    0     0   648 48436  689 83 17  0  0  0 2026-10-01 10:06:07
 4  0      0 507992  75280 1095288    0    0     0   844 49383  861 78 21  0  1  0 2026-10-01 10:06:08
 3  0      0 521652  75296 1102860    0    0     0   624 52979  794 78 22  0  1  0 2026-10-01 10:06:09
 3  0      0 506628  75300 1111344    0    0     0   372 48183  708 83 17  0  0  0 2026-10-01 10:06:10
 3  0      0 496296  75304 1120656    0    0     0   344 54497  791 80 20  1  0  0 2026-10-01 10:06:11
 3  0      0 487292  75308 1128580    0    0     0   352 55194 3179 74 20  5  0  0 2026-10-01 10:06:12
 3  0      0 475512  75308 1138372    0    0     0     0 49316  693 81 19  0  0  0 2026-10-01 10:06:13
 3  0      0 454792  75308 1143532    0    0     0     0 47071  655 83 17  0  0  0 2026-10-01 10:06:14
 1  0      0 472512  75316 1154300    0    0     0   752 60372 5153 69 24  7  1  0 2026-10-01 10:06:15
 3  0      0 418924  75316 1161212    0    0     0     8 60749 5830 69 25  7  0  0 2026-10-01 10:06:16
 4  0      0 322168  75316 1168672    0    0     0   112 48010  757 76 24  0  0  0 2026-10-01 10:06:17
 6  0      0 219964  75380 1176512    0    0     0 35068 53148 1201 79 21  0  0  0 2026-10-01 10:06:18
 4  0      0 130320  75388 1181092    0    0     0 25432 41604 1080 82 18  0  0  0 2026-10-01 10:06:19
procs -----------memory---------- ---swap-- -----io---- -system-- ------cpu----- -----timestamp-----
 r  b   swpd   free   buff  cache   si   so    bi    bo   in   cs us sy id wa st                 UTC
 4  0      0 101984  75388 1182324    0    0     0     0 56886  732 78 23  0  0  0 2026-10-01 10:06:20
 3  0      0 110096  75388 1188672    0    0     0   272 48426  743 82 18  1  0  0 2026-10-01 10:06:21
 4  0      0 101588  75388 1196244    0    0     0    12 70109  770 73 27  0  0  0 2026-10-01 10:06:22
 4  0      0 112748  75384 1199604    0    0     0     0 56449 17505 63 19 18  0  0 2026-10-01 10:06:23
 4  0      0 105100  75424 1204836    0    0     0 87128 54811 15482 62 20 18  0  0 2026-10-01 10:06:24
 1  0      0 102872  75424 1206212    0    0   204     0 71114 40940 34 27 39  0  0 2026-10-01 10:06:25
 1  0      0 187944  75424 1190148    0    0     0     0 51936 32716 12 20 67  0  0 2026-10-01 10:06:26
 0  0      0 195584  75428 1186336    0    0     0   336 1934 1287  1  1 99  0  0 2026-10-01 10:06:27
 0  0      0 195584  75428 1186336    0    0     0     8   37   30  0  0 100  0  0 2026-10-01 10:06:28
 4  2      0 172100  75488 1184976    0    0   772 11568  856 1733 11  4 83  3  0 2026-10-01 10:06:29
