procs -----------memory---------- ---swap-- -----io---- -system-- ------cpu----- -----timestamp-----
 r  b   swpd   free   buff  cache   si   so    bi    bo   in   cs us sy id wa st                 UTC
 0  0      0 31152720  24844 475724    0    0     4     2   81  308 15  3 81  0  0 2026-10-01 10:05:17
 0  0      0 31143308  24844 475720    0    0     0     0 1858 1686  1  0 99  0  0 2026-10-01 10:05:18
 0  0      0 31142832  24844 475720    0    0     0     0   86  131  0  0 100  0  0 2026-10-01 10:05:19
 0  0      0 31142832  24844 475720    0    0     0     0   86  158  0  0 100  0  0 2026-10-01 10:05:20
 0  0      0 31142832  24852 475720    0    0     0    56   83  125  0  0 100  0  0 2026-10-01 10:05:21
 0  0      0 31138632  24852 475720    0    0     0     4 3105 2532  1  0 99  0  0 2026-10-01 10:05:22
 0  0      0 31138632  24852 475720    0    0     0     0  116  172  0  0 100  0  0 2026-10-01 10:05:23
 0  0      0 31138632  24852 475720    0    0     0     0   93  171  0  0 100  0  0 2026-10-01 10:05:24
13  0      0 31087476  24852 475720    0    0     0     0 33899 35202 16  1 83  0  0 2026-10-01 10:05:25
 2  0      0 31015500  24852 475720    0    0     0     0 46124 54326 16  2 82  0  0 2026-10-01 10:05:26
 4  0      0 30882164  24860 475976    0    0     0   852 56597 55572 25  3 72  0  0 2026-10-01 10:05:27
 3  0      0 30816084  24860 476680    0    0     0     4 54138 52836 26  2 72  0  0 2026-10-01 10:05:28
15  0      0 30607160  24860 477696    0    0     0     0 65451 53360 35  3 62  0  0 2026-10-01 10:05:29
 3  0      0 30564480  24860 478880    0    0     0     0 65606 57292 36  3 62  0  0 2026-10-01 10:05:30
16  0      0 30341628  24860 480160    0    0     0     0 76627 54422 43  4 53  0  0 2026-10-01 10:05:31
 0  0      0 30145084  24860 481600    0    0     0     0 74338 51176 39  4 57  0  0 2026-10-01 10:05:32
16  0      0 29929224  24868 482568    0    0     0    40 80771 49776 51  4 45  0  0 2026-10-01 10:05:33
 0  0      0 29917468  24868 483928    0    0     0     4 79714 52748 46  4 50  0  0 2026-10-01 10:05:34
 0  0      0 29741684  24868 485152    0    0     0    40 82732 47915 50  5 46  0  0 2026-10-01 10:05:35
 1  0      0 29481708  24868 486024    0    0     0     0 89581 48488 49  5 46  0  0 2026-10-01 10:05:36
 6  0      0 29474176  24868 486792    0    0     0     0 91149 54070 49  4 47  0  0 2026-10-01 10:05:37
procs -----------memory---------- ---swap-- -----io---- -system-- ------cpu----- -----timestamp-----
 r  b   swpd   free   buff  cache   si   so    bi    bo   in   cs us sy id wa st                 UTC
16  1      0 29298512  24876 487816    0    0     0    28 104860 53673 49  5 46  0  0 2026-10-01 10:05:38
 9  0      0 29245540  24876 488640    0    0     0     0 98502 51587 53  4 43  0  0 2026-10-01 10:05:39
 5  0      0 28986216  24876 489592    0    0     0     4 108156 49903 47  6 47  0  0 2026-10-01 10:05:40
 6  0      0 28981356  24876 490176    0    0     0     0 99840 58953 48  4 48  0  0 2026-10-01 10:05:41
 5  0      0 28847656  24876 490840    0    0     0     0 101224 49288 46  5 49  0  0 2026-10-01 10:05:42
 2  0      0 28848300  24876 491960    0    0     0     0 106252 54359 54  5 41  0  0 2026-10-01 10:05:43
 2  0      0 28578244  24884 492464    0    0     0    12 113280 52655 53  7 40  0  0 2026-10-01 10:05:44
16  0      0 28576868  24884 493168    0    0     0     0 111815 57310 55  5 40  0  0 2026-10-01 10:05:45
16  0      0 28377724  24884 494152    0    0     0     4 117385 52147 53  5 42  0  0 2026-10-01 10:05:46
16  0      0 28364352  24884 494736    0    0     0     0 109800 54398 52  6 42  0  0 2026-10-01 10:05:47
 6  0      0 28358392  24884 495536    0    0     0     0 119558 73581 43  6 52  0  0 2026-10-01 10:05:48
 7  0      0 28132556  24884 496280    0    0     0     0 114565 39342 63  6 31  0  0 2026-10-01 10:05:49
16  0      0 28129472  24892 497216    0    0     0    12 121492 63788 49  6 46  0  0 2026-10-01 10:05:50
 3  0      0 28007120  24892 497616    0    0     0     0 117117 54097 55  6 40  0  0 2026-10-01 10:05:51
13  0      0 27995588  24892 498176    0    0     0     4 130873 74911 46  6 48  0  0 2026-10-01 10:05:52
 3  0      0 27814600  24892 499020    0    0     0     0 126045 52753 58  6 36  0  0 2026-10-01 10:05:53
 7  0      0 27761496  24892 499644    0    0     0     0 123280 51340 58  6 36  0  0 2026-10-01 10:05:54
16  0      0 27678036  24892 500396    0    0     0     0 127352 65515 51  6 43  0  0 2026-10-01 10:05:55
 2  0      0 27566676  24900 501276    0    0     0    12 130026 67533 46  7 47  0  0 2026-10-01 10:05:56
16  0      0 27493320  24900 501988    0    0     0     0 135816 61317 60  7 33  0  0 2026-10-01 10:05:57
17  0      0 27422844  24900 502108    0    0     0     8 123206 51381 60  7 33  0  0 2026-10-01 10:05:58
procs -----------memory---------- ---swap-- -----io---- -system-- ------cpu----- -----timestamp-----
 r  b   swpd   free   buff  cache   si   so    bi    bo   in   cs us sy id wa st                 UTC
12  0      0 27381016  24900 503340    0    0     0     0 130127 70582 47  7 46  0  0 2026-10-01 10:05:59
16  0      0 27278036  24900 503836    0    0     0     0 138452 57928 61  7 32  0  0 2026-10-01 10:06:00
15  0      0 27190936  24900 504428    0    0     0     0 124350 56091 60  6 34  0  0 2026-10-01 10:06:01
16  0      0 27159076  24908 505324    0    0     0    20 148728 87696 44  7 49  0  0 2026-10-01 10:06:02
16  0      0 26765780  24908 505340    0    0     0     0 133582 43062 59 17 24  0  0 2026-10-01 10:06:03
16  0      0 26759816  24908 505868    0    0     0     4 106889 3142 48 50  1  0  0 2026-10-01 10:06:04
16  0      0 26769224  24908 506868    0    0     0     0 110725 6441 65 35  1  0  0 2026-10-01 10:06:05
 6  0      0 26676236  24908 507484    0    0     0     0 121376 44131 43 30 28  0  0 2026-10-01 10:06:06
12  0      0 26409368  24908 508100    0    0     0   208 130698 23927 58 33  9  0  0 2026-10-01 10:06:07
24  0      0 26403800  24916 508540    0    0     0    32 117879 38165 60 21 20  0  0 2026-10-01 10:06:08
16  0      0 26399152  24916 509156    0    0     0    32 122177 20173 53 38  9  0  0 2026-10-01 10:06:09
16  0      0 26201724  24916 509996    0    0     0     4 133682 20459 60 31  9  0  0 2026-10-01 10:06:10
 9  0      0 26235968  24916 510412    0    0     0     0 116642 17853 51 39 10  0  0 2026-10-01 10:06:11
16  0      0 26194780  24916 511068    0    0     0     0 124250 24484 61 29  9  0  0 2026-10-01 10:06:12
16  0      0 26235572  24924 511500    0    0     0    12 98875 3282 46 54  0  0  0 2026-10-01 10:06:13
16  0      0 26195264  24924 512364    0    0     0     0 111687 7131 63 36  1  0  0 2026-10-01 10:06:14
16  0      0 26095700  24924 512948    0    0     0     0 149028 65585 43 24 33  0  0 2026-10-01 10:06:15
16  0      0 25876300  24924 512948    0    0     0     4 136570 6922 60 40  0  0  0 2026-10-01 10:06:16
15  0      0 25856288  24924 513508    0    0     0     0 111484 6365 58 41  1  0  0 2026-10-01 10:06:17
16  0      0 25909072  24932 514164    0    0     0    12 120164 7973 58 41  1  0  0 2026-10-01 10:06:18
16  0      0 25817296  24932 514724    0    0     0     0 108539 3972 50 50  0  0  0 2026-10-01 10:06:19
procs -----------memory---------- ---swap-- -----io---- -system-- ------cpu----- -----timestamp-----
 r  b   swpd   free   buff  cache   si   so    bi    bo   in   cs us sy id wa st                 UTC
16  0      0 25736140  24932 515324    0    0     0     0 129615 9159 59 40  1  0  0 2026-10-01 10:06:20
16  0      0 25687484  24932 515924    0    0     0     0 131384 46308 45 31 23  0  0 2026-10-01 10:06:21
16  0      0 25588868  24932 516324    0    0     0     4 152960 9505 65 35  1  0  0 2026-10-01 10:06:22
16  0      0 25501996  24940 516380    0    0     0    12 110079 5962 57 43  1  0  0 2026-10-01 10:06:23
16  0      0 25411816  24940 517076    0    0     0     0 120636 2916 42 58  0  0  0 2026-10-01 10:06:24
 5  0      0 25585480  24940 518036    0    0     0     0 148183 100886 36 22 43  0  0 2026-10-01 10:06:25
 0  0      0 31149140  24940 476152    0    0     0     0 68933 12581  2  4 94  0  0 2026-10-01 10:06:26
 0  0      0 31149148  24940 475820    0    0     0     0 21612  161  0  0 100  0  0 2026-10-01 10:06:27
 0  0      0 31148896  24948 475824    0    0     0    36  112  181  0  0 100  0  0 2026-10-01 10:06:28
 0  0      0 31148896  24948 475824    0    0     0     0   69  120  0  0 100  0  0 2026-10-01 10:06:29
 0  0      0 31148896  24948 475824    0    0     0     0   67  114  0  0 100  0  0 2026-10-01 10:06:30
 0  0      0 31146408  24948 475824    0    0     0   536  274  316  0  0 100  0  0 2026-10-01 10:06:31
