procs -----------memory---------- ---swap-- -----io---- -system-- ------cpu----- -----timestamp-----
 r  b   swpd   free   buff  cache   si   so    bi    bo   in   cs us sy id wa st                 UTC
 1  0      0 2062292  63232 1491500    0    0    93   295 1469  580  6  1 93  0  0 2026-10-01 08:49:56
 0  0      0 2062328  63232 1491412    0    0     0     0  100  147  0  0 100  0  0 2026-10-01 08:49:57
 0  0      0 2296900  64252 1183344    0    0     0 30308 6423 12163 47 10 20 23  0 2026-10-01 08:49:58
 0  0      0 2294380  64276 1183772    0    0     0   336 1071 1505  1  1 97  2  0 2026-10-01 08:49:59
 0  0      0 2294380  64276 1183772    0    0     0     0   34   43  0  0 100  0  0 2026-10-01 08:50:00
 0  0      0 2293376  64276 1183772    0    0     0    12   91   92  0  1 100  0  0 2026-10-01 08:50:01
 0  0      0 2264452  64448 1186636    0    0     0  1424 8078 7498 16  4 75  5  0 2026-10-01 08:50:02
 0  0      0 2229740  64636 1190300    0    0     0  1700 8866 6989 20  3 70  8  0 2026-10-01 08:50:03
 0  0      0 2216444  64836 1195148    0    0     0  1604 14832 13129 31  7 57  6  0 2026-10-01 08:50:04
 7  0      0 2171484  65004 1200760    0    0     0  1776 18676 17455 34  8 53  5  0 2026-10-01 08:50:05
 0  0      0 2112208  65116 1206536    0    0     0   988 20136 15344 41 12 45  2  0 2026-10-01 08:50:06
 2  0      0 2096216  65316 1213824    0    0     0  1700 24693 21543 50  8 38  5  0 2026-10-01 08:50:07
 3  0      0 2045448  65444 1220844    0    0     0   948 25719 19797 49 12 36  3  0 2026-10-01 08:50:08
 8  0      0 1967520  65528 1228348    0    0     0   932 28741 20681 55 13 30  3  0 2026-10-01 08:50:09
 1  0      0 1933616  65544 1234696    0    0     0   188 27827 19482 59  9 32  0  0 2026-10-01 08:50:10
 3  0      0 1911128  65692 1244336    0    0     0  1276 32087 18198 68 14 15  3  0 2026-10-01 08:50:11
 2  0      0 1876608  65720 1250724    0    0     0   212 32413 24585 54 12 34  0  0 2026-10-01 08:50:12
 3  0      0 1784304  65764 1259504    0    0     0   436 33447 15704 72 13 15  1  0 2026-10-01 08:50:13
 5  0      0 1712900  65788 1266024    0    0     0   212 31151 14576 65 15 20  0  0 2026-10-01 08:50:14
 3  0      0 1700368  65832 1275356    0    0     0   392 33757 12291 70 15 13  1  1 2026-10-01 08:50:15
 2  0      0 1686884  65840 1282972    0    0     0   180 34116 18721 62 14 23  1  0 2026-10-01 08:50:16
procs -----------memory---------- ---swap-- -----io---- -system-- ------cpu----- -----timestamp-----
 r  b   swpd   free   buff  cache   si   so    bi    bo   in   cs us sy id wa st                 UTC
 3  0      0 1659076  65872 1291812    0    0     0   368 34537 10923 72 13 14  1  0 2026-10-01 08:50:17
 3  0      0 1581304  65872 1299012    0    0     0     0 37031 19599 64 15 21  0  0 2026-10-01 08:50:18
 3  0      0 1484812  65872 1307652    0    0     0     0 36815 9549 73 16 11  0  0 2026-10-01 08:50:19
 3  0      0 1416676  65872 1313436    0    0     0   464 33822 10788 70 17 14  0  0 2026-10-01 08:50:20
 3  0      0 1404132  65884 1323492    0    0     0   236 36131 3225 85 13  2  1  0 2026-10-01 08:50:21
 6  0      0 1396072  65964 1329920    0    0     0   524 38860 16755 64 11 24  1  0 2026-10-01 08:50:22
 3  0      0 1381356  66000 1338844    0    0     0 58200 38233 7849 80 15  5  1  0 2026-10-01 08:50:23
 8  0      0 1362496  66000 1346552    0    0     0     0 38659 10546 72 15 13  0  0 2026-10-01 08:50:24
 8  0      0 1273156  66000 1354240    0    0     0     0 39752 8939 73 18  9  0  0 2026-10-01 08:50:25
 8  0      0 1179252  66000 1362148    0    0     0  2792 40437 7438 76 16  8  0  0 2026-10-01 08:50:26
 3  0      0 1087128  66004 1368852    0    0     0   180 38058 8476 74 15 10  0  0 2026-10-01 08:50:27
 5  1      0 1064580  66004 1373796    0    0     0 110404 35754 4274 80 16  4  0  0 2026-10-01 08:50:28
 5  0      0 1053212  66004 1382444    0    0     0  3040 45033 6491 79 17  5  0  0 2026-10-01 08:50:29
 3  0      0 1045004  66020 1388660    0    0     0   292 45725 13527 67 20 13  0  0 2026-10-01 08:50:30
 3  0      0 1037472  66020 1395096    0    0     0     0 44452 8932 69 18 14  0  0 2026-10-01 08:50:31
 2  0      0 1026060  66036 1403048    0    0     0  2500 45452 5588 78 16  5  1  0 2026-10-01 08:50:32
 0  0      0 1015796  66048 1409156    0    0     0   128 47247 12009 71 16 13  0  0 2026-10-01 08:50:33
 2  0      0 953592  66060 1415440    0    0     0   200 48902 12852 66 19 15  1  0 2026-10-01 08:50:34
 2  0      0 862256  66060 1421748    0    0     0     0 47072 4746 76 18  6  0  0 2026-10-01 08:50:35
 2  0      0 781236  66060 1427164    0    0     0   160 48763 8398 66 20 13  0  0 2026-10-01 08:50:36
 3  0      0 700440  66060 1432480    0    0     0     0 48448 9554 67 19 14  0  0 2026-10-01 08:50:37
procs -----------memory---------- ---swap-- -----io---- -system-- ------cpu----- -----timestamp-----
 r  b   swpd   free   buff  cache   si   so    bi    bo   in   cs us sy id wa st                 UTC
 2  0      0 643988  66060 1435428    0    0     0     8 41760 8976 72 19  9  0  0 2026-10-01 08:50:38
 2  0      0 635700  66064 1441236    0    0     0   100 51423 7403 68 21 12  0  0 2026-10-01 08:50:39
 2  0      0 627900  66088 1447652    0    0     0   252 49906 2345 78 20  1  1  0 2026-10-01 08:50:40
 3  0      0 621880  66088 1452768    0    0     0     0 51250 12719 65 18 17  0  0 2026-10-01 08:50:41
 4  0      0 616684  66088 1456580    0    0     0     0 54780 18733 57 20 23  0  0 2026-10-01 08:50:42
 2  0      0 609556  66088 1461684    0    0     0     0 47258 10095 73 18 10  0  0 2026-10-01 08:50:43
 4  0      0 604024  66088 1466416    0    0     0     8 53041 14555 62 18 20  0  0 2026-10-01 08:50:44
 0  0      0 596716  66092 1470944    0    0     0    96 53817 13823 64 19 18  0  0 2026-10-01 08:50:45
 2  0      0 593188  66092 1474472    0    0     0     0 52104 19138 60 17 23  0  0 2026-10-01 08:50:46
 3  0      0 562708  66112 1479556    0    0     0   296 49000 11472 65 21 13  1  0 2026-10-01 08:50:47
 6  0      0 507016  66112 1483036    0    0     0     0 51613 17949 50 20 30  0  0 2026-10-01 08:50:48
 8  0      0 431164  66112 1487280    0    0     0    40 52511 9430 71 19  9  0  0 2026-10-01 08:50:49
 2  0      0 350788  66112 1492548    0    0     0    12 53427 11365 65 24 11  0  0 2026-10-01 08:50:50
 2  0      0 269796  66112 1497200    0    0     0     0 53636 7590 68 22 10  0  0 2026-10-01 08:50:51
 2  0      0 221188  66112 1499024    0    0     0     0 48417 17487 58 19 23  0  0 2026-10-01 08:50:52
 2  0      0 196204  66120 1502064    0    0     0   104 45194  697 84 16  0  0  0 2026-10-01 08:50:53
 0  0      0 192508  66120 1504992    0    0     0 27456 54582 22161 51 20 29  1  0 2026-10-01 08:50:54
 2  0      0 188500  66120 1508156    0    0     0     0 48693 15402 59 18 23  0  0 2026-10-01 08:50:55
 3  0      0 181108  66120 1513516    0    0     0     8 58149 6158 72 19  9  0  0 2026-10-01 08:50:56
 3  0      0 178588  66120 1515812    0    0     0     0 54869 29854 47 20 32  0  0 2026-10-01 08:50:57
 2  0      0 172904  66124 1520292    0    0     0   128 60135 11611 65 24 11  0  1 2026-10-01 08:50:58
procs -----------memory---------- ---swap-- -----io---- -system-- ------cpu----- -----timestamp-----
 r  b   swpd   free   buff  cache   si   so    bi    bo   in   cs us sy id wa st                 UTC
 2  0      0 168884  66124 1523696    0    0     0 104896 51986 16945 64 18 17  0  0 2026-10-01 08:50:59
 6  0      0 163352  66124 1528724    0    0     0     0 56178 8381 69 18 14  0  0 2026-10-01 08:51:00
 3  0      0 160328  66124 1530476    0    0     0     0 56252 27239 50 19 31  0  0 2026-10-01 08:51:01
 0  0      0 159572  66160 1531536    0    0     0   372 17539 16255 16  6 79  1  0 2026-10-01 08:51:02
 0  0      0 159572  66160 1530232    0    0     0   172 35780 26750  9 14 76  0  0 2026-10-01 08:51:03
 0  0      0 159572  66160 1518620    0    0     0     0 42334 32829  9 17 74  0  0 2026-10-01 08:51:04
 0  0      0 159572  66160 1518624    0    0     0 17424  176  242  1  0 98  2  0 2026-10-01 08:51:05
