procs -----------memory---------- ---swap-- -----io---- -system-- ------cpu----- -----timestamp-----
 r  b   swpd   free   buff  cache   si   so    bi    bo   in   cs us sy id wa st                 UTC
 0  0      0 31226500  17392 439532    0    0    17     2 1920 1198 11  2 88  0  0 2026-10-01 08:49:57
 0  0      0 31216744  17392 439532    0    0     0     0 1790 1632  1  0 99  0  0 2026-10-01 08:49:58
 0  0      0 31215568  17392 439532    0    0     0     0 2840 2403  1  0 99  0  0 2026-10-01 08:49:59
 0  0      0 31214084  17392 439532    0    0     0     0   93  170  0  0 100  0  0 2026-10-01 08:50:00
 0  0      0 31214084  17392 439532    0    0     0     0   72  129  0  0 100  0  0 2026-10-01 08:50:01
 0  0      0 31198208  17400 439536    0    0     0  1180 13847 13169  4  0 95  0  0 2026-10-01 08:50:02
 1  0      0 31145568  17400 439536    0    0     0     0 43022 46400 14  2 84  0  0 2026-10-01 08:50:03
 0  0      0 31070864  17400 439376    0    0     0     0 49499 51089 15  2 83  0  0 2026-10-01 08:50:04
 2  0      0 30980116  17400 439600    0    0     0     0 62868 60145 20  2 78  0  0 2026-10-01 08:50:05
 1  0      0 30863888  17400 439856    0    0     0     0 63673 57959 23  3 74  0  0 2026-10-01 08:50:06
13  0      0 30755252  17400 440752    0    0     0     0 71527 59096 25  4 71  0  0 2026-10-01 08:50:07
 2  0      0 30613860  17408 441456    0    0     0    40 76675 62504 28  4 68  0  0 2026-10-01 08:50:08
 3  0      0 30479100  17408 442400    0    0     0     0 83382 66459 30  4 67  0  0 2026-10-01 08:50:09
15  0      0 30329560  17408 443440    0    0     0     0 92270 65143 35  4 61  0  0 2026-10-01 08:50:10
16  0      0 30187464  17408 444072    0    0     0     0 93886 68112 35  4 61  0  0 2026-10-01 08:50:11
 5  0      0 30061208  17408 445072    0    0     0     0 98952 64022 39  4 57  0  0 2026-10-01 08:50:12
 2  0      0 29981836  17408 445840    0    0     0     0 93521 67677 34  4 61  0  0 2026-10-01 08:50:13
 0  0      0 29866680  17416 446560    0    0     0    16 101623 67491 37  4 58  0  0 2026-10-01 08:50:14
 4  0      0 29741128  17416 447376    0    0     0     0 104298 65634 41  5 55  0  0 2026-10-01 08:50:15
 1  0      0 29583216  17416 448128    0    0     0     0 110705 73582 41  5 54  0  0 2026-10-01 08:50:16
16  0      0 29472680  17416 448728    0    0     0     0 106598 62870 45  5 50  0  0 2026-10-01 08:50:17
procs -----------memory---------- ---swap-- -----io---- -system-- ------cpu----- -----timestamp-----
 r  b   swpd   free   buff  cache   si   so    bi    bo   in   cs us sy id wa st                 UTC
16  0      0 29357208  17416 449440    0    0     0     0 112431 66424 46  5 48  0  0 2026-10-01 08:50:18
16  0      0 29237932  17416 450192    0    0     0     0 106925 61989 43  6 51  0  0 2026-10-01 08:50:19
14  0      0 29124912  17424 451008    0    0     0    16 115975 67260 47  7 47  0  0 2026-10-01 08:50:20
 4  0      0 29097216  17424 451632    0    0     0     0 107055 68504 41  5 54  0  0 2026-10-01 08:50:21
 6  0      0 28886908  17424 452240    0    0     0     0 118855 61853 50  7 44  0  0 2026-10-01 08:50:22
12  0      0 28861244  17424 452792    0    0     0     0 108567 62656 50  5 44  0  0 2026-10-01 08:50:23
 0  0      0 28483060  17424 453552    0    0     0     0 120465 55614 51  7 42  0  0 2026-10-01 08:50:24
16  0      0 28474424  17424 454152    0    0     0     0 108397 56630 51  6 42  0  0 2026-10-01 08:50:25
16  0      0 28382756  17432 455032    0    0     0    16 116330 68981 42  7 52  0  0 2026-10-01 08:50:26
16  0      0 28155004  17432 455576    0    0     0     0 121849 54864 50  6 44  0  0 2026-10-01 08:50:27
 0  0      0 28149912  17432 456056    0    0     0    52 116370 60672 50  5 45  0  0 2026-10-01 08:50:28
 2  0      0 28029276  17432 456592    0    0     0     0 120096 47095 56  6 38  0  0 2026-10-01 08:50:29
 1  0      0 28018924  17432 457440    0    0     0     0 121926 69271 41  6 54  0  0 2026-10-01 08:50:30
 6  0      0 27933304  17432 457728    0    0     0     0 120687 52773 51  6 42  0  0 2026-10-01 08:50:31
 9  0      0 27745284  17440 458180    0    0     0    32 123964 44665 57  6 37  0  0 2026-10-01 08:50:32
16  0      0 27740112  17440 458784    0    0     0     0 120217 63434 44  5 51  0  0 2026-10-01 08:50:33
 0  0      0 27632004  17440 459400    0    0     0     0 126851 59792 48  6 46  0  0 2026-10-01 08:50:34
 0  0      0 27497468  17440 459728    0    0     0     0 127668 52406 53  6 41  0  0 2026-10-01 08:50:35
16  0      0 27490776  17440 460368    0    0     0     0 117803 61423 39  6 55  0  0 2026-10-01 08:50:36
 2  0      0 27479832  17448 460452    0    0     0    12 121260 60553 49  6 45  0  0 2026-10-01 08:50:37
16  0      0 27438728  17448 460868    0    0     0     8 118702 52777 53  6 40  0  0 2026-10-01 08:50:38
procs -----------memory---------- ---swap-- -----io---- -system-- ------cpu----- -----timestamp-----
 r  b   swpd   free   buff  cache   si   so    bi    bo   in   cs us sy id wa st                 UTC
 4  0      0 27432432  17448 461492    0    0     0     0 126178 80913 30  6 64  0  0 2026-10-01 08:50:39
 0  0      0 27357536  17448 461492    0    0     0     0 121138 48388 58  7 36  0  0 2026-10-01 08:50:40
16  0      0 27269872  17448 461956    0    0     0     0 126579 55529 53  7 41  0  0 2026-10-01 08:50:41
 1  0      0 27260216  17448 462548    0    0     0     0 127969 73402 38  6 55  0  0 2026-10-01 08:50:42
16  0      0 27141476  17456 462716    0    0     0    20 126033 51749 55  7 39  0  0 2026-10-01 08:50:43
16  0      0 27137224  17456 463204    0    0     0     4 122023 62624 44  6 50  0  0 2026-10-01 08:50:44
 8  0      0 27013704  17456 463564    0    0     0     0 131900 57113 50  7 43  0  0 2026-10-01 08:50:45
 0  0      0 26937684  17456 464028    0    0     0     0 125448 55354 54  7 39  0  0 2026-10-01 08:50:46
 3  0      0 26935924  17456 464604    0    0     0     0 122406 67358 38  5 57  0  0 2026-10-01 08:50:47
 6  0      0 26814612  17456 464660    0    0     0     0 125454 49509 54  6 40  0  0 2026-10-01 08:50:48
 9  0      0 26811644  17464 464908    0    0     0    12 125681 74041 36  6 58  0  0 2026-10-01 08:50:49
 0  0      0 26667056  17464 465396    0    0     0     4 130258 50825 57  6 37  0  0 2026-10-01 08:50:50
16  0      0 26616524  17464 465724    0    0     0     0 126049 60615 54  5 41  0  0 2026-10-01 08:50:51
 1  0      0 26567384  17464 466060    0    0     0     0 133854 75343 36  6 58  0  0 2026-10-01 08:50:52
 1  0      0 26423748  17464 466060    0    0     0     0 128960 48873 58  7 35  0  0 2026-10-01 08:50:53
 0  0      0 26416944  17464 466676    0    0     0     0 130677 78846 30  6 64  0  0 2026-10-01 08:50:54
16  0      0 26335300  17472 466676    0    0     0    12 123434 61670 46  5 49  0  0 2026-10-01 08:50:55
11  0      0 26283024  17472 467164    0    0     0     4 126796 58414 47  6 47  0  0 2026-10-01 08:50:56
16  0      0 26187968  17472 467460    0    0     0     0 127688 52054 58  7 35  0  0 2026-10-01 08:50:57
 9  0      0 26183964  17472 467812    0    0     0     0 130114 79313 34  6 60  0  0 2026-10-01 08:50:58
 1  0      0 26068800  17472 467900    0    0     0     0 131907 57847 56  7 38  0  0 2026-10-01 08:50:59
procs -----------memory---------- ---swap-- -----io---- -system-- ------cpu----- -----timestamp-----
 r  b   swpd   free   buff  cache   si   so    bi    bo   in   cs us sy id wa st                 UTC
 6  1      0 26060680  17480 468332    0    0     0    12 123817 71394 38  6 56  0  0 2026-10-01 08:51:00
11  0      0 25989896  17480 468492    0    0     0     0 125638 53004 58  6 37  0  0 2026-10-01 08:51:01
 0  0      0 25985360  17480 468924    0    0     0    16 144417 104166 34  7 59  0  0 2026-10-01 08:51:02
 1  0      0 28691060  17480 469012    0    0     0     0 12738 8251  0  1 99  0  0 2026-10-01 08:51:03
 0  0      0 31227616  17480 439532    0    0     0     0 78056  820  0  5 95  0  0 2026-10-01 08:51:04
 0  0      0 31227616  17480 439532    0    0     0     0 18237  126  0  0 100  0  0 2026-10-01 08:51:05
 0  0      0 31227616  17488 439532    0    0     0    36   75  118  0  0 100  0  0 2026-10-01 08:51:06
 1  0      0 31199432  17488 439536    0    0     0   592  936  835  1  0 99  0  0 2026-10-01 08:51:07
