procs -----------memory---------- ---swap-- -----io---- -system-- ------cpu----- -----timestamp-----
 r  b   swpd   free   buff  cache   si   so    bi    bo   in   cs us sy id wa st                 UTC
 1  0      0 2042004  62244 1495360    0    0    93   285 1461  617  6  1 92  0  0 2026-10-01 08:49:56
 0  0      0 2042104  62244 1495308    0    0     0     0  183  243  0  1 99  0  0 2026-10-01 08:49:57
 2  0      0 2289792  63160 1183752    0    0     0 29988 6472 12019 45 12 18 24  1 2026-10-01 08:49:58
 0  0      0 2289540  63160 1183752    0    0     0   500  504  594  1  0 99  0  0 2026-10-01 08:49:59
 0  0      0 2289540  63160 1183752    0    0     0     0   32   30  0  0 100  0  0 2026-10-01 08:50:00
 0  0      0 2288532  63160 1183752    0    0     0     8   81   87  1  0 100  0  0 2026-10-01 08:50:01
 2  0      0 2255072  63380 1187332    0    0     0  1956 19254 21625 29  7 59  6  0 2026-10-01 08:50:02
 0  0      0 2212048  63632 1191028    0    0     0  1720 21864 25070 30  8 57  6  0 2026-10-01 08:50:03
 0  0      0 2199096  63744 1195332    0    0     0   912 23945 25098 36  9 52  3  0 2026-10-01 08:50:04
 0  0      0 2162192  63856 1199436    0    0     0  1000 25269 27468 34  8 55  4  0 2026-10-01 08:50:05
 0  0      0 2113948  63984 1204884    0    0     0   928 26154 23647 47  8 42  2  0 2026-10-01 08:50:06
 0  0      0 2100196  64088 1210308    0    0     0   816 27214 25030 45  9 45  2  0 2026-10-01 08:50:07
 4  0      0 2063516  64152 1215340    0    0     0   504 27960 24931 44  9 46  1  0 2026-10-01 08:50:08
 5  0      0 1989788  64248 1222152    0    0     0   844 32169 26106 55 13 30  2  0 2026-10-01 08:50:09
 5  0      0 1956172  64364 1228932    0    0     0   952 29451 21598 60 12 27  2  0 2026-10-01 08:50:10
 7  0      0 1942912  64472 1235200    0    0     0   724 32832 27506 52 13 35  1  0 2026-10-01 08:50:11
 1  0      0 1905220  64548 1242944    0    0     0   760 32580 22221 62 13 23  1  0 2026-10-01 08:50:12
 4  0      0 1839572  64584 1248720    0    0     0   340 33801 25777 50 16 34  1  0 2026-10-01 08:50:13
 5  0      0 1769576  64616 1256056    0    0     0   396 30913 13747 69 14 16  1  0 2026-10-01 08:50:14
 3  0      0 1759352  64636 1263576    0    0     0   336 35656 22332 66 11 22  1  0 2026-10-01 08:50:15
 3  0      0 1742328  64664 1270776    0    0     0   204 34022 18071 63 13 24  1  0 2026-10-01 08:50:16
procs -----------memory---------- ---swap-- -----io---- -system-- ------cpu----- -----timestamp-----
 r  b   swpd   free   buff  cache   si   so    bi    bo   in   cs us sy id wa st                 UTC
 3  0      0 1719252  64680 1278512    0    0     0   316 34906 17284 66 13 21  1  1 2026-10-01 08:50:17
 4  0      0 1646268  64716 1285208    0    0     0   424 35384 20582 61 13 25  1  0 2026-10-01 08:50:18
 4  0      0 1547396  64736 1294432    0    0     0   272 36592 8385 75 15 10  1  0 2026-10-01 08:50:19
 6  0      0 1515012  64744 1300492    0    0     0   368 33392 13430 70 13 16  1  0 2026-10-01 08:50:20
 3  0      0 1502104  64744 1309536    0    0     0     0 35542 8151 79 13  8  0  0 2026-10-01 08:50:21
 3  0      0 1492064  64792 1316280    0    0     0   564 39475 21635 66 11 21  1  0 2026-10-01 08:50:22
 4  0      0 1470320  64792 1324424    0    0     0     0 36245 10923 71 14 15  0  0 2026-10-01 08:50:23
 3  0      0 1412316  64808 1332076    0    0     0   224 38648 12194 70 18 12  1  0 2026-10-01 08:50:24
 4  0      0 1318512  64832 1339912    0    0     0  1316 38488 9577 71 19 10  0  0 2026-10-01 08:50:25
 3  0      0 1224540  64832 1347508    0    0     0  1908 39041 10871 69 18 14  0  0 2026-10-01 08:50:26
 3  0      0 1192360  64832 1353472    0    0     0     0 34364 3149 85 13  3  0  0 2026-10-01 08:50:27
 3  0      0 1181308  64844 1361328    0    0     0 60824 39616 6434 76 17  7  1  0 2026-10-01 08:50:28
 3  0      0 1174056  64848 1367396    0    0     0   164 43773 15166 63 18 19  0  0 2026-10-01 08:50:29
 5  0      0 1165064  64848 1374608    0    0     0   116 42977 12289 71 15 14  0  0 2026-10-01 08:50:30
 4  0      0 1155752  64848 1380244    0    0     0     8 43620 16212 64 15 21  0  0 2026-10-01 08:50:31
 3  0      0 1135704  64848 1386100    0    0     0     0 45745 12833 68 19 13  0  0 2026-10-01 08:50:32
 2  1      0 1059232  64852 1392348    0    0     0 12080 49430 15252 63 23 13  1  1 2026-10-01 08:50:33
 5  0      0 982624  64852 1398080    0    0     0 120632 46514 10240 64 24 10  2  0 2026-10-01 08:50:34
 4  0      0 901592  64856 1404840    0    0     0  2016 48244 11209 67 18 15  1  0 2026-10-01 08:50:35
 3  0      0 825248  64856 1409348    0    0     0    68 43800 10338 70 18 12  0  0 2026-10-01 08:50:36
 5  0      0 803720  64856 1413188    0    0     0    16 43385 8064 71 17 12  0  0 2026-10-01 08:50:37
procs -----------memory---------- ---swap-- -----io---- -system-- ------cpu----- -----timestamp-----
 r  b   swpd   free   buff  cache   si   so    bi    bo   in   cs us sy id wa st                 UTC
 4  0      0 795908  64864 1419680    0    0     0   104 47625 13096 75 15 11  0  0 2026-10-01 08:50:38
 3  0      0 790628  64864 1424140    0    0     0     0 51678 16504 65 18 17  0  0 2026-10-01 08:50:39
 1  0      0 784580  64876 1429396    0    0     0   124 50872 15618 62 17 21  0  0 2026-10-01 08:50:40
 5  0      0 778040  64876 1435024    0    0     0     0 50014 10594 70 19 11  0  0 2026-10-01 08:50:41
 4  0      0 773000  64876 1439244    0    0     0     0 48489 15769 58 17 25  0  0 2026-10-01 08:50:42
 4  0      0 767972  64876 1443668    0    0     0     8 51375 17010 61 19 20  0  0 2026-10-01 08:50:43
 3  0      0 762428  64876 1448680    0    0     0     0 45723 13284 66 16 18  0  0 2026-10-01 08:50:44
 4  0      0 735476  64876 1451884    0    0     0    96 52193 22243 55 18 27  0  0 2026-10-01 08:50:45
 3  0      0 672292  64876 1455812    0    0     0     0 50996 19483 56 22 22  0  0 2026-10-01 08:50:46
 7  0      0 601976  64884 1460164    0    0     0   108 48425 16380 59 19 21  0  0 2026-10-01 08:50:47
 6  0      0 537968  64884 1463664    0    0     0     0 50887 17756 55 22 23  0  0 2026-10-01 08:50:48
 5  0      0 473960  64884 1467180    0    0     0     8 49764 18199 53 22 25  0  1 2026-10-01 08:50:49
 3  0      0 401452  64884 1471068    0    0     0     0 48256 11308 65 23 12  0  0 2026-10-01 08:50:50
 4  0      0 375708  64884 1474680    0    0     0    76 44226  696 85 15  0  0  0 2026-10-01 08:50:51
 2  0      0 370024  64888 1478616    0    0     0    92 50839 20660 58 18 24  0  0 2026-10-01 08:50:52
 3  0      0 363584  64888 1483784    0    0     0     0 53087 4722 72 21  7  0  0 2026-10-01 08:50:53
 3  0      0 362324  64888 1484964    0    0     0     0 53506 32316 42 17 40  0  0 2026-10-01 08:50:54
 2  0      0 359048  64888 1487928    0    0     0    12 54108 21438 53 22 25  0  0 2026-10-01 08:50:55
 4  0      0 353780  64892 1492212    0    0     0   108 48571 16845 60 18 22  0  0 2026-10-01 08:50:56
 2  0      0 348500  64892 1496632    0    0     0     0 48819 6464 76 17  7  0  0 2026-10-01 08:50:57
 3  0      0 345224  64892 1499688    0    0     0     0 62340 36280 47 21 32  0  0 2026-10-01 08:50:58
procs -----------memory---------- ---swap-- -----io---- -system-- ------cpu----- -----timestamp-----
 r  b   swpd   free   buff  cache   si   so    bi    bo   in   cs us sy id wa st                 UTC
 3  0      0 341696  64892 1502932    0    0     0     0 56705 19278 59 20 21  0  0 2026-10-01 08:50:59
 2  0      0 338420  64892 1506088    0    0     0 23348 49880 19577 54 15 29  1  0 2026-10-01 08:51:00
 2  0      0 334400  64892 1508984    0    0     0   120 53152 20011 57 21 21  0  0 2026-10-01 08:51:01
 0  0      0 333644  64892 1510304    0    0     0     0 17758 9416 24  7 69  0  0 2026-10-01 08:51:02
 0  0      0 333644  64892 1509220    0    0     0     0 35912 28067  9 13 78  0  0 2026-10-01 08:51:03
 0  0      0 333644  64892 1498160    0    0     0     0 40034 33638 10 13 77  0  0 2026-10-01 08:51:04
