procs -----------memory---------- ---swap-- -----io---- -system-- ------cpu----- -----timestamp-----
 r  b   swpd   free   buff  cache   si   so    bi    bo   in   cs us sy id wa st                 UTC
 0  1      0 1309004  49328 874048    0    0   128   290 3569 1104  6  5 89  0  0 2026-10-01 08:49:56
 3  0      0 1308056  49332 874188    0    0     4     0  826 1315  2  2 96  0  0 2026-10-01 08:49:57
 6  1      0 1289924  50536 820144    0    0 11980 31856 7318 13800 51  8 13 27  0 2026-10-01 08:49:58
 0  0      0 1287936  50560 820464    0    0     0   300 1907 2107  0  2 97  1  0 2026-10-01 08:49:59
 0  0      0 1287936  50560 820472    0    0     0  1940  439  704  0  0 98  2  0 2026-10-01 08:50:00
 0  0      0 1286676  50584 820448    0    0     0   340  310  509  0  0 99  0  0 2026-10-01 08:50:01
 2  0      0 1245580  50844 824644    0    0     0  3452 34436 25445 29 17 47  7  0 2026-10-01 08:50:02
11  0      0 1215208  50964 827920    0    0     0  1512 36743 25228 24 16 56  4  1 2026-10-01 08:50:03
 5  1      0 1186396  51160 833852    0    0     0  1836 50601 35073 46 30 23  2  0 2026-10-01 08:50:04
 6  1      0 1147928  51256 838416    0    0     0  1220 52327 34664 36 27 36  2  0 2026-10-01 08:50:05
 3  0      0 1076680  51400 845404    0    0     0  1276 60870 34439 53 37  9  1  0 2026-10-01 08:50:06
 9  0      0 1034344  51504 851112    0    0     0   840 64317 36248 49 32 18  1  0 2026-10-01 08:50:07
 5  0      0 1003916  51740 858176    0    0     0  1660 70677 37050 56 43  1  1  0 2026-10-01 08:50:08
11  0      0 961748  51844 865040    0    0     0   924 74620 36278 57 43  0  1  0 2026-10-01 08:50:09
 4  0      0 896480  51992 871492    0    0     0  1276 74431 35403 57 43  0  0  0 2026-10-01 08:50:10
 6  0      0 840536  52000 877160    0    0     0   336 78574 32008 52 48  0  0  0 2026-10-01 08:50:11
12  0      0 794448  52124 882028    0    0     0  1120 77570 30003 47 52  0  1  0 2026-10-01 08:50:12
16  0      0 769880  52228 887248    0    0     0  1860 81588 30532 58 43  0  0  0 2026-10-01 08:50:13
12  0      0 745800  52388 892908    0    0     0  1928 80359 28709 48 51  0  0  0 2026-10-01 08:50:14
 7  0      0 717764  52416 897820    0    0     0   936 84476 31071 47 53  0  0  0 2026-10-01 08:50:15
 7  0      0 695312  52548 902892    0    0     0  1872 82102 24948 51 48  1  1  0 2026-10-01 08:50:16
procs -----------memory---------- ---swap-- -----io---- -system-- ------cpu----- -----timestamp-----
 r  b   swpd   free   buff  cache   si   so    bi    bo   in   cs us sy id wa st                 UTC
 9  0      0 651980  52648 907512    0    0     0  1480 86304 24742 48 52  0  0  0 2026-10-01 08:50:17
 6  0      0 600088  52800 912696    0    0     0 66084 82148 17323 53 47  0  0  0 2026-10-01 08:50:18
 7  0      0 550808  52836 917088    0    0     0  1004 85253 19109 49 51  0  0  0 2026-10-01 08:50:19
 7  0      0 507728  52940 920456    0    0     0  1400 84856 23231 50 50  0  0  0 2026-10-01 08:50:20
 8  0      0 465968  53048 925072    0    0     0  1304 87695 13488 47 54  0  0  0 2026-10-01 08:50:21
 6  0      0 439768  53112 927996    0    0     0   868 86236 21317 46 54  0  0  0 2026-10-01 08:50:22
 5  0      0 415368  53200 931612    0    0     0  1176 88314 13303 49 51  0  0  0 2026-10-01 08:50:23
 8  0      0 396880  53280 936280    0    0     0  1032 83032 8304 47 53  0  0  0 2026-10-01 08:50:24
 8  0      0 377776  53328 940320    0    0     0   956 86980 9945 42 59  0  0  0 2026-10-01 08:50:25
 8  0      0 349792  53364 943932    0    0     0   864 84730 7698 46 54  0  0  0 2026-10-01 08:50:26
 9  0      0 333964  53432 948304    0    0     0  1116 85361 7662 47 53  0  0  0 2026-10-01 08:50:27
 7  0      0 317912  53468 951684    0    0     0   824 82792 5165 46 54  0  0  0 2026-10-01 08:50:28
 8  0      0 290080  53524 955120    0    0     0  1224 83542 6740 41 60  0  0  0 2026-10-01 08:50:29
 7  0      0 278020  53556 958484    0    0     0  1196 85423 6993 42 59  0  0  0 2026-10-01 08:50:30
 6  0      0 247816  53604 961668    0    0     0  1104 83213 4884 44 56  0  0  0 2026-10-01 08:50:31
 6  0      0 201560  53632 965036    0    0     0  1232 83822 4029 44 56  0  0  0 2026-10-01 08:50:32
 4  1      0 158008  53676 967244    0    0     0  6628 87190 11313 38 63  0  0  0 2026-10-01 08:50:33
 8  0      0 121276  53696 970896    0    0     0  5032 83470 4592 40 59  0  0  0 2026-10-01 08:50:34
 5  1      0 120376  53128 961948    0    0    96  5396 83546 4345 38 62  0  0  0 2026-10-01 08:50:35
 4  0      0 114192  52020 937988    0    0     0 31016 84100 5153 40 60  0  0  0 2026-10-01 08:50:36
 6  0      0 106604  50764 915876    0    0     0  1060 84317 6622 45 56  0  0  0 2026-10-01 08:50:37
procs -----------memory---------- ---swap-- -----io---- -system-- ------cpu----- -----timestamp-----
 r  b   swpd   free   buff  cache   si   so    bi    bo   in   cs us sy id wa st                 UTC
 7  0      0 105528  50720 915968    0    0     0  3056 89133 9126 41 60  0  0  0 2026-10-01 08:50:38
 5  0      0 124188  50088 900248    0    0     0  5744 87964 10693 39 62  0  0  0 2026-10-01 08:50:39
 6  1      0 117116  49912 899636    0    0     0  2436 84945 6285 35 65  0  0  0 2026-10-01 08:50:40
 8  0      0 121392  48320 876616    0    0     0  4700 89490 4867 38 62  0  0  0 2026-10-01 08:50:41
 9  0      0 124688  47272 858284    0    0     0   720 84082 6322 38 63  0  0  0 2026-10-01 08:50:42
 5  0      0 106548  47284 862072    0    0     0   684 83962 4768 37 63  0  0  0 2026-10-01 08:50:43
 4  0      0 120944  46928 858056    0    0     0  8712 83666 4253 36 65  0  0  0 2026-10-01 08:50:44
 5  0      0 125000  46636 853968    0    0     0  3444 85116 4138 41 59  0  0  0 2026-10-01 08:50:45
 5  0      0 119112  45356 836904    0    0    20  3808 82971 4237 40 60  0  0  0 2026-10-01 08:50:46
 4  0      0 109600  44568 822312    0    0     0   552 82737 3774 44 56  0  0  0 2026-10-01 08:50:47
 4  0      0 111388  44068 815256    0    0     0  3168 80674 4022 40 60  0  0  0 2026-10-01 08:50:48
 4  1      0 121300  43360 801300    0    0     0  4156 83453 3918 45 54  0  0  0 2026-10-01 08:50:49
 4  0      0 110320  42784 788692    0    0     8  1852 88040 4728 35 65  0  0  0 2026-10-01 08:50:50
 4  0      0 120936  41524 763412    0    0     0  4156 86454 4225 35 65  0  0  0 2026-10-01 08:50:51
 4  0      0 128624  40208 740492    0    0     0  3640 82147 6412 37 63  0  0  0 2026-10-01 08:50:52
 4  0      0 116120  36656 707744    0    0     0  2688 84693 4531 40 61  0  0  0 2026-10-01 08:50:53
 4  0      0 122576  33712 689940    0    0     0   388 76251 3995 38 63  0  0  0 2026-10-01 08:50:54
 5  0      0 126404  31504 657428    0    0     0  5704 83639 3905 38 62  0  0  0 2026-10-01 08:50:55
 5  0      0 112972  29228 615308    0    0     0   364 84786 3401 36 64  0  0  0 2026-10-01 08:50:56
 4  0      0 112896  28168 586376    0    0   856  3468 88735 2789 39 61  0  0  0 2026-10-01 08:50:57
 5  0      0 111728  26484 561036    0    0     0   360 93633 3899 39 61  0  0  0 2026-10-01 08:50:58
procs -----------memory---------- ---swap-- -----io---- -system-- ------cpu----- -----timestamp-----
 r  b   swpd   free   buff  cache   si   so    bi    bo   in   cs us sy id wa st                 UTC
 4  0      0 111824  25504 545544    0    0     0  1488 87797 4406 41 59  0  0  0 2026-10-01 08:50:59
 5  0      0 107844  25540 547120    0    0     4   408 86512 4017 39 62  0  0  0 2026-10-01 08:51:00
 4  0      0 112852  25480 545536    0    0   920   380 84606 3209 38 62  0  0  0 2026-10-01 08:51:01
 0  0      0 173500  25492 548688    0    0  1540   332 34445 3951 22 25 53  1  0 2026-10-01 08:51:02
 2  1      0 141300  25516 544968    0    0  3124   308 47339 14128 16 47 37  0  0 2026-10-01 08:51:03
