procs -----------memory---------- ---swap-- -----io---- -system-- ------cpu----- -----timestamp-----
 r  b   swpd   free   buff  cache   si   so    bi    bo   in   cs us sy id wa st                 UTC
 1  0      0 1290336  24744 423076    0    0   157   386 1533 1423  8  7 85  0  0 2026-10-01 09:00:53
 0  2      0 1268256  24804 429428    0    0  9720  1212 1277 2260  4  3 90  3  0 2026-10-01 09:00:54
 0  0      0 1171332  26188 450240    0    0  7036 30868 8306 14017 52  9 14 26  0 2026-10-01 09:00:55
 0  0      0 1171332  26200 450356    0    0     0   176  746  892  0  0 99  1  0 2026-10-01 09:00:56
 0  0      0 1171332  26212 450432    0    0     0   132  279  479  0  0 100  0  0 2026-10-01 09:00:57
 0  0      0 1171332  26216 450428    0    0     0    96  376  494  0  0 100  1  0 2026-10-01 09:00:58
 4  0      0 1152568  26380 452144    0    0     0  1732 34982 21389 16 13 68  3  0 2026-10-01 09:00:59
 1  0      0 1127224  26664 455100    0    0     0  2176 34229 22425 18 15 61  6  0 2026-10-01 09:01:00
 0  0      0 1092492  26908 458900    0    0    48  1472 47008 29433 31 21 46  3  0 2026-10-01 09:01:01
 3  0      0 1055760  27200 463008    0    0     0  1552 50519 31858 34 22 42  2  0 2026-10-01 09:01:02
 5  0      0 1038792  27316 466864    0    0     0   844 59621 35030 36 28 35  1  0 2026-10-01 09:01:03
10  0      0 1022272  27432 471300    0    0     0   820 62004 37956 41 32 27  1  0 2026-10-01 09:01:04
 0  0      0 987160  27524 475116    0    0     0   708 67723 36413 37 35 28  1  0 2026-10-01 09:01:05
 1  0      0 940724  27564 479328    0    0     0   468 72186 38247 43 39 18  0  0 2026-10-01 09:01:06
 9  0      0 905120  27652 483856    0    0     0   696 76118 37855 42 40 17  0  1 2026-10-01 09:01:07
 5  0      0 861536  27720 488920    0    0     0   720 79477 33735 48 44  8  0  0 2026-10-01 09:01:08
 3  0      0 810228  27792 493884    0    0     0   764 80086 36128 45 50  4  1  0 2026-10-01 09:01:09
 6  1      0 770860  27920 497996    0    0     0  1332 83212 31764 47 48  5  0  0 2026-10-01 09:01:10
 4  0      0 759620  27972 502368    0    0     0  1104 85156 34421 48 52  0  0  0 2026-10-01 09:01:11
 2  1      0 744432  28036 506772    0    0     0  1300 87444 33244 54 46  0  0  0 2026-10-01 09:01:12
 4  1      0 732424  28120 511184    0    0     0  1256 87525 28812 51 49  0  0  0 2026-10-01 09:01:13
procs -----------memory---------- ---swap-- -----io---- -system-- ------cpu----- -----timestamp-----
 r  b   swpd   free   buff  cache   si   so    bi    bo   in   cs us sy id wa st                 UTC
 4  1      0 717724  28168 515228    0    0     0  1140 86950 25764 50 51  0  0  0 2026-10-01 09:01:14
 5  0      0 693520  28248 519528    0    0     0 38928 83780 13985 49 51  0  0  0 2026-10-01 09:01:15
 5  0      0 659080  28352 522956    0    0     0  1220 88839 20557 48 52  0  0  0 2026-10-01 09:01:16
 5  0      0 619632  28504 526760    0    0     0  1520 87854 17265 46 53  0  0  0 2026-10-01 09:01:17
 5  0      0 580488  28540 530272    0    0     0   972 89654 13965 42 58  0  0  0 2026-10-01 09:01:18
 5  0      0 542180  28584 533464    0    0     0  1112 87613 12177 50 50  0  0  0 2026-10-01 09:01:19
 5  0      0 502592  28628 536440    0    0     4  7020 85043 9979 46 54  0  0  0 2026-10-01 09:01:20
 5  0      0 467564  28672 539672    0    0     0   924 87995 7422 48 52  0  0  0 2026-10-01 09:01:21
 6  0      0 444096  28724 541720    0    0     0   892 90680 6441 46 53  0  0  0 2026-10-01 09:01:22
 7  0      0 437604  28784 544668    0    0     0   852 89514 10295 46 55  0  0  0 2026-10-01 09:01:23
 5  0      0 429180  28840 547052    0    0     0   840 86707 6271 39 61  0  0  0 2026-10-01 09:01:24
 5  0      0 418380  28904 549528    0    0     0  1120 87616 5067 41 60  0  0  0 2026-10-01 09:01:25
 8  0      0 408780  28940 552240    0    0     0  1080 87077 5803 42 58  0  0  0 2026-10-01 09:01:26
 5  0      0 399388  29012 554676    0    0     0  1064 87604 4910 43 57  0  0  0 2026-10-01 09:01:27
 5  0      0 390884  29080 557100    0    0     0   984 87829 4497 42 59  0  0  0 2026-10-01 09:01:28
 5  0      0 380120  29144 559904    0    0     0   980 85993 4187 44 56  0  0  0 2026-10-01 09:01:29
 6  0      0 373324  29196 561976    0    0     0   880 88794 4315 40 60  0  0  0 2026-10-01 09:01:30
 6  0      0 359740  29232 564580    0    0     0   820 90903 4884 37 64  0  0  0 2026-10-01 09:01:31
 8  0      0 350772  29300 566248    0    0     0   824 86318 4711 40 60  0  0  0 2026-10-01 09:01:32
 8  0      0 331920  29348 568484    0    0     0   748 88725 3718 41 59  0  0  0 2026-10-01 09:01:33
 7  0      0 303816  29380 570828    0    0     0   708 86930 4406 39 61  0  0  0 2026-10-01 09:01:34
procs -----------memory---------- ---swap-- -----io---- -system-- ------cpu----- -----timestamp-----
 r  b   swpd   free   buff  cache   si   so    bi    bo   in   cs us sy id wa st                 UTC
 9  2      0 268092  29396 572184    0    0     0  5304 85107 4155 37 63  0  0  0 2026-10-01 09:01:35
 5  0      0 240432  29448 574756    0    0     4  5092 89770 4122 40 60  0  0  0 2026-10-01 09:01:36
 5  0      0 208056  29476 576544    0    0     0   552 86308 3736 38 62  0  0  0 2026-10-01 09:01:37
 7  0      0 179868  29496 578748    0    0     0   516 86200 3809 39 61  0  0  1 2026-10-01 09:01:38
 6  0      0 146964  29516 580620    0    0     0   492 84916 3795 42 59  0  0  0 2026-10-01 09:01:39
 6  0      0 117856  29540 581752    0    0     0   492 89120 3721 39 62  0  0  0 2026-10-01 09:01:40
 5  0      0 111420  29284 578156    0    0    84 24212 86360 4196 42 58  0  0  0 2026-10-01 09:01:41
 5  0      0 105752  29316 580900    0    0   608   448 86422 4077 39 62  0  0  0 2026-10-01 09:01:42
 7  0      0 117908  28972 567344    0    0     0   384 85073 3658 42 58  0  0  0 2026-10-01 09:01:43
 7  0      0 107396  28580 555908    0    0     0   364 84980 3209 39 61  0  0  0 2026-10-01 09:01:44
 5  0      0 111216  28604 557436    0    0     0   464 84312 4652 36 64  0  0  0 2026-10-01 09:01:45
 4  0      0 118608  28504 554064    0    0     0   384 87349 4949 37 64  0  0  0 2026-10-01 09:01:46
 7  0      0 104736  28524 555228    0    0     0   340 82338 3531 38 62  0  0  0 2026-10-01 09:01:47
 6  0      0 107780  28192 550008    0    0     0   412 90476 5092 38 62  0  0  0 2026-10-01 09:01:48
 4  0      0 115372  27808 532916    0    0     0   352 85825 2812 42 58  0  0  0 2026-10-01 09:01:49
 6  0      0 123856  27832 534008    0    0     0   344 86368 3359 39 61  0  0  0 2026-10-01 09:01:50
 5  0      0 118864  27740 527268    0    0     0   328 87230 4864 36 65  0  0  0 2026-10-01 09:01:51
 8  0      0 118164  27476 522736    0    0     0   316 87783 3805 40 60  0  0  0 2026-10-01 09:01:52
 4  0      0 113744  26992 511624    0    0     0   328 85180 3681 40 60  0  0  0 2026-10-01 09:01:53
 4  0      0 110856  26408 502984    0    0     0   288 79290 3096 36 64  0  0  0 2026-10-01 09:01:54
 4  0      0 110772  26276 501408    0    0     0   372 83941 4995 41 60  0  0  0 2026-10-01 09:01:55
procs -----------memory---------- ---swap-- -----io---- -system-- ------cpu----- -----timestamp-----
 r  b   swpd   free   buff  cache   si   so    bi    bo   in   cs us sy id wa st                 UTC
 4  0      0 119772  25012 477760    0    0     0 19304 83712 3990 34 66  0  0  0 2026-10-01 09:01:56
 5  0      0 118788  24244 456500    0    0    16   536 84046 5953 35 65  0  0  0 2026-10-01 09:01:57
 4  0      0 118080  22256 425288    0    0  2400   396 82862 4412 36 65  0  0  0 2026-10-01 09:01:58
 1  0      0 117644  21864 420404    0    0  2596   348 34756 6821 17 27 56  1  0 2026-10-01 09:01:59
 3  1      0 118904  21632 414240    0    0  5644   296 52362 13891 18 49 33  0  0 2026-10-01 09:02:00
