procs -----------memory---------- ---swap-- -----io---- -system-- ------cpu----- -----timestamp-----
 r  b   swpd   free   buff  cache   si   so    bi    bo   in   cs us sy id wa st                 UTC
 1  0      0 2596668  66612 955160    0    0    88   463 2538  944  9  2 88  0  0 2026-10-01 09:00:54
 3  2      0 2549268  66952 942116    0    0   724 19468 3226 5615 32  5 50 13  0 2026-10-01 09:00:55
 0  0      0 2514332  67352 943980    0    0     0 10912 4153 6824 17  5 67 13  0 2026-10-01 09:00:56
 0  0      0 2514332  67352 943980    0    0     0     0   27   36  0  0 100  0  0 2026-10-01 09:00:57
 0  0      0 2514332  67352 943980    0    0     0     0   29   34  0  0 100  0  0 2026-10-01 09:00:58
 5  0      0 2489188  67440 945992    0    0     0  1504 9322 9609 17  4 76  4  0 2026-10-01 09:00:59
 1  0      0 2470088  67528 948576    0    0     0  3596 18784 22222 23  6 64  7  0 2026-10-01 09:01:00
 0  1      0 2418260  67600 952532    0    0     0  1532 22018 23071 32  9 54  5  0 2026-10-01 09:01:01
 3  0      0 2356912  67680 957484    0    0     0  1492 25308 25348 39 13 44  5  0 2026-10-01 09:01:02
 9  0      0 2328124  67752 961676    0    0     0  1028 23366 21886 42 10 41  8  0 2026-10-01 09:01:03
 7  0      0 2310648  67832 966864    0    0     0  1044 27794 26709 46  9 41  4  0 2026-10-01 09:01:04
 1  0      0 2251568  67884 972572    0    0     0  1332 28722 23146 52 13 33  4  0 2026-10-01 09:01:05
 7  0      0 2178092  67948 978344    0    0     0  1124 31078 27076 55  9 34  2  0 2026-10-01 09:01:06
 4  0      0 2117740  67972 984360    0    0     0   392 29051 16643 65 13 21  1  0 2026-10-01 09:01:07
 8  0      0 2108064  68008 990416    0    0     0   780 32372 24045 60 12 28  1  0 2026-10-01 09:01:08
 1  0      0 2088808  68020 995960    0    0     0   156 32129 21472 58 13 29  0  0 2026-10-01 09:01:09
 1  0      0 2037500  68028 1001924    0    0     0   204 34072 22251 64 12 24  1  0 2026-10-01 09:01:10
 1  0      0 1957744  68056 1007676    0    0     0   440 34164 19542 58 18 25  0  0 2026-10-01 09:01:11
 6  0      0 1869192  68084 1014164    0    0     0   508 35201 17099 69 12 18  1  0 2026-10-01 09:01:12
 3  0      0 1808808  68084 1019940    0    0     0   144 31348 9154 79 12  9  0  0 2026-10-01 09:01:13
 3  0      0 1799580  68124 1026960    0    0     0   564 35066 14396 72 12 16  1  0 2026-10-01 09:01:14
procs -----------memory---------- ---swap-- -----io---- -system-- ------cpu----- -----timestamp-----
 r  b   swpd   free   buff  cache   si   so    bi    bo   in   cs us sy id wa st                 UTC
 4  0      0 1790632  68128 1032884    0    0     0   100 34910 15121 66 14 20  0  0 2026-10-01 09:01:15
 4  0      0 1774556  68128 1039444    0    0     0    12 34480 9676 73 15 13  0  0 2026-10-01 09:01:16
 3  0      0 1734824  68132 1045324    0    0     0   232 36447 14220 69 14 17  0  0 2026-10-01 09:01:17
 8  0      0 1644028  68136 1051888    0    0     0   236 35742 8621 73 16 11  1  0 2026-10-01 09:01:18
 3  0      0 1548140  68136 1058572    0    0     0     0 38069 10551 76 15  9  0  1 2026-10-01 09:01:19
 4  0      0 1463552  68136 1063972    0    0     0     0 38450 16206 65 17 18  0  0 2026-10-01 09:01:20
 3  0      0 1436276  68136 1068468    0    0     0     0 33470 5410 80 14  6  0  0 2026-10-01 09:01:21
 4  0      0 1427816  68136 1074988    0    0     0     8 37921 5348 81 13  6  0  0 2026-10-01 09:01:22
 4  0      0 1421544  68152 1079848    0    0     0   288 43952 22600 62 15 23  0  0 2026-10-01 09:01:23
 5  0      0 1410416  68152 1086200    0    0     0     0 38100 8151 73 16 11  0  0 2026-10-01 09:01:24
 2  0      0 1402868  68152 1091756    0    0     0     0 41228 13490 68 16 17  0  0 2026-10-01 09:01:25
 7  0      0 1388280  68156 1097896    0    0     0  3116 41839 11486 69 17 14  1  0 2026-10-01 09:01:26
 0  0      0 1328708  68156 1102524    0    0     0     0 43326 13233 65 18 16  0  0 2026-10-01 09:01:27
 3  0      0 1247896  68156 1107028    0    0     0     8 43590 9397 69 18 12  0  0 2026-10-01 09:01:28
 3  0      0 1161264  68156 1112336    0    0     0     0 46683 10268 70 19 11  0  0 2026-10-01 09:01:29
 3  0      0 1085664  68156 1116552    0    0     0    88 47435 14525 61 19 21  0  0 2026-10-01 09:01:30
 3  0      0 1032880  68160 1119164    0    0     0 64628 39691 2066 82 18  1  0  0 2026-10-01 09:01:31
 2  0      0 1024536  68160 1124108    0    0     0     0 46324 11164 74 15 11  0  0 2026-10-01 09:01:32
 2  0      0 1017184  68160 1128828    0    0     0     0 47369 11898 63 18 19  0  0 2026-10-01 09:01:33
 3  0      0 1012648  68160 1133100    0    0     0    16 49621 17308 61 17 22  0  0 2026-10-01 09:01:34
 5  0      0 1007116  68160 1137984    0    0     0   188 47547 9806 70 18 12  0  0 2026-10-01 09:01:35
procs -----------memory---------- ---swap-- -----io---- -system-- ------cpu----- -----timestamp-----
 r  b   swpd   free   buff  cache   si   so    bi    bo   in   cs us sy id wa st                 UTC
 4  0      0 1003336  68160 1141184    0    0     0   128 50364 23635 51 19 31  0  0 2026-10-01 09:01:36
 0  0      0 997804  68160 1145648    0    0     0 85052 48590 9234 69 21 10  0  0 2026-10-01 09:01:37
 2  0      0 992020  68160 1151104    0    0     0  2164 47886 13657 69 15 15  1  0 2026-10-01 09:01:38
 3  0      0 987988  68160 1154196    0    0     0    88 50964 22970 54 17 30  0  0 2026-10-01 09:01:39
 2  0      0 950944  68164 1158244    0    0     0   120 50028 12350 67 18 15  0  0 2026-10-01 09:01:40
 2  0      0 880200  68164 1162656    0    0     0    96 47560 12337 59 22 18  0  0 2026-10-01 09:01:41
 3  0      0 809136  68164 1166028    0    0     0 21952 53442 16230 60 21 18  1  1 2026-10-01 09:01:42
 0  0      0 743628  68164 1169124    0    0     0     0 48385 19130 54 20 27  0  0 2026-10-01 09:01:43
 5  0      0 668684  68164 1172700    0    0     0     0 49941 14529 64 18 19  0  0 2026-10-01 09:01:44
 9  0      0 609716  68172 1175708    0    0     0   116 49387 21346 53 17 30  0  0 2026-10-01 09:01:45
 2  0      0 564944  68172 1177452    0    0     0    12 34208 2098 88 12  0  0  0 2026-10-01 09:01:46
 0  0      0 561416  68172 1179536    0    0     0 10352 54007 18531 52 22 26  0  0 2026-10-01 09:01:47
 2  0      0 558140  68172 1182308    0    0     0     0 47333 20024 56 19 25  0  0 2026-10-01 09:01:48
 0  0      0 553436  68172 1186252    0    0     0     0 56129 14879 65 20 14  0  0 2026-10-01 09:01:49
 2  0      0 549680  68176 1188928    0    0     0   176 50826 24537 47 17 35  0  0 2026-10-01 09:01:50
 2  0      0 546180  68176 1191960    0    0     0     0 53011 12363 66 17 16  0  0 2026-10-01 09:01:51
 2  0      0 541224  68176 1194812    0    0     0  1520 52460 26688 48 20 32  0  0 2026-10-01 09:01:52
 3  0      0 537444  68176 1198196    0    0     0     0 51271 11888 66 17 16  0  0 2026-10-01 09:01:53
 3  0      0 535960  68176 1199752    0    0     0     0 49657 28924 46 16 38  0  0 2026-10-01 09:01:54
 2  0      0 531560  68176 1201988    0    0     0   108 52308 22492 55 17 29  0  0 2026-10-01 09:01:55
 1  0      0 528060  68176 1205176    0    0     0     0 49633 22100 52 18 30  0  0 2026-10-01 09:01:56
procs -----------memory---------- ---swap-- -----io---- -system-- ------cpu----- -----timestamp-----
 r  b   swpd   free   buff  cache   si   so    bi    bo   in   cs us sy id wa st                 UTC
 1  1      0 524812  68176 1207436    0    0     0  2736 52069 25581 54 17 29  0  0 2026-10-01 09:01:57
 2  0      0 521536  68176 1209852    0    0     0    12 48559 19106 60 14 26  0  0 2026-10-01 09:01:58
 0  0      0 519044  68176 1212092    0    0     4     0 41556 26203 45 15 40  0  0 2026-10-01 09:01:59
 0  0      0 519044  68180 1212316    0    0     0   236 6245 5197  1  2 97  0  0 2026-10-01 09:02:00
 1  0      0 519044  68180 1207444    0    0     0     0 59949 47929 15 21 64  0  0 2026-10-01 09:02:01
 0  0      0 517784  68188 1200628    0    0     0  1864 10078 8221  3  3 94  1  0 2026-10-01 09:02:02
 0  0      0 517784  68188 1200628    0    0     0 26220  252  292  0  1 98  2  0 2026-10-01 09:02:03
 0  0      0 517784  68188 1200628    0    0     0    92   38   43  0  0 100  0  0 2026-10-01 09:02:04
