procs -----------memory---------- ---swap-- -----io---- -system-- ------cpu----- -----timestamp-----
 r  b   swpd   free   buff  cache   si   so    bi    bo   in   cs us sy id wa st                 UTC
 1  0      0 2457260  68780 1089964    0    0    86   444 2502 1013  9  2 89  0  0 2026-10-01 09:00:54
 4  0      0 2457448  68952 1055912    0    0     0 13604 2182 3952 18  4 73  6  0 2026-10-01 09:00:55
 0  0      0 2401000  69332 1058540    0    0     0 16852 5115 9471 28  5 48 18  0 2026-10-01 09:00:56
 0  0      0 2401000  69332 1058540    0    0     0     0   36   45  0  0 100  0  0 2026-10-01 09:00:57
 0  0      0 2401000  69332 1058540    0    0     0    20   33   40  0  1 100  0  0 2026-10-01 09:00:58
 0  1      0 2394952  69348 1059024    0    0     0  2232 2660 3387  4  1 94  2  0 2026-10-01 09:00:59
 0  0      0 2353984  69524 1064340    0    0     0  3016 14207 12996 34  7 50 10  0 2026-10-01 09:01:00
 0  0      0 2336652  69600 1066912    0    0     0  1184 9285 9027 17  4 75  5  0 2026-10-01 09:01:01
 0  1      0 2288632  69648 1071112    0    0     0   928 16828 15074 33  7 58  3  0 2026-10-01 09:01:02
 2  0      0 2246472  69676 1074684    0    0     0   816 16207 15704 29  6 62  3  0 2026-10-01 09:01:03
 0  0      0 2189884  69736 1079732    0    0     0  1152 21601 19299 38 10 48  4  0 2026-10-01 09:01:04
 0  0      0 2169356  69804 1084532    0    0     0  1108 21022 17970 44  8 45  3  0 2026-10-01 09:01:05
 2  0      0 2154136  69872 1090104    0    0     0   828 24070 18861 48 10 40  2  0 2026-10-01 09:01:06
 3  0      0 2115172  69920 1095132    0    0     0   524 25246 18677 46 12 42  2  0 2026-10-01 09:01:07
 4  0      0 2042200  70008 1100972    0    0     0  1392 28770 20987 51 15 32  2  0 2026-10-01 09:01:08
 5  0      0 1963496  70068 1107416    0    0     0   856 29095 18454 56 14 27  2  0 2026-10-01 09:01:09
 5  0      0 1931348  70128 1113432    0    0     0   916 28831 17452 63 14 21  2  0 2026-10-01 09:01:10
 2  0      0 1917352  70212 1120848    0    0     0  1132 32909 18193 68 12 18  2  0 2026-10-01 09:01:11
 2  0      0 1897540  70248 1127036    0    0     0   764 33274 21757 62 12 25  2  0 2026-10-01 09:01:12
 2  0      0 1822860  70260 1134196    0    0     0   380 33437 12997 69 17 13  1  0 2026-10-01 09:01:13
 8  0      0 1740820  70292 1140420    0    0     0   428 35240 19218 64 14 20  2  1 2026-10-01 09:01:14
procs -----------memory---------- ---swap-- -----io---- -system-- ------cpu----- -----timestamp-----
 r  b   swpd   free   buff  cache   si   so    bi    bo   in   cs us sy id wa st                 UTC
 4  0      0 1640436  70356 1147692    0    0     0   868 33863 8985 73 16  9  2  0 2026-10-01 09:01:15
 4  0      0 1603796  70376 1154100    0    0     0   404 30646 2265 85 12  2  1  0 2026-10-01 09:01:16
 2  0      0 1593588  70384 1161056    0    0     0   280 36094 11077 79 11 10  1  0 2026-10-01 09:01:17
 6  0      0 1582692  70388 1167276    0    0     0   252 38162 16716 68 17 14  0  0 2026-10-01 09:01:18
 3  0      0 1556220  70408 1174628    0    0     0   700 36737 8590 80 15  5  1  0 2026-10-01 09:01:19
 3  0      0 1488880  70440 1181572    0    0     0   548 36817 6366 77 17  4  1  0 2026-10-01 09:01:20
 5  0      0 1396996  70448 1187808    0    0     0   120 38673 9831 72 17 11  1  0 2026-10-01 09:01:21
 4  0      0 1296940  70452 1194500    0    0     0   228 39205 6970 79 16  5  1  0 2026-10-01 09:01:22
 3  0      0 1194164  70452 1201020    0    0     0   232 39460 2590 79 18  3  1  0 2026-10-01 09:01:23
 5  0      0 1169520  70452 1205156    0    0     0     0 34560 1881 84 15  2  0  0 2026-10-01 09:01:24
 7  0      0 1158936  70452 1212012    0    0     0   120 42978 7406 81 14  5  0  0 2026-10-01 09:01:25
 5  0      0 1148744  70452 1218360    0    0     0  3136 45215 11670 76 15  9  0  0 2026-10-01 09:01:26
 3  0      0 1141236  70452 1223948    0    0     0     0 45642 12351 74 17 10  0  0 2026-10-01 09:01:27
 6  0      0 1133088  70452 1229620    0    0     0     0 46588 11639 69 19 12  0  0 2026-10-01 09:01:28
 2  0      0 1125288  70460 1235276    0    0     0   280 44062 7634 76 14  8  1  0 2026-10-01 09:01:29
 2  0      0 1090020  70460 1240692    0    0     0     0 48154 7845 71 19 10  0  0 2026-10-01 09:01:30
 2  0      0 1005864  70460 1245468    0    0     0 60384 49015 4524 71 22  6  0  0 2026-10-01 09:01:31
 2  0      0 922604  70460 1250380    0    0     0     0 48188 13439 67 20 13  0  0 2026-10-01 09:01:32
 4  0      0 840184  70460 1255080    0    0     0   104 50279 10801 65 21 14  0  0 2026-10-01 09:01:33
 2  0      0 741360  70464 1260052    0    0     0   136 49361 3559 80 19  1  0  0 2026-10-01 09:01:34
 2  0      0 696036  70484 1262788    0    0     0   284 40731 2793 85 12  3  1  0 2026-10-01 09:01:35
procs -----------memory---------- ---swap-- -----io---- -system-- ------cpu----- -----timestamp-----
 r  b   swpd   free   buff  cache   si   so    bi    bo   in   cs us sy id wa st                 UTC
 2  0      0 690492  70484 1267416    0    0     0 62840 51375 8941 71 20  8  1  0 2026-10-01 09:01:36
 2  0      0 682480  70484 1272908    0    0     0     0 48003 3753 81 15  4  0  0 2026-10-01 09:01:37
 3  0      0 678280  70484 1276256    0    0     0     0 54188 18815 51 23 26  0  0 2026-10-01 09:01:38
 2  0      0 672736  70484 1281012    0    0     0     0 50417 12910 67 19 14  0  0 2026-10-01 09:01:39
 2  0      0 668212  70484 1285116    0    0     0   484 51694 16668 62 19 19  0  0 2026-10-01 09:01:40
 0  0      0 662680  70484 1289540    0    0     0 46088 50950 4782 74 20  6  1  0 2026-10-01 09:01:41
 2  0      0 658928  70484 1292728    0    0     0     0 48565 16509 61 17 22  0  0 2026-10-01 09:01:42
 2  0      0 652024  70500 1297508    0    0     0   332 50360 12021 66 17 16  1  0 2026-10-01 09:01:43
 2  0      0 646984  70500 1301080    0    0     0     0 49350 13576 68 15 16  0  0 2026-10-01 09:01:44
 3  0      0 600152  70504 1306660    0    0     0  2556 53530 15036 64 18 17  1  0 2026-10-01 09:01:45
 2  1      0 523656  70504 1309952    0    0     0  5120 48908 9864 66 21 14  0  0 2026-10-01 09:01:46
 2  0      0 453600  70504 1313568    0    0     0 17464 50795 13920 59 22 19  0  0 2026-10-01 09:01:47
 2  0      0 389088  70504 1316624    0    0     0     0 53283 17333 59 18 23  0  1 2026-10-01 09:01:48
 2  0      0 305700  70504 1320752    0    0     0     0 50787 12197 65 23 12  0  0 2026-10-01 09:01:49
 9  0      0 229864  70504 1324608    0    0    88   244 50967 10468 66 23 12  0  0 2026-10-01 09:01:50
 2  0      0 182256  70504 1325980    0    0     0     0 35124 2301 89 11  0  0  0 2026-10-01 09:01:51
 2  0      0 178224  70504 1329056    0    0     0  8724 59839 11914 65 22 13  0  0 2026-10-01 09:01:52
 2  0      0 174444  70504 1332404    0    0     0     8 49085 23739 54 17 29  0  0 2026-10-01 09:01:53
 2  0      0 169488  70504 1335536    0    0     0     0 55745 4753 76 18  6  0  0 2026-10-01 09:01:54
 2  0      0 166044  70504 1338180    0    0     0   816 52580 28021 44 17 39  0  0 2026-10-01 09:01:55
 4  0      0 162840  70504 1339980    0    0     0     0 54996 23100 55 15 30  0  0 2026-10-01 09:01:56
procs -----------memory---------- ---swap-- -----io---- -system-- ------cpu----- -----timestamp-----
 r  b   swpd   free   buff  cache   si   so    bi    bo   in   cs us sy id wa st                 UTC
 4  0      0 157672  70504 1343280    0    0     0  2896 50183 16444 61 17 22  0  0 2026-10-01 09:01:57
 0  0      0 153472  70508 1346484    0    0     0   148 50667 16321 52 20 28  1  0 2026-10-01 09:01:58
 4  0      0 149496  70508 1349700    0    0     0     8 46257 16897 62 16 22  0  0 2026-10-01 09:01:59
 0  0      0 149244  70508 1350020    0    0     0     0 9120 6080 16  5 79  0  0 2026-10-01 09:02:00
 3  0      0 149244  70508 1347212    0    0     0     0 57183 43057 14 23 63  0  0 2026-10-01 09:02:01
 0  0      0 183300  70520 1337404    0    0     0 20740 23316 18897  6  7 85  3  0 2026-10-01 09:02:02
 1  0      0 185128  70520 1337404    0    0     0     0  398  534 11  3 87  0  0 2026-10-01 09:02:03
