procs -----------memory---------- ---swap-- -----io---- -system-- ------cpu----- -----timestamp-----
 r  b   swpd   free   buff  cache   si   so    bi    bo   in   cs us sy id wa st                 UTC
 0  0      0 31212324  18216 440324    0    0    11     2 1021   31 14  2 84  0  0 2026-10-01 09:00:54
 0  0      0 31202772  18216 440444    0    0     0     0 1741 1688  1  0 99  0  0 2026-10-01 09:00:55
 0  0      0 31200308  18216 440444    0    0     0     0 3155 2456  1  0 99  0  0 2026-10-01 09:00:56
 0  0      0 31199804  18216 440444    0    0     0     0  128  196  0  0 100  0  0 2026-10-01 09:00:57
 0  0      0 31199804  18216 440444    0    0     0     0   72  129  0  0 100  0  0 2026-10-01 09:00:58
 1  0      0 31192076  18224 440436    0    0     0  1136 10137 10239  3  0 96  0  0 2026-10-01 09:00:59
 0  0      0 31137448  18224 440444    0    0     0     4 41890 44791 13  1 85  0  0 2026-10-01 09:01:00
 2  0      0 31074756  18224 440380    0    0     0     0 44550 46786 12  1 87  0  0 2026-10-01 09:01:01
 1  0      0 31004980  18224 440540    0    0     0     0 55433 54075 19  2 79  0  0 2026-10-01 09:01:02
16  0      0 30895360  18224 440892    0    0     0     0 58989 54293 19  2 78  0  0 2026-10-01 09:01:03
 1  0      0 30785436  18224 441596    0    0     0     0 66889 56755 24  3 73  0  0 2026-10-01 09:01:04
 2  0      0 30694376  18232 442140    0    0     0    48 73267 64443 25  3 72  0  0 2026-10-01 09:01:05
 1  0      0 30556848  18232 442868    0    0     0     4 75241 58573 31  4 66  0  0 2026-10-01 09:01:06
16  0      0 30412384  18232 443772    0    0     0   180 82305 62168 30  4 66  0  0 2026-10-01 09:01:07
10  0      0 30309216  18232 444580    0    0     0     0 86613 67176 32  4 64  0  0 2026-10-01 09:01:08
 1  0      0 30163168  18232 445316    0    0     0     0 94118 65028 37  5 58  0  0 2026-10-01 09:01:09
 1  0      0 30016728  18232 446300    0    0     0     0 96403 68219 33  4 64  0  0 2026-10-01 09:01:10
 2  0      0 29936592  18240 446948    0    0     0    12 99931 67508 39  5 56  0  0 2026-10-01 09:01:11
 3  0      0 29788480  18240 447756    0    0     0     4 109225 73767 39  5 56  0  0 2026-10-01 09:01:12
 3  0      0 29690452  18240 448604    0    0     0     0 109016 69659 42  5 52  0  0 2026-10-01 09:01:13
16  0      0 29526264  18240 449340    0    0     0     0 110329 67566 44  5 52  0  0 2026-10-01 09:01:14
procs -----------memory---------- ---swap-- -----io---- -system-- ------cpu----- -----timestamp-----
 r  b   swpd   free   buff  cache   si   so    bi    bo   in   cs us sy id wa st                 UTC
16  0      0 29382292  18240 450260    0    0     0     0 112836 66936 46  6 48  0  0 2026-10-01 09:01:15
16  0      0 29249504  18240 450900    0    0     0     0 109435 59260 48  5 47  0  0 2026-10-01 09:01:16
 0  0      0 29127564  18248 451764    0    0     0    12 115526 67006 46  5 48  0  0 2026-10-01 09:01:17
 4  0      0 28919056  18248 452540    0    0     0     4 121886 63114 49  6 45  0  0 2026-10-01 09:01:18
 9  0      0 28837104  18248 453196    0    0     0     0 115049 59304 51  6 43  0  0 2026-10-01 09:01:19
 1  0      0 28634424  18248 454172    0    0     0     0 116845 52976 51  6 42  0  0 2026-10-01 09:01:20
 9  0      0 28591820  18248 454564    0    0     0     0 109512 57140 48  5 47  0  0 2026-10-01 09:01:21
16  0      0 28490808  18248 455124    0    0     0     0 118638 52859 54  6 40  0  0 2026-10-01 09:01:22
 2  0      0 28482968  18256 455772    0    0     0    16 120499 74622 38  5 57  0  0 2026-10-01 09:01:23
16  0      0 28330536  18256 456324    0    0     0     0 121243 54543 50  6 44  0  0 2026-10-01 09:01:24
 3  0      0 28220244  18256 456836    0    0     0    12 117824 50621 52  5 43  0  0 2026-10-01 09:01:25
13  0      0 28055800  18256 457404    0    0     0     0 124588 49971 55  6 39  0  0 2026-10-01 09:01:26
 9  0      0 28049920  18256 458076    0    0     0     0 119876 65614 40  5 54  0  0 2026-10-01 09:01:27
16  0      0 27801168  18256 458324    0    0     0     0 130332 50004 54  7 40  0  0 2026-10-01 09:01:28
16  0      0 27796996  18264 458812    0    0     0    28 114275 49572 54  6 40  0  0 2026-10-01 09:01:29
13  0      0 27793472  18264 459440    0    0     0    52 118709 61558 44  6 50  0  0 2026-10-01 09:01:30
 6  0      0 27771604  18264 459880    0    0     0     0 122484 64765 41  6 52  0  0 2026-10-01 09:01:31
 4  0      0 27670788  18264 460048    0    0     0     0 123880 49758 57  6 38  0  0 2026-10-01 09:01:32
16  0      0 27628788  18264 460632    0    0     0     0 122509 59434 48  6 46  0  0 2026-10-01 09:01:33
 0  0      0 27621396  18264 461136    0    0     0     0 121982 64491 40  6 54  0  0 2026-10-01 09:01:34
 0  0      0 27493972  18272 461544    0    0     0    20 128556 55672 51  6 43  0  0 2026-10-01 09:01:35
procs -----------memory---------- ---swap-- -----io---- -system-- ------cpu----- -----timestamp-----
 r  b   swpd   free   buff  cache   si   so    bi    bo   in   cs us sy id wa st                 UTC
17  0      0 27432040  18272 461800    0    0     0     0 124947 64881 43  6 51  0  0 2026-10-01 09:01:36
 5  0      0 27355404  18272 462344    0    0     0     0 127682 57721 48  6 46  0  0 2026-10-01 09:01:37
14  0      0 27279328  18272 462832    0    0     0     0 122578 54145 52  6 42  0  0 2026-10-01 09:01:38
16  0      0 27274680  18272 463040    0    0     0     0 122222 67876 37  6 57  0  0 2026-10-01 09:01:39
 2  0      0 27168116  18280 463296    0    0     0    20 127051 52646 52  7 41  0  0 2026-10-01 09:01:40
 7  0      0 27069416  18280 463928    0    0     0     4 123409 51324 53  6 41  0  0 2026-10-01 09:01:41
 0  0      0 27066140  18280 464000    0    0     0     0 124644 75478 32  6 62  0  0 2026-10-01 09:01:42
 2  0      0 26919656  18280 464392    0    0     0     0 128363 49828 56  7 37  0  0 2026-10-01 09:01:43
 4  0      0 26915212  18280 464840    0    0     0     0 122418 64818 40  5 55  0  0 2026-10-01 09:01:44
 0  0      0 26803380  18280 465240    0    0     0     0 126964 55662 52  6 42  0  0 2026-10-01 09:01:45
16  0      0 26799436  18288 465416    0    0     0    12 122200 67751 40  6 55  0  0 2026-10-01 09:01:46
12  0      0 26642972  18288 465768    0    0     0     0 136994 64382 45  7 48  0  0 2026-10-01 09:01:47
16  0      0 26599016  18288 465784    0    0     0     0 118969 60806 46  6 48  0  0 2026-10-01 09:01:48
 0  0      0 26515436  18288 466480    0    0     0     0 135067 63890 47  7 46  0  0 2026-10-01 09:01:49
16  0      0 26443488  18288 466848    0    0     0     0 122217 51500 55  6 39  0  0 2026-10-01 09:01:50
 0  0      0 26438308  18288 467056    0    0     0     0 121307 71979 31  6 64  0  0 2026-10-01 09:01:51
16  0      0 26305504  18296 467056    0    0     0    12 135056 58191 51  6 43  0  0 2026-10-01 09:01:52
 8  0      0 26302888  18296 467624    0    0     0     0 123299 62816 42  6 51  0  0 2026-10-01 09:01:53
 1  0      0 26217016  18296 468008    0    0     0     0 123325 53790 53  6 41  0  0 2026-10-01 09:01:54
 0  0      0 26213492  18296 468064    0    0     0     0 122794 76802 33  5 62  0  0 2026-10-01 09:01:55
16  0      0 26063192  18296 468392    0    0     0     0 130798 54899 54  6 40  0  0 2026-10-01 09:01:56
procs -----------memory---------- ---swap-- -----io---- -system-- ------cpu----- -----timestamp-----
 r  b   swpd   free   buff  cache   si   so    bi    bo   in   cs us sy id wa st                 UTC
16  1      0 26057200  18304 468424    0    0     0    12 124762 73157 35  5 60  0  0 2026-10-01 09:01:57
17  0      0 26005072  18304 468888    0    0     0     0 121743 57110 52  6 43  0  0 2026-10-01 09:01:58
 0  0      0 25979308  18304 469048    0    0     0     0 141442 84918 44  7 49  0  0 2026-10-01 09:01:59
 1  0      0 27169144  18304 469416    0    0     0     0 22385 9674  1  1 99  0  0 2026-10-01 09:02:00
 2  0      0 31229332  18304 440560    0    0     0     0 72292  710  0  5 95  0  0 2026-10-01 09:02:01
 0  0      0 31226820  18304 440564    0    0     0     0 20835  213  0  0 100  0  0 2026-10-01 09:02:02
 0  0      0 31226316  18312 440568    0    0     0    36   80  127  0  0 100  0  0 2026-10-01 09:02:03
 0  0      0 31226064  18312 440572    0    0     0     0   93  161  0  0 100  0  0 2026-10-01 09:02:04
 0  0      0 31226064  18312 440572    0    0     0    28   89  125  0  0 100  0  0 2026-10-01 09:02:05
 1  0      0 31225560  18312 440572    0    0     0   596  217  263  0  0 100  0  0 2026-10-01 09:02:06
