procs -----------memory---------- ---swap-- -----io---- -system-- ------cpu----- -----timestamp-----
 r  b   swpd   free   buff  cache   si   so    bi    bo   in   cs us sy id wa st                 UTC
 0  0      0 31235688  16652 437108    0    0    32     2 1283  866  7  2 92  0  0 2026-10-01 08:39:25
 0  0      0 31226920  16652 437112    0    0     0     0 1850 1693  1  0 99  0  0 2026-10-01 08:39:26
 0  0      0 31223672  16652 437112    0    0     0     0 3890 2653  2  0 98  0  0 2026-10-01 08:39:27
 0  0      0 31223672  16652 437112    0    0     0     0   71  118  0  0 100  0  0 2026-10-01 08:39:28
 0  0      0 31223672  16652 437112    0    0     0     0   64  115  0  0 100  0  0 2026-10-01 08:39:29
 1  0      0 31189708  16660 437112    0    0     0    64 26636 25756  7  1 92  0  0 2026-10-01 08:39:30
 0  0      0 31137912  16660 437112    0    0     0     4 41491 43963 12  2 87  0  0 2026-10-01 08:39:31
 2  0      0 31060380  16660 437112    0    0     0   596 50214 50418 15  2 83  0  0 2026-10-01 08:39:32
 0  0      0 30983352  16660 437240    0    0     0     0 57151 57049 17  2 81  0  0 2026-10-01 08:39:33
 3  0      0 30867908  16660 437752    0    0     0     0 64280 56183 23  3 73  0  0 2026-10-01 08:39:34
 1  0      0 30782532  16660 438496    0    0     0     0 67379 59976 22  3 75  0  0 2026-10-01 08:39:35
 1  0      0 30666844  16668 439360    0    0     0    36 71786 56515 30  3 67  0  0 2026-10-01 08:39:36
16  0      0 30565792  16668 440080    0    0     0     4 75833 60388 27  3 69  0  0 2026-10-01 08:39:37
 1  0      0 30438676  16668 441016    0    0     0     0 82628 62374 33  4 63  0  0 2026-10-01 08:39:38
16  0      0 30336484  16668 441728    0    0     0     0 79633 59113 32  3 64  0  0 2026-10-01 08:39:39
 1  0      0 30166948  16668 442520    0    0     0     0 92137 65309 33  4 63  0  0 2026-10-01 08:39:40
 1  0      0 30137640  16668 443120    0    0     0     0 87592 62171 35  4 61  0  0 2026-10-01 08:39:41
 2  0      0 30055796  16676 443800    0    0     0   508 92692 62847 35  4 62  0  0 2026-10-01 08:39:42
 4  0      0 29847312  16676 444408    0    0     0     4 93912 64423 33  4 62  0  0 2026-10-01 08:39:43
 3  0      0 29842728  16676 445088    0    0     0     0 93472 59979 39  4 57  0  0 2026-10-01 08:39:44
16  0      0 29596588  16676 445528    0    0     0     0 101390 61862 37  5 58  0  0 2026-10-01 08:39:45
procs -----------memory---------- ---swap-- -----io---- -system-- ------cpu----- -----timestamp-----
 r  b   swpd   free   buff  cache   si   so    bi    bo   in   cs us sy id wa st                 UTC
 1  0      0 29590484  16676 446304    0    0     0     0 95903 63154 40  5 55  0  0 2026-10-01 08:39:46
11  0      0 29425676  16676 446800    0    0     0     0 109290 68682 38  5 57  0  0 2026-10-01 08:39:47
 3  0      0 29422068  16684 447424    0    0     0    20 100463 65415 41  4 55  0  0 2026-10-01 08:39:48
 1  0      0 29267412  16684 448048    0    0     0     4 108245 67352 38  6 57  0  0 2026-10-01 08:39:49
 3  0      0 29261532  16684 448528    0    0     0     0 105001 62957 42  5 53  0  0 2026-10-01 08:39:50
 5  0      0 29011852  16684 449168    0    0     0     0 114470 59188 43  6 51  0  0 2026-10-01 08:39:51
15  0      0 29006344  16684 449648    0    0     0     0 110414 64514 45  5 51  0  0 2026-10-01 08:39:52
 0  0      0 28988208  16684 449936    0    0     0     0 112491 75827 32  5 62  0  0 2026-10-01 08:39:53
10  0      0 28653440  16692 450640    0    0     0    12 118188 61425 43  6 51  0  0 2026-10-01 08:39:54
 2  0      0 28650096  16692 451016    0    0     0     4 112651 69209 42  5 53  0  0 2026-10-01 08:39:55
 0  0      0 28590808  16692 451520    0    0     0     0 111210 71019 34  5 61  0  0 2026-10-01 08:39:56
 1  0      0 28477044  16692 452000    0    0     0     0 120684 59842 47  5 48  0  0 2026-10-01 08:39:57
 3  0      0 28474272  16692 452520    0    0     0     0 113032 62342 45  6 50  0  0 2026-10-01 08:39:58
 0  0      0 28391592  16700 452832    0    0     0    12 124462 61829 47  5 48  0  0 2026-10-01 08:39:59
15  0      0 28386944  16700 453312    0    0     0     0 119401 72212 38  5 57  0  0 2026-10-01 08:40:00
 5  0      0 28261256  16700 453948    0    0     0     8 119600 60755 44  6 50  0  0 2026-10-01 08:40:01
 9  0      0 28152768  16700 454388    0    0     0     0 127464 62677 50  6 44  0  0 2026-10-01 08:40:02
16  0      0 28081236  16700 454892    0    0     0     0 124557 73362 37  5 58  0  0 2026-10-01 08:40:03
 1  0      0 27893104  16700 455332    0    0     0     0 131701 63076 47  7 46  0  0 2026-10-01 08:40:04
 2  0      0 27889004  16708 455500    0    0     0    36 118695 62028 48  5 46  0  0 2026-10-01 08:40:05
 5  0      0 27886932  16708 455980    0    0     0   232 126650 80669 30  5 64  0  0 2026-10-01 08:40:06
procs -----------memory---------- ---swap-- -----io---- -system-- ------cpu----- -----timestamp-----
 r  b   swpd   free   buff  cache   si   so    bi    bo   in   cs us sy id wa st                 UTC
 0  0      0 27742180  16708 456396    0    0     0     4 122139 53609 52  6 42  0  0 2026-10-01 08:40:07
 2  0      0 27740196  16708 456644    0    0     0     0 116987 67777 42  6 52  0  0 2026-10-01 08:40:08
 0  0      0 27735128  16708 457220    0    0     0     0 116703 71327 34  6 60  0  0 2026-10-01 08:40:09
 0  0      0 27663532  16708 457260    0    0     0     0 120636 54289 53  6 41  0  0 2026-10-01 08:40:10
16  0      0 27661104  16716 457780    0    0     0    12 125748 78242 32  6 62  0  0 2026-10-01 08:40:11
 3  0      0 27537512  16716 458324    0    0     0     0 125581 53660 53  6 41  0  0 2026-10-01 08:40:12
11  0      0 27445652  16716 458428    0    0     0     4 127703 60709 48  7 46  0  0 2026-10-01 08:40:13
 0  0      0 27441344  16716 459036    0    0     0     0 122092 68809 37  6 57  0  0 2026-10-01 08:40:14
 0  0      0 27354520  16716 459060    0    0     0     0 126059 58729 50  5 44  0  0 2026-10-01 08:40:15
16  0      0 27346828  16724 459876    0    0     0    12 118711 64153 43  5 52  0  0 2026-10-01 08:40:16
 5  0      0 27190480  16724 460108    0    0     0     0 134051 66222 43  6 51  0  0 2026-10-01 08:40:17
16  0      0 27033096  16724 460724    0    0     0     0 129250 56009 51  6 42  0  0 2026-10-01 08:40:18
 7  0      0 26999888  16724 460732    0    0     0     4 129620 74156 36  6 58  0  0 2026-10-01 08:40:19
 5  0      0 26886912  16724 460812    0    0     0     0 121624 49693 58  5 37  0  0 2026-10-01 08:40:20
 1  0      0 26879972  16724 461340    0    0     0     0 127385 78589 30  6 65  0  0 2026-10-01 08:40:21
 3  0      0 26814592  16732 461340    0    0     0    12 114105 52495 55  5 40  0  0 2026-10-01 08:40:22
13  0      0 26812140  16732 461972    0    0     0     0 125962 77303 32  5 63  0  0 2026-10-01 08:40:23
 6  0      0 26714928  16732 462036    0    0     0     0 122605 55444 52  7 41  0  0 2026-10-01 08:40:24
 3  0      0 26712184  16732 462156    0    0     0     4 117474 65268 37  6 58  0  0 2026-10-01 08:40:25
 1  0      0 26582236  16732 462740    0    0     0     0 130661 59292 50  7 43  0  0 2026-10-01 08:40:26
 2  0      0 26579044  16732 462764    0    0     0     0 127666 81556 36  6 58  0  0 2026-10-01 08:40:27
procs -----------memory---------- ---swap-- -----io---- -system-- ------cpu----- -----timestamp-----
 r  b   swpd   free   buff  cache   si   so    bi    bo   in   cs us sy id wa st                 UTC
 7  0      0 26455488  16740 463404    0    0     0    12 131451 53606 54  7 39  0  0 2026-10-01 08:40:28
 0  0      0 26454480  16740 463404    0    0     0     0 124539 78071 29  6 65  0  0 2026-10-01 08:40:29
 0  0      0 26345896  16740 463660    0    0     0     0 93872 67356 47  4 48  0  0 2026-10-01 08:40:30
 1  0      0 31147272  16740 447348    0    0     0     4 39988 2968  0  5 95  0  0 2026-10-01 08:40:31
 0  0      0 31219760  16740 437296    0    0     0     0 49104  272  0  1 99  0  0 2026-10-01 08:40:32
 0  0      0 31219760  16740 437296    0    0     0     0   75  133  0  0 100  0  0 2026-10-01 08:40:33
 0  0      0 31219760  16748 437296    0    0     0    28   87  140  0  0 100  0  0 2026-10-01 08:40:34
