procs -----------memory---------- ---swap-- -----io---- -system-- ------cpu----- -----timestamp-----
 r  b   swpd   free   buff  cache   si   so    bi    bo   in   cs us sy id wa st                 UTC
 1  0      0 2663240  46892 911348    0    0    63   135  601  350  2  1 97  0  0 2026-10-01 08:39:25
 2  0      0 2916048  47052 637616    0    0     0  9072  997 1836  4  5 89  3  0 2026-10-01 08:39:26
 0  0      0 2856924  48464 640900    0    0     0 21152 6176 11258 45  5 28 22  0 2026-10-01 08:39:27
 0  0      0 2856924  48464 640900    0    0     0   472   66   51  0  0 99  0  0 2026-10-01 08:39:28
 0  0      0 2856924  48464 640900    0    0     0     0   33   42  0  0 100  0  0 2026-10-01 08:39:29
 0  0      0 2847124  48524 641596    0    0     0   368 2308 1864  8  1 90  1  0 2026-10-01 08:39:30
 2  0      0 2803304  49044 647292    0    0     0  2772 13291 10583 48  5 36 11  0 2026-10-01 08:39:31
 2  0      0 2782752  49308 651524    0    0     0  1420 10753 7766 35  4 55  6  0 2026-10-01 08:39:32
 2  0      0 2733068  49532 656608    0    0     0  1180 14920 9606 48  7 41  5  0 2026-10-01 08:39:33
 2  0      0 2696748  49792 662728    0    0     0  1452 15905 8030 63  6 26  5  0 2026-10-01 08:39:34
 2  0      0 2680480  49948 668520    0    0     0   876 16542 8195 60  6 31  4  0 2026-10-01 08:39:35
 3  0      0 2611848  50136 675520    0    0     0  1088 19309 6153 69 10 17  4  0 2026-10-01 08:39:36
 3  0      0 2548944  50292 681800    0    0     0   796 20337 8842 65  9 23  3  0 2026-10-01 08:39:37
 3  0      0 2531692  50412 689592    0    0     0   708 21389 3372 85  7  5  3  0 2026-10-01 08:39:38
 3  0      0 2511908  50552 697300    0    0     0   976 22630 4928 80  7  9  3  0 2026-10-01 08:39:39
 3  0      0 2445476  50580 704724    0    0     0   208 24104 4136 83  8  9  1  0 2026-10-01 08:39:40
 3  0      0 2367456  50768 712292    0    0     0  1156 25200 3103 82 11  4  3  0 2026-10-01 08:39:41
 3  0      0 2317700  50884 719660    0    0     0   824 24051 1208 88 10  0  2  0 2026-10-01 08:39:42
 4  0      0 2306736  50928 727364    0    0     0   340 26953  979 88  9  1  1  0 2026-10-01 08:39:43
 3  0      0 2290032  50956 735364    0    0     0   224 27154  610 90  9  1  1  0 2026-10-01 08:39:44
 2  1      0 2258156  51024 742556    0    0     0  2268 28117 1715 84 13  2  2  0 2026-10-01 08:39:45
procs -----------memory---------- ---swap-- -----io---- -system-- ------cpu----- -----timestamp-----
 r  b   swpd   free   buff  cache   si   so    bi    bo   in   cs us sy id wa st                 UTC
 4  0      0 2178148  51088 750268    0    0     0   504 29115  866 90  9  0  1  0 2026-10-01 08:39:46
 3  0      0 2098960  51088 757324    0    0     0 75200 31309 1251 86 14  0  0  0 2026-10-01 08:39:47
 3  0      0 2052952  51088 763180    0    0     0  1028 28894  671 90 10  0  0  0 2026-10-01 08:39:48
 3  0      0 2040872  51108 770268    0    0     0   312 30745  557 88 11  1  1  0 2026-10-01 08:39:49
 3  0      0 2031868  51116 777712    0    0     0   212 33316  558 89 11  0  0  0 2026-10-01 08:39:50
 3  0      0 2022808  51124 784744    0    0     0   120 33778  523 91  9  0  0  0 2026-10-01 08:39:51
 3  0      0 2011508  51124 791052    0    0     0 48160 33623 1767 85 14  1  0  0 2026-10-01 08:39:52
 3  0      0 1950732  51128 797832    0    0     0   320 35139  588 84 16  0  1  0 2026-10-01 08:39:53
 3  0      0 1868372  51128 804688    0    0     0     8 36692  548 85 15  0  0  0 2026-10-01 08:39:54
 4  0      0 1788832  51128 811036    0    0     0     0 35950  529 86 14  0  0  0 2026-10-01 08:39:55
 3  0      0 1758340  51128 815976    0    0     0     0 34699  547 89 11  0  0  0 2026-10-01 08:39:56
 3  0      0 1743472  51128 822704    0    0     0     0 36546  473 84 17  0  0  0 2026-10-01 08:39:57
 3  0      0 1731616  51132 828616    0    0     0   104 38222  658 87 13  1  0  0 2026-10-01 08:39:58
 3  0      0 1717000  51132 834692    0    0     0     0 35748  520 88 13  0  0  0 2026-10-01 08:39:59
 4  0      0 1705236  51140 840548    0    0     0   208 38926  857 84 16  0  0  0 2026-10-01 08:40:00
 3  0      0 1694984  51140 846644    0    0     0   152 34643 1747 86 11  2  0  1 2026-10-01 08:40:01
 3  0      0 1681964  51140 852284    0    0     0     0 42341 2372 82 16  2  0  0 2026-10-01 08:40:02
 4  0      0 1605764  51156 858332    0    0     0   216 40211  568 84 16  0  1  0 2026-10-01 08:40:03
 3  0      0 1536980  51156 863320    0    0     0     0 40739 3006 80 17  3  0  0 2026-10-01 08:40:04
 3  0      0 1458116  51184 868904    0    0     0   224 43727  618 85 15  0  0  0 2026-10-01 08:40:05
 3  0      0 1399824  51184 872608    0    0     0    16 30005  531 88 12  0  0  0 2026-10-01 08:40:06
procs -----------memory---------- ---swap-- -----io---- -system-- ------cpu----- -----timestamp-----
 r  b   swpd   free   buff  cache   si   so    bi    bo   in   cs us sy id wa st                 UTC
 3  0      0 1382636  51192 879072    0    0     0  3272 47544  898 82 17  0  1  0 2026-10-01 08:40:07
 3  0      0 1376588  51192 883416    0    0     0     0 30871  482 90 10  0  0  0 2026-10-01 08:40:08
 3  0      0 1369812  51192 888280    0    0     0     0 44505 3559 76 19  6  0  0 2026-10-01 08:40:09
 3  0      0 1363272  51192 894056    0    0     0     0 50262 1589 78 19  3  0  0 2026-10-01 08:40:10
 3  0      0 1358244  51192 898576    0    0     0     0 34650  483 88 12  1  0  0 2026-10-01 08:40:11
 3  0      0 1350180  51204 905376    0    0     0  3540 49468 1672 81 18  2  0  0 2026-10-01 08:40:12
 3  0      0 1343892  51204 910484    0    0     0    88 42285  532 86 15  0  0  0 2026-10-01 08:40:13
 3  0      0 1339872  51204 914036    0    0     0     0 44986 7545 73 16 11  0  0 2026-10-01 08:40:14
 3  0      0 1312768  51204 919720    0    0     0     0 51360  689 82 18  0  0  0 2026-10-01 08:40:15
 3  0      0 1256624  51212 923132    0    0     0   208 38849 7027 72 16 12  0  0 2026-10-01 08:40:16
 3  0      0 1177112  51212 928004    0    0     0     0 50412  704 79 21  0  0  0 2026-10-01 08:40:17
 3  0      0 1130492  51212 930632    0    0     0 46536 40745 10717 70 16 14  1  0 2026-10-01 08:40:18
 3  0      0 1049480  51212 935332    0    0     0     0 50502  628 81 19  0  0  0 2026-10-01 08:40:19
 3  0      0 995944  51212 938512    0    0     0     0 51706 16082 58 16 25  0  0 2026-10-01 08:40:20
 3  0      0 954284  51216 941004    0    0     0   264 30236  415 91 10  0  0  0 2026-10-01 08:40:21
 3  0      0 942992  51216 944332    0    0     0   176 53286  687 79 21  0  0  0 2026-10-01 08:40:22
 3  0      0 935796  51272 949924    0    0     0 82656 37196 1301 87 13  0  0  0 2026-10-01 08:40:23
 3  0      0 926008  51272 954008    0    0     0    12 57169  684 77 24  0  0  0 2026-10-01 08:40:24
 3  0      0 922732  51272 956540    0    0     0     0 47481 22869 46 13 41  0  0 2026-10-01 08:40:25
 3  0      0 918952  51272 959192    0    0     0     0 38305  668 86 13  1  0  0 2026-10-01 08:40:26
 1  0      0 913916  51272 963772    0    0     0     0 56411 7433 71 21  8  0  0 2026-10-01 08:40:27
procs -----------memory---------- ---swap-- -----io---- -system-- ------cpu----- -----timestamp-----
 r  b   swpd   free   buff  cache   si   so    bi    bo   in   cs us sy id wa st                 UTC
 3  0      0 909644  51280 967840    0    0     0 31588 42614 5742 82 13  4  0  0 2026-10-01 08:40:28
 4  0      0 899520  51292 971888    0    0     0   172 59051 3341 76 20  4  0  0 2026-10-01 08:40:29
 1  0      0 893276  51292 974400    0    0     0     8 48077 24373 45 19 37  0  0 2026-10-01 08:40:30
 2  0      0 893276  51292 974516    0    0     0     0  908  832  0  0 99  0  0 2026-10-01 08:40:31
 3  0      0 927384  51292 970260    0    0     0     0 52972 39491 10 21 69  0  0 2026-10-01 08:40:32
 1  0      0 941144  51292 962500    0    0     0  2500 17555 14299  5  4 92  0  0 2026-10-01 08:40:33
 1  0      0 924796  51296 962500    0    0     0   136  328  472  4  2 95  0  0 2026-10-01 08:40:34
