procs -----------memory---------- ---swap-- -----io---- -system-- ------cpu----- -----timestamp-----
 r  b   swpd   free   buff  cache   si   so    bi    bo   in   cs us sy id wa st                 UTC
 1  0      0 1263128  57444 872084    0    0    74   149 1658  734  3  2 94  0  0 2026-10-01 08:39:25
 0  2      0 1347784  57564 747528    0    0     0  9612 1703 2872  8  7 82  4  0 2026-10-01 08:39:26
 0  0      0 1312308  58632 750468    0    0     0 23752 7370 11658 42  9 29 20  0 2026-10-01 08:39:27
 0  0      0 1312308  58652 750468    0    0     0   212  369  591  0  0 99  1  0 2026-10-01 08:39:28
 0  0      0 1312308  58652 750468    0    0     0     0  225  388  0  0 100  0  0 2026-10-01 08:39:29
 1  0      0 1306604  58700 750744    0    0     0   468 7394 4950  5  3 90  2  0 2026-10-01 08:39:30
 1  0      0 1288020  58840 752932    0    0     0  1560 35292 21380 17 14 64  4  0 2026-10-01 08:39:31
 3  0      0 1249508  59088 757248    0    0     0  1968 36826 23470 37 18 39  6  1 2026-10-01 08:39:32
 2  0      0 1218124  59200 760716    0    0     0  1184 45758 26976 34 23 42  2  0 2026-10-01 08:39:33
 2  1      0 1200164  59364 765980    0    0     0  1496 51030 28821 47 27 24  2  0 2026-10-01 08:39:34
 3  0      0 1163284  59532 771504    0    0     0  1508 54553 29991 51 29 18  2  0 2026-10-01 08:39:35
 4  0      0 1107800  59716 778088    0    0     0  1600 60049 26739 63 33  3  2  0 2026-10-01 08:39:36
 2  0      0 1062876  59776 783428    0    0     0   720 61005 28412 61 33  5  1  0 2026-10-01 08:39:37
 4  0      0 1038880  59896 789560    0    0     0  2704 66444 25091 64 36  0  1  0 2026-10-01 08:39:38
 5  0      0 1018752  59968 794856    0    0     0   896 67227 27307 62 36  1  1  0 2026-10-01 08:39:39
 8  0      0 979360  59996 799900    0    0     0   548 74529 32952 63 38  0  0  0 2026-10-01 08:39:40
 5  0      0 936676  60080 804316    0    0     0   736 74671 31511 57 43  0  0  0 2026-10-01 08:39:41
11  0      0 895884  60112 808588    0    0     0   440 76461 31255 56 44  0  0  0 2026-10-01 08:39:42
 6  0      0 850136  60168 812644    0    0     0  1136 77372 25353 54 46  1  0  0 2026-10-01 08:39:43
 7  0      0 826676  60236 816640    0    0     0   644 77736 26218 52 48  0  0  0 2026-10-01 08:39:44
 6  0      0 809404  60244 820300    0    0     0   264 79414 25664 56 44  0  0  0 2026-10-01 08:39:45
procs -----------memory---------- ---swap-- -----io---- -system-- ------cpu----- -----timestamp-----
 r  b   swpd   free   buff  cache   si   so    bi    bo   in   cs us sy id wa st                 UTC
 8  0      0 788604  60316 825188    0    0     0  1308 79881 17189 54 46  0  1  0 2026-10-01 08:39:46
 6  0      0 770536  60376 828404    0    0     0 41956 82277 23594 52 47  0  0  0 2026-10-01 08:39:47
 6  0      0 756808  60408 832516    0    0     0  1088 81817 20297 54 47  0  0  0 2026-10-01 08:39:48
 6  0      0 734524  60468 836088    0    0     0  1288 84046 21341 53 47  0  0  0 2026-10-01 08:39:49
 8  0      0 708112  60512 840020    0    0     0  1136 86715 19749 46 54  0  0  0 2026-10-01 08:39:50
 7  0      0 675736  60564 843320    0    0     0  1168 84486 20413 51 49  0  0  0 2026-10-01 08:39:51
 6  0      0 634424  60604 846604    0    0     0 17240 89852 19041 44 56  0  0  0 2026-10-01 08:39:52
 9  0      0 606248  60644 849452    0    0     0  1108 87704 18022 50 50  0  0  0 2026-10-01 08:39:53
 6  0      0 570944  60684 853524    0    0     0  1072 85713 13458 50 51  0  0  0 2026-10-01 08:39:54
 9  0      0 547240  60720 855252    0    0     0  1036 87282 14829 54 46  0  0  0 2026-10-01 08:39:55
 6  0      0 538204  60752 858388    0    0     0  1080 90776 15696 45 55  0  0  0 2026-10-01 08:39:56
 8  0      0 526504  60772 862080    0    0     0   976 89279 13064 48 52  0  0  0 2026-10-01 08:39:57
 7  0      0 514468  60788 864728    0    0     0  1284 89010 12476 51 50  0  0  0 2026-10-01 08:39:58
 7  0      0 505996  60800 867724    0    0     0  1140 87486 12731 45 55  0  0  0 2026-10-01 08:39:59
 5  0      0 495724  60816 870952    0    0     0  1140 91106 11960 47 53  0  0  0 2026-10-01 08:40:00
 4  0      0 487316  60836 873720    0    0     0  1004 87097 6596 42 59  0  0  0 2026-10-01 08:40:01
 4  0      0 471168  60844 876492    0    0     0  1036 91137 6708 43 57  0  0  0 2026-10-01 08:40:02
 5  0      0 459000  60860 879224    0    0     0   924 90656 8839 47 53  0  0  0 2026-10-01 08:40:03
 7  0      0 439492  60876 882304    0    0     0   896 91865 7624 43 58  0  0  0 2026-10-01 08:40:04
 4  0      0 432220  60912 884336    0    0     0   840 91095 8375 45 55  0  0  0 2026-10-01 08:40:05
 4  0      0 409084  60952 887172    0    0     0   832 88672 12743 43 57  0  0  0 2026-10-01 08:40:06
procs -----------memory---------- ---swap-- -----io---- -system-- ------cpu----- -----timestamp-----
 r  b   swpd   free   buff  cache   si   so    bi    bo   in   cs us sy id wa st                 UTC
 6  0      0 381104  61000 889856    0    0     0 38468 90880 5638 44 56  0  0  0 2026-10-01 08:40:07
 8  0      0 348968  61044 891976    0    0     0   880 87799 13676 43 57  0  0  0 2026-10-01 08:40:08
 6  0      0 311136  61076 894712    0    0     0   964 84872 10979 47 53  0  0  0 2026-10-01 08:40:09
 5  0      0 281176  61096 896444    0    0     0   660 92058 5059 42 58  0  0  0 2026-10-01 08:40:10
 5  0      0 255564  61112 898688    0    0     0   884 91270 8852 44 57  0  0  0 2026-10-01 08:40:11
 4  0      0 228928  61140 900832    0    0     0   628 88979 6338 45 55  0  0  0 2026-10-01 08:40:12
 4  0      0 221896  61156 902556    0    0     0   604 92144 6359 44 56  0  0  0 2026-10-01 08:40:13
 4  0      0 212608  61176 905944    0    0     0   572 87843 5520 43 57  0  0  0 2026-10-01 08:40:14
 5  0      0 205840  61196 907476    0    0     0   564 91799 5160 40 60  0  0  0 2026-10-01 08:40:15
 4  0      0 187220  61236 910132    0    0     0   564 88651 5659 42 58  0  0  0 2026-10-01 08:40:16
 4  0      0 171168  61268 912356    0    0     0   528 90450 8323 42 58  0  0  0 2026-10-01 08:40:17
 4  0      0 145820  61284 914376    0    0     0   504 90556 8588 46 54  0  0  1 2026-10-01 08:40:18
 6  0      0 137504  61308 916900    0    0     0   468 88883 4743 40 60  0  0  0 2026-10-01 08:40:19
 6  0      0 124172  61336 917920    0    0     0   516 87334 4429 44 56  0  0  0 2026-10-01 08:40:20
 4  0      0 107852  61352 921272    0    0     0   444 89373 11081 42 59  0  0  0 2026-10-01 08:40:21
 4  0      0 113684  61364 918412    0    0     0   432 91456 3843 44 56  0  0  0 2026-10-01 08:40:22
 4  0      0 115224  61380 911180    0    0     0   388 90827 9069 42 59  0  0  0 2026-10-01 08:40:23
 5  0      0 116396  61400 903668    0    0     0   432 89161 3566 35 65  0  0  0 2026-10-01 08:40:24
 4  0      0 108972  61400 893776    0    0     0   348 85443 4633 41 59  0  0  0 2026-10-01 08:40:25
 4  0      0 108280  60604 888116    0    0     0 20652 91322 9181 45 55  0  0  0 2026-10-01 08:40:26
 4  0      0 125160  57840 855348    0    0   300  8964 91818 4063 33 67  0  0  0 2026-10-01 08:40:27
procs -----------memory---------- ---swap-- -----io---- -system-- ------cpu----- -----timestamp-----
 r  b   swpd   free   buff  cache   si   so    bi    bo   in   cs us sy id wa st                 UTC
 4  0      0 107216  57464 855668    0    0    20  3876 94929 5316 42 58  0  0  0 2026-10-01 08:40:28
 4  0      0 118924  57416 797280    0    0     0  1476 86381 3702 40 60  0  0  0 2026-10-01 08:40:29
 4  0      0 115380  57440 798504    0    0     0   312 83958 6085 41 59  0  0  0 2026-10-01 08:40:30
 0  0      0 109360  57452 799656    0    0   316   304 5243 4110  8  3 88  1  0 2026-10-01 08:40:31
 5  0      0 210552  57472 785616    0    0 10316  4940 70135 19626 20 68 13  0  0 2026-10-01 08:40:32
