procs -----------memory---------- ---swap-- -----io---- -system-- ------cpu----- -----timestamp-----
 r  b   swpd   free   buff  cache   si   so    bi    bo   in   cs us sy id wa st                 UTC
 1  0      0 2648548  46136 915428    0    0    63   131  589  337  3  1 97  0  0 2026-10-01 08:39:25
 2  0      0 2920020  46324 635824    0    0     0  9100 1205 2012  5  5 88  3  0 2026-10-01 08:39:26
 0  0      0 2861656  47792 638992    0    0     0 21280 5860 10317 45  6 29 22  0 2026-10-01 08:39:27
 0  0      0 2861656  47792 639008    0    0     0     0   38   45  0  0 100  0  0 2026-10-01 08:39:28
 0  0      0 2861656  47792 639008    0    0     0   256   39   41  0  0 100  0  0 2026-10-01 08:39:29
 1  1      0 2851828  47876 639724    0    0     0   468 3462 3550 10  1 87  2  0 2026-10-01 08:39:30
 0  0      0 2815836  48120 642704    0    0     0  1428 17913 20438 32  7 56  5  0 2026-10-01 08:39:31
 2  0      0 2792456  48252 645480    0    0     0  1048 17544 18926 34  6 57  4  0 2026-10-01 08:39:32
 0  0      0 2772684  48516 650192    0    0     0  1456 18457 16328 44  8 43  6  0 2026-10-01 08:39:33
 2  0      0 2731228  48620 653776    0    0     0   652 19465 17644 42  8 48  3  0 2026-10-01 08:39:34
 2  0      0 2692516  48708 658104    0    0     0   580 19328 14597 53  7 38  2  0 2026-10-01 08:39:35
 2  0      0 2683544  48732 661964    0    0     0   152 21247 17379 50  8 42  0  0 2026-10-01 08:39:36
 4  0      0 2659436  48892 667048    0    0     0   924 20977 15154 53 10 35  3  0 2026-10-01 08:39:37
 3  0      0 2602380  49000 672432    0    0     0   700 21847 13081 61  8 29  2  0 2026-10-01 08:39:38
 3  0      0 2552568  49020 676864    0    0     0   140 21655 12747 58 10 31  1  0 2026-10-01 08:39:39
 3  0      0 2542608  49136 683180    0    0     0   680 23219 10328 73  8 18  2  0 2026-10-01 08:39:40
 3  0      0 2531576  49196 687916    0    0     0   484 24319 15435 56  9 33  2  1 2026-10-01 08:39:41
 3  0      0 2497664  49232 694396    0    0     0   208 25163 10096 73 10 17  1  0 2026-10-01 08:39:42
 4  0      0 2445080  49308 699348    0    0     0   476 25289 14733 55 13 30  2  0 2026-10-01 08:39:43
 3  0      0 2375992  49344 705644    0    0     0   204 23946 4930 80 11  9  1  0 2026-10-01 08:39:44
 1  0      0 2364412  49396 711316    0    0     0  2120 26312 10600 74  8 17  1  0 2026-10-01 08:39:45
procs -----------memory---------- ---swap-- -----io---- -system-- ------cpu----- -----timestamp-----
 r  b   swpd   free   buff  cache   si   so    bi    bo   in   cs us sy id wa st                 UTC
 3  1      0 2356592  49408 717572    0    0     0   236 25365 7741 75  8 16  1  0 2026-10-01 08:39:46
 1  0      0 2342308  49472 723780    0    0     0 80608 26706 8261 73 11 13  3  0 2026-10-01 08:39:47
 3  0      0 2313944  49504 729868    0    0     0  1260 27434 7704 76 10 14  1  0 2026-10-01 08:39:48
 4  0      0 2246488  49532 736048    0    0     0   192 28429 7745 77 10 12  0  0 2026-10-01 08:39:49
 4  0      0 2175816  49532 742208    0    0     0     8 28681 6059 74 16 10  0  0 2026-10-01 08:39:50
 3  0      0 2146108  49532 747608    0    0     0     0 26184 3061 86 10  5  0  0 2026-10-01 08:39:51
 4  0      0 2136916  49564 754188    0    0     0   216 29180 5652 81 11  7  1  0 2026-10-01 08:39:52
 3  0      0 2129452  49564 759928    0    0     0    64 30037 7865 79 10 11  0  0 2026-10-01 08:39:53
 2  1      0 2120884  49572 765224    0    0     0   108 30820 10477 70 12 17  0  0 2026-10-01 08:39:54
 3  0      0 2104264  49612 771776    0    0     0   180 30616 4192 83 12  5  1  0 2026-10-01 08:39:55
 3  0      0 2049608  49620 777192    0    0     0    88 33424 9421 74 12 14  0  0 2026-10-01 08:39:56
 3  0      0 1976708  49660 783168    0    0     0   212 32812 6151 77 12 10  0  0 2026-10-01 08:39:57
 2  0      0 1906412  49660 788744    0    0     0     0 33332 5063 79 14  6  0  0 2026-10-01 08:39:58
 3  0      0 1882512  49664 793460    0    0     0    92 32206  691 87 13  0  0  0 2026-10-01 08:39:59
 3  0      0 1872276  49664 799224    0    0     0     8 32142 2642 83 12  6  0  0 2026-10-01 08:40:00
 2  0      0 1865724  49664 804500    0    0     0     0 36831 8401 75 13 12  0  0 2026-10-01 08:40:01
 2  0      0 1860180  49664 810220    0    0     0     0 34681 3647 84 11  5  0  0 2026-10-01 08:40:02
 2  0      0 1851708  49664 815448    0    0     0     0 34821 6469 76 15  8  0  0 2026-10-01 08:40:03
 2  0      0 1838196  49672 820496    0    0     0    96 38407 9664 76 14 10  1  0 2026-10-01 08:40:04
 0  0      0 1800052  49672 825256    0    0     0     0 36051 8143 75 15 11  0  0 2026-10-01 08:40:05
 2  0      0 1732552  49672 830380    0    0     0    16 38988 4671 77 17  6  0  0 2026-10-01 08:40:06
procs -----------memory---------- ---swap-- -----io---- -system-- ------cpu----- -----timestamp-----
 r  b   swpd   free   buff  cache   si   so    bi    bo   in   cs us sy id wa st                 UTC
 2  0      0 1663504  49672 835432    0    0     0     8 37834 4013 78 15  7  0  0 2026-10-01 08:40:07
 2  0      0 1597228  49672 840000    0    0     0     0 40113 5782 75 16  9  0  0 2026-10-01 08:40:08
 2  0      0 1554876  49696 842260    0    0     0   200 33502 10300 73 11 16  0  0 2026-10-01 08:40:09
 2  0      0 1543336  49696 846848    0    0     0     0 39415 2439 82 16  2  0  0 2026-10-01 08:40:10
 2  0      0 1538072  49696 852132    0    0     0     0 45590 1145 82 18  1  0  0 2026-10-01 08:40:11
 2  0      0 1534304  49696 856504    0    0     0     8 38538 6543 70 15 15  0  1 2026-10-01 08:40:12
 0  0      0 1528100  49696 861364    0    0     0     0 45539 3471 78 17  6  0  0 2026-10-01 08:40:13
 2  0      0 1523816  49700 865144    0    0     0    88 44244 12695 72 12 17  0  0 2026-10-01 08:40:14
 2  0      0 1518536  49700 869740    0    0     0     0 45119 6639 74 17  9  0  0 2026-10-01 08:40:15
 2  0      0 1514000  49700 874200    0    0     0    12 45919 4407 78 13  8  0  0 2026-10-01 08:40:16
 2  0      0 1509224  49700 878156    0    0     0   136 42447 5864 74 15 11  0  0 2026-10-01 08:40:17
 2  0      0 1468652  49728 881668    0    0     0 59032 49210 11591 67 20 12  2  0 2026-10-01 08:40:18
 2  0      0 1402668  49740 886276    0    0     0   136 44643 3827 77 17  5  0  0 2026-10-01 08:40:19
 2  0      0 1344260  49740 889296    0    0     0     0 49952 10553 68 15 17  0  0 2026-10-01 08:40:20
 2  0      0 1268252  49740 894036    0    0     0     0 43138 3749 77 18  5  0  0 2026-10-01 08:40:21
 2  0      0 1199736  49740 897624    0    0     0   708 46022 1738 78 20  2  0  0 2026-10-01 08:40:22
 2  0      0 1179544  49772 900172    0    0     0 97172 45536 1607 81 19  0  0  0 2026-10-01 08:40:23
 2  0      0 1174252  49784 904080    0    0     0   216 36365 1455 86 12  2  0  0 2026-10-01 08:40:24
 0  0      0 1169968  49784 907900    0    0     0     0 54504 7429 63 18 19  0  0 2026-10-01 08:40:25
 2  0      0 1164940  49800 912480    0    0     0  1000 43361 5805 77 15  7  0  0 2026-10-01 08:40:26
 4  0      0 1162924  49800 914568    0    0     0     0 51615 20420 57 18 25  0  0 2026-10-01 08:40:27
procs -----------memory---------- ---swap-- -----io---- -system-- ------cpu----- -----timestamp-----
 r  b   swpd   free   buff  cache   si   so    bi    bo   in   cs us sy id wa st                 UTC
 2  0      0 1156636  49820 919620    0    0     0  4820 45036 3546 81 15  4  0  1 2026-10-01 08:40:28
 0  0      0 1152856  49836 922400    0    0     0   804 47680 12296 65 14 20  1  0 2026-10-01 08:40:29
 0  0      0 1149580  49864 925676    0    0     0  2032 46246 13692 56 18 26  1  0 2026-10-01 08:40:30
 0  0      0 1149580  49864 925824    0    0     0     0 1834 1496  0  1 99  0  0 2026-10-01 08:40:31
 1  0      0 1149580  49864 922736    0    0     0     0 51239 38797 11 18 71  0  0 2026-10-01 08:40:32
 1  0      0 1179980  49864 915176    0    0     0   264 15417 12822  5  7 87  0  0 2026-10-01 08:40:33
