procs -----------memory---------- ---swap-- -----io---- -system-- ------cpu----- -----timestamp-----
 r  b   swpd   free   buff  cache   si   so    bi    bo   in   cs us sy id wa st                 UTC
 0  0      0 31211548  17208 438820    0    0    20     2 1875 1195 10  2 88  0  0 2026-10-01 08:46:44
 0  0      0 31204524  17208 438820    0    0     0     0 1722 1562  1  0 99  0  0 2026-10-01 08:46:45
 0  0      0 31204188  17208 438820    0    0     0     0 3016 2366  1  0 99  0  0 2026-10-01 08:46:46
 0  0      0 31204188  17208 438820    0    0     0     0  124  212  0  0 100  0  0 2026-10-01 08:46:47
 0  0      0 31204188  17208 438820    0    0     0     0   63  110  0  0 100  0  0 2026-10-01 08:46:48
12  0      0 31178260  17216 438820    0    0     0  1112 26307 24945  9  1 90  0  0 2026-10-01 08:46:49
10  0      0 31117808  17216 438820    0    0     0     0 47472 50226 12  2 87  0  0 2026-10-01 08:46:50
 0  0      0 31025784  17216 439012    0    0     0     0 53848 52307 19  2 80  0  0 2026-10-01 08:46:51
 0  0      0 30934004  17216 439428    0    0     0     0 62725 59743 21  2 77  0  0 2026-10-01 08:46:52
 1  0      0 30801792  17216 440068    0    0     0     0 66888 57480 24  3 73  0  0 2026-10-01 08:46:53
11  0      0 30660972  17216 441028    0    0     0     0 72887 59402 26  3 72  0  0 2026-10-01 08:46:54
 0  0      0 30587344  17224 441868    0    0     0    40 76027 67467 25  3 72  0  0 2026-10-01 08:46:55
 1  0      0 30461964  17224 442668    0    0     0     0 82238 62626 32  3 65  0  0 2026-10-01 08:46:56
 1  0      0 30354360  17224 443508    0    0     0     0 79051 58335 32  3 64  0  0 2026-10-01 08:46:57
 2  0      0 30227408  17224 444284    0    0     0     0 90329 68393 32  4 64  0  0 2026-10-01 08:46:58
 2  0      0 30151032  17224 444988    0    0     0     0 88503 64270 35  4 60  0  0 2026-10-01 08:46:59
 1  0      0 30077108  17224 445636    0    0     0     0 90773 63448 37  4 59  0  0 2026-10-01 08:47:00
 4  0      0 29870924  17232 446424    0    0     0    16 96108 67207 34  5 61  0  0 2026-10-01 08:47:01
16  0      0 29832312  17232 447064    0    0     0    28 96961 63802 43  5 52  0  0 2026-10-01 08:47:02
16  0      0 29712696  17232 447872    0    0     0     0 99582 65382 39  4 57  0  0 2026-10-01 08:47:03
16  0      0 29473576  17232 448424    0    0     0     0 105588 72103 38  5 57  0  0 2026-10-01 08:47:04
procs -----------memory---------- ---swap-- -----io---- -system-- ------cpu----- -----timestamp-----
 r  b   swpd   free   buff  cache   si   so    bi    bo   in   cs us sy id wa st                 UTC
 6  0      0 29462768  17232 449392    0    0     0     0 99529 62588 45  5 50  0  0 2026-10-01 08:47:05
16  0      0 29198476  17240 449840    0    0     0   212 100883 61233 39  6 54  0  0 2026-10-01 08:47:06
16  0      0 29189912  17240 450624    0    0     0     4 104930 62143 49  5 47  0  0 2026-10-01 08:47:07
16  0      0 28999148  17240 451360    0    0     0     0 110710 76853 33  6 61  0  0 2026-10-01 08:47:08
16  0      0 28901968  17240 451792    0    0     0     0 106238 55557 52  6 42  0  0 2026-10-01 08:47:09
 1  0      0 28896732  17240 452712    0    0     0     0 105893 70100 39  5 56  0  0 2026-10-01 08:47:10
 3  0      0 28574436  17240 453280    0    0     0     0 118452 52895 50  7 42  0  0 2026-10-01 08:47:11
 6  0      0 28568120  17248 453936    0    0     0    12 107915 62019 50  5 44  0  0 2026-10-01 08:47:12
16  0      0 28421628  17248 454368    0    0     0     4 113265 71826 36  5 59  0  0 2026-10-01 08:47:13
16  0      0 28310568  17248 454848    0    0     0     0 118375 54685 48  5 47  0  0 2026-10-01 08:47:14
16  0      0 28306316  17248 455504    0    0     0    12 112357 59218 47  6 47  0  0 2026-10-01 08:47:15
16  0      0 28008032  17248 456008    0    0     0     0 125198 54195 53  7 41  0  0 2026-10-01 08:47:16
16  0      0 28003188  17248 456728    0    0     0     0 108999 57177 48  6 46  0  0 2026-10-01 08:47:17
 7  0      0 27999156  17256 457184    0    0     0    28 110001 63587 47  5 48  0  0 2026-10-01 08:47:18
 6  0      0 27658620  17256 457800    0    0     0     4 131051 54371 53  6 41  0  0 2026-10-01 08:47:19
16  0      0 27652688  17256 458588    0    0     0     0 118134 60247 45  6 49  0  0 2026-10-01 08:47:20
 6  0      0 27648684  17256 459028    0    0     0     0 119857 63661 46  6 48  0  0 2026-10-01 08:47:21
 3  0      0 27600420  17256 459124    0    0     0     0 119443 60591 47  5 48  0  0 2026-10-01 08:47:22
16  0      0 27595800  17264 459684    0    0     0    12 118731 63027 42  5 53  0  0 2026-10-01 08:47:23
 9  0      0 27564636  17264 460212    0    0     0     0 123859 60891 53  6 41  0  0 2026-10-01 08:47:24
 6  0      0 27320652  17264 460476    0    0     0     8 138976 60715 53  7 39  0  0 2026-10-01 08:47:25
procs -----------memory---------- ---swap-- -----io---- -system-- ------cpu----- -----timestamp-----
 r  b   swpd   free   buff  cache   si   so    bi    bo   in   cs us sy id wa st                 UTC
 0  0      0 27315508  17264 461004    0    0     0     0 123881 71489 37  5 58  0  0 2026-10-01 08:47:26
16  0      0 27200156  17264 461524    0    0     0     0 123807 49400 56  6 38  0  0 2026-10-01 08:47:27
16  0      0 27194764  17264 462132    0    0     0     0 115118 54087 51  5 43  0  0 2026-10-01 08:47:28
 8  0      0 27190128  17272 462436    0    0     0    20 125188 66212 41  6 53  0  0 2026-10-01 08:47:29
 0  0      0 27111084  17272 462580    0    0     0     0 123369 52935 54  6 40  0  0 2026-10-01 08:47:30
 9  0      0 27108148  17272 463020    0    0     0     4 120644 69709 36  6 58  0  0 2026-10-01 08:47:31
 2  0      0 27027116  17272 463500    0    0     0     0 120025 49295 56  6 39  0  0 2026-10-01 08:47:32
16  0      0 26980580  17272 463508    0    0     0     0 117214 57601 48  5 47  0  0 2026-10-01 08:47:33
 3  0      0 26944856  17272 464004    0    0     0     0 125289 68762 39  6 55  0  0 2026-10-01 08:47:34
 4  0      0 26810568  17280 464004    0    0     0    12 131364 56413 51  6 42  0  0 2026-10-01 08:47:35
 0  0      0 26803628  17280 464492    0    0     0     0 111424 63104 36  5 59  0  0 2026-10-01 08:47:36
 4  0      0 26726128  17280 464844    0    0     0    36 128667 54584 54  6 40  0  0 2026-10-01 08:47:37
 3  0      0 26723412  17280 464916    0    0     0     0 121858 74357 34  6 60  0  0 2026-10-01 08:47:38
 4  0      0 26594952  17280 465388    0    0     0     0 127315 52639 54  6 40  0  0 2026-10-01 08:47:39
 1  0      0 26590332  17280 465924    0    0     0     0 123108 71635 38  6 56  0  0 2026-10-01 08:47:40
 7  0      0 26520648  17288 466148    0    0     0    12 122879 51157 55  6 39  0  0 2026-10-01 08:47:41
16  0      0 26518664  17288 466388    0    0     0     0 125471 71000 38  5 57  0  0 2026-10-01 08:47:42
 9  0      0 26342348  17288 466772    0    0     0     4 135426 53454 54  7 39  0  0 2026-10-01 08:47:43
16  0      0 26341844  17288 466812    0    0     0     0 122078 71604 33  5 61  0  0 2026-10-01 08:47:44
 8  0      0 26227548  17288 467380    0    0     0     0 122924 48006 55  6 39  0  0 2026-10-01 08:47:45
16  0      0 26222116  17288 467404    0    0     0     0 125310 70222 43  5 52  0  0 2026-10-01 08:47:46
procs -----------memory---------- ---swap-- -----io---- -system-- ------cpu----- -----timestamp-----
 r  b   swpd   free   buff  cache   si   so    bi    bo   in   cs us sy id wa st                 UTC
 0  0      0 26129216  17296 467980    0    0     0    12 129522 61195 49  6 44  0  0 2026-10-01 08:47:47
16  0      0 26129216  17296 467988    0    0     0     0 123721 70902 38  6 56  0  0 2026-10-01 08:47:48
 0  0      0 26020644  17296 467988    0    0     0     4 121167 72637 44  5 51  0  0 2026-10-01 08:47:49
 1  0      0 31107700  17296 466132    0    0     0     0 35683 2846  0  5 95  0  0 2026-10-01 08:47:50
 0  0      0 31229592  17296 439644    0    0     0     0 55436  596  0  2 98  0  0 2026-10-01 08:47:51
 0  0      0 31229592  17296 439644    0    0     0     0 4824  112  0  0 100  0  0 2026-10-01 08:47:52
 0  0      0 31229592  17304 439644    0    0     0    28   84  132  0  0 100  0  0 2026-10-01 08:47:53
