procs -----------memory---------- ---swap-- -----io---- -system-- ------cpu----- -----timestamp-----
 r  b   swpd   free   buff  cache   si   so    bi    bo   in   cs us sy id wa st                 UTC
 1  0      0 1803900  56620 1199372    0    0   127   261 3158 1044  5  4 90  0  0 2026-10-01 08:46:44
 4  1      0 1909056  56872 1079504    0    0   156  9584 1831 3276  5  6 84  5  0 2026-10-01 08:46:45
 0  0      0 1847372  57892 1082720    0    0     0 25200 7833 13151 50  7 20 23  0 2026-10-01 08:46:46
 0  0      0 1847372  57900 1082720    0    0     0   180  372  578  0  0 99  0  0 2026-10-01 08:46:47
 0  0      0 1847372  57900 1082720    0    0     0     0  246  398  0  0 100  0  0 2026-10-01 08:46:48
 2  1      0 1836132  57976 1083456    0    0     0   804 6383 5181  6  4 88  1  1 2026-10-01 08:46:49
 0  1      0 1786972  58396 1089828    0    0     0  4172 38726 31157 44 25 25  6  0 2026-10-01 08:46:50
 0  1      0 1743604  58612 1094468    0    0     0  1956 39570 26479 34 21 40  5  0 2026-10-01 08:46:51
 2  0      0 1661128  58892 1102116    0    0     0  2344 51953 33065 56 33 10  1  0 2026-10-01 08:46:52
 1  1      0 1612212  59056 1108516    0    0     0  1976 53725 34310 49 33 17  2  0 2026-10-01 08:46:53
 9  0      0 1565860  59288 1116576    0    0     0  1472 57237 31858 64 34  2  0  0 2026-10-01 08:46:54
 9  0      0 1490812  59568 1123748    0    0     0  1716 62870 35117 60 35  4  1  0 2026-10-01 08:46:55
 3  0      0 1413180  59628 1130392    0    0     0  1132 67357 35290 58 41  0  0  0 2026-10-01 08:46:56
11  0      0 1361172  59696 1136488    0    0     0  1380 69775 30034 58 42  0  1  0 2026-10-01 08:46:57
 9  0      0 1322760  59732 1142236    0    0     0  1064 74126 35395 57 42  1  1  0 2026-10-01 08:46:58
19  0      0 1284404  59800 1147760    0    0     0  1220 75480 32007 54 45  0  0  0 2026-10-01 08:46:59
 5  0      0 1247804  59852 1153324    0    0     0   724 74977 28065 56 44  0  0  0 2026-10-01 08:47:00
 6  0      0 1182680  59948 1158668    0    0     0  1176 78615 29165 53 46  0  1  0 2026-10-01 08:47:01
 7  0      0 1124092  60056 1163764    0    0     0  1436 81134 29419 49 50  0  0  0 2026-10-01 08:47:02
 5  0      0 1055440  60076 1167956    0    0     0   480 83129 28447 55 45  0  0  0 2026-10-01 08:47:03
 6  0      0 995216  60156 1173168    0    0     0  1896 84300 28765 50 49  0  0  0 2026-10-01 08:47:04
procs -----------memory---------- ---swap-- -----io---- -system-- ------cpu----- -----timestamp-----
 r  b   swpd   free   buff  cache   si   so    bi    bo   in   cs us sy id wa st                 UTC
 6  0      0 961620  60192 1177512    0    0     0  1524 82022 20637 52 47  0  0  0 2026-10-01 08:47:05
 8  0      0 926972  60212 1182396    0    0     0 51036 82650 20690 48 53  0  0  0 2026-10-01 08:47:06
 7  0      0 893236  60232 1186892    0    0     0  1512 83462 17321 54 46  0  0  0 2026-10-01 08:47:07
 5  0      0 860764  60236 1192300    0    0     0   992 85066 19177 46 54  0  0  0 2026-10-01 08:47:08
11  0      0 834744  60292 1195964    0    0     0  1348 86394 20139 50 50  0  0  0 2026-10-01 08:47:09
 9  0      0 796932  60372 1201152    0    0     0  1800 87725 14016 47 52  0  0  0 2026-10-01 08:47:10
 6  0      0 768168  60408 1204852    0    0     0 29488 87960 16486 48 52  0  0  0 2026-10-01 08:47:11
 5  0      0 723464  60420 1209248    0    0     0   916 87269 10782 46 55  0  0  0 2026-10-01 08:47:12
 8  0      0 666744  60452 1212836    0    0     0  1132 89136 15515 50 51  0  0  0 2026-10-01 08:47:13
 8  0      0 614624  60476 1216976    0    0     0   892 82273 10651 43 57  0  0  0 2026-10-01 08:47:14
 7  0      0 558208  60496 1220552    0    0     0  1040 90185 9414 45 56  0  0  0 2026-10-01 08:47:15
 8  0      0 515572  60524 1223700    0    0     0   836 86767 7734 47 53  0  0  0 2026-10-01 08:47:16
 8  0      0 476908  60544 1226212    0    0     0  1300 87999 6593 50 51  0  0  0 2026-10-01 08:47:17
 9  0      0 455536  60580 1229712    0    0     0  1812 89966 7502 46 54  0  1  0 2026-10-01 08:47:18
 5  0      0 415436  60608 1233812    0    0     0  1420 91820 6893 44 56  0  0  0 2026-10-01 08:47:19
10  0      0 390548  60640 1237448    0    0     0  1168 84784 4266 42 58  0  0  0 2026-10-01 08:47:20
 7  0      0 372188  60680 1240676    0    0     0  1120 85967 4373 40 60  0  0  0 2026-10-01 08:47:21
 6  0      0 352820  60716 1243984    0    0     0  1132 83749 12689 42 59  0  0  0 2026-10-01 08:47:22
 5  0      0 325588  60748 1247216    0    0     0  1016 86246 4462 42 59  0  0  0 2026-10-01 08:47:23
 5  0      0 296712  60780 1249816    0    0     0  1028 90778 4684 38 62  0  0  0 2026-10-01 08:47:24
 5  0      0 293304  60792 1252524    0    0     0   936 94292 4487 38 62  0  0  0 2026-10-01 08:47:25
procs -----------memory---------- ---swap-- -----io---- -system-- ------cpu----- -----timestamp-----
 r  b   swpd   free   buff  cache   si   so    bi    bo   in   cs us sy id wa st                 UTC
 6  0      0 264260  60816 1255084    0    0     8 35108 87037 6542 37 64  0  0  0 2026-10-01 08:47:26
 5  0      0 245156  60836 1258504    0    0     0   864 84447 4625 39 61  0  0  0 2026-10-01 08:47:27
 6  0      0 220396  60860 1261592    0    0     0   820 87631 6228 39 61  0  0  0 2026-10-01 08:47:28
 8  0      0 193060  60876 1264296    0    0     0   712 87229 4151 41 59  0  0  0 2026-10-01 08:47:29
 9  0      0 159572  60900 1266328    0    0     0   688 85452 3829 43 58  0  0  0 2026-10-01 08:47:30
 4  0      0 118040  60916 1270076    0    0     0 12152 84034 4635 36 65  0  0  0 2026-10-01 08:47:31
 5  0      0 116524  60160 1243684    0    0    24   652 86168 3624 39 61  0  0  0 2026-10-01 08:47:32
 3  3      0 112168  59608 1210664    0    0   564 13372 85196 5654 36 65  0  0  0 2026-10-01 08:47:33
 4  0      0 114820  58908 1185668    0    0   244  2792 85634 5071 38 62  0  0  0 2026-10-01 08:47:34
 4  0      0 112812  57692 1150780    0    0     0   564 87068 7651 42 57  0  0  0 2026-10-01 08:47:35
 4  0      0 115876  56508 1111008    0    0     4  5968 87466 5565 42 58  0  0  0 2026-10-01 08:47:36
 5  0      0 124444  55864 1082744    0    0     0  2960 88917 3604 41 59  0  0  0 2026-10-01 08:47:37
 4  0      0 130628  55880 1084796    0    0     0  4168 81925 3755 41 59  0  0  0 2026-10-01 08:47:38
 5  0      0 116492  55472 1070432    0    0     0  3084 87128 4612 46 54  0  0  0 2026-10-01 08:47:39
 6  0      0 108112  55236 1061784    0    0     0  2944 86452 3703 39 62  0  0  0 2026-10-01 08:47:40
 4  0      0 108520  54976 1051660    0    0     0  2844 91957 3272 34 66  0  0  0 2026-10-01 08:47:41
 4  0      0 104736  54684 1045320    0    0     0   496 81438 3557 36 64  0  0  0 2026-10-01 08:47:42
 4  0      0 103980  53704 1024640    0    0     0  6064 88948 4985 37 63  0  0  0 2026-10-01 08:47:43
 4  0      0 117812  53152 1012440    0    0     0  3676 83251 4119 36 65  0  0  0 2026-10-01 08:47:44
 4  0      0 121668  52496 997612    0    0     0  3580 85784 3552 38 62  0  0  0 2026-10-01 08:47:45
 4  1      0 113120  52260 992824    0    0    12  3812 85209 4084 38 62  0  0  0 2026-10-01 08:47:46
procs -----------memory---------- ---swap-- -----io---- -system-- ------cpu----- -----timestamp-----
 r  b   swpd   free   buff  cache   si   so    bi    bo   in   cs us sy id wa st                 UTC
 6  0      0 122592  51080 968184    0    0    12  2192 88337 4419 40 60  0  0  0 2026-10-01 08:47:47
 6  0      0 105836  50960 965140    0    0     0  3148 87908 4474 36 64  0  0  0 2026-10-01 08:47:48
12  0      0 118152  50168 950060    0    0     0   452 89489 5640 30 70  0  0  0 2026-10-01 08:47:49
 0  0      0 153876  50172 953068    0    0   228   356 16209 5812 24 17 59  1  1 2026-10-01 08:47:50
 4  0      0 187132  50188 952688    0    0 11568   244 64365 17258 19 63 19  0  0 2026-10-01 08:47:51
