procs -----------memory---------- ---swap-- -----io---- -system-- ------cpu----- -----timestamp-----
 r  b   swpd   free   buff  cache   si   so    bi    bo   in   cs us sy id wa st                 UTC
 1  0      0 2102048  59028 1432052    0    0    97   254 1237  523  5  1 93  0  0 2026-10-01 08:46:44
 2  2      0 2358860  59172 1177668    0    0     0  9172 1215 2029  5  4 89  2  0 2026-10-01 08:46:45
 0  0      0 2300204  60216 1180644    0    0     0 21204 6259 11518 45  6 30 20  0 2026-10-01 08:46:46
 0  0      0 2300204  60216 1180644    0    0     0     0   38   50  0  0 99  0  0 2026-10-01 08:46:47
 0  0      0 2300204  60216 1180644    0    0     0     0   34   36  0  0 100  0  0 2026-10-01 08:46:48
 2  0      0 2297684  60244 1180916    0    0     0   200 2097 2368  3  1 96  1  0 2026-10-01 08:46:49
 0  0      0 2268956  60384 1182584    0    0     0   876 17418 21451 18  7 72  3  0 2026-10-01 08:46:50
 0  0      0 2228464  60636 1185800    0    0     0  1444 21345 24453 27  7 60  6  0 2026-10-01 08:46:51
 6  0      0 2220204  60800 1189448    0    0     0  1068 21486 24126 29  8 60  3  0 2026-10-01 08:46:52
 1  0      0 2173512  61044 1194732    0    0     0  1440 25540 25826 41 10 45  5  0 2026-10-01 08:46:53
12  0      0 2138848  61164 1199020    0    0     0   748 22151 21896 36  9 53  2  0 2026-10-01 08:46:54
 7  0      0 2124144  61324 1204364    0    0     0  1056 26596 25389 42  9 46  3  0 2026-10-01 08:46:55
 3  0      0 2084664  61404 1209560    0    0     0   492 27618 23981 44  9 46  1  0 2026-10-01 08:46:56
 6  0      0 2021296  61520 1215528    0    0     0   736 28859 25039 48 12 38  2  0 2026-10-01 08:46:57
 3  0      0 2001008  61652 1221924    0    0     0   768 29098 21650 57 10 32  2  0 2026-10-01 08:46:58
 5  0      0 1984952  61776 1227864    0    0     0   800 32407 29030 49 11 38  2  0 2026-10-01 08:46:59
 2  0      0 1934196  61804 1234944    0    0     0   308 31474 20597 60 11 27  1  0 2026-10-01 08:47:00
 6  0      0 1872552  61864 1240644    0    0     0   640 34165 28852 49 11 37  2  0 2026-10-01 08:47:01
 2  0      0 1825796  61896 1248352    0    0     0  1092 31016 13723 74 12 13  1  0 2026-10-01 08:47:02
 3  0      0 1816988  61944 1254616    0    0     0   516 35950 28016 54 13 31  1  0 2026-10-01 08:47:03
 2  0      0 1792960  61996 1262708    0    0     0   592 35736 20888 67 13 19  1  0 2026-10-01 08:47:04
procs -----------memory---------- ---swap-- -----io---- -system-- ------cpu----- -----timestamp-----
 r  b   swpd   free   buff  cache   si   so    bi    bo   in   cs us sy id wa st                 UTC
 2  0      0 1738892  62028 1269996    0    0     0   432 34033 16952 63 12 24  1  1 2026-10-01 08:47:05
 4  0      0 1656092  62044 1277664    0    0     0   188 34082 14912 64 16 21  1  0 2026-10-01 08:47:06
 4  0      0 1597040  62060 1284500    0    0     0  2312 32601 11389 72 13 14  1  0 2026-10-01 08:47:07
 5  0      0 1587740  62060 1292504    0    0     0     0 34713 13239 67 14 19  0  0 2026-10-01 08:47:08
 5  0      0 1578540  62060 1299020    0    0     0     0 38090 21170 60 16 24  0  0 2026-10-01 08:47:09
 3  0      0 1557316  62068 1307668    0    0     0   252 36222 12084 75 15 10  1  0 2026-10-01 08:47:10
 4  0      0 1524104  62088 1314004    0    0     0 59128 39451 20753 59 17 23  2  0 2026-10-01 08:47:11
 3  0      0 1426704  62120 1322940    0    0     0   316 37863 7337 77 19  4  1  0 2026-10-01 08:47:12
 3  0      0 1340676  62144 1329888    0    0     0   348 38340 12561 67 18 15  1  0 2026-10-01 08:47:13
 3  0      0 1316088  62144 1335236    0    0     0     0 33666 8786 74 13 14  0  0 2026-10-01 08:47:14
 3  0      0 1305332  62148 1343548    0    0     0   420 38310 6919 75 17  8  1  0 2026-10-01 08:47:15
 7  0      0 1298560  62148 1349608    0    0     0 88084 43357 18245 67 13 20  0  0 2026-10-01 08:47:16
10  0      0 1286004  62148 1357436    0    0     0     0 40710 7510 78 15  7  0  0 2026-10-01 08:47:17
 9  0      0 1269720  62148 1364540    0    0     0     0 41036 11356 69 18 14  0  0 2026-10-01 08:47:18
 2  0      0 1215892  62156 1371784    0    0     0   340 41094 9135 69 19 11  0  1 2026-10-01 08:47:19
 7  0      0 1133428  62156 1378116    0    0     0     0 41621 9389 71 15 14  0  0 2026-10-01 08:47:20
 2  0      0 1057408  62156 1383576    0    0     0     0 43724 12995 63 22 16  0  0 2026-10-01 08:47:21
 2  0      0 983372  62156 1388992    0    0     0   116 37957 4667 80 16  4  0  0 2026-10-01 08:47:22
 2  0      0 969384  62156 1393408    0    0     0     0 45487 8424 75 16  9  0  0 2026-10-01 08:47:23
 2  0      0 960616  62160 1400788    0    0     0    88 48314 7165 77 16  7  1  0 2026-10-01 08:47:24
 4  0      0 953336  62168 1406924    0    0     0   132 50968 13954 68 20 12  0  0 2026-10-01 08:47:25
procs -----------memory---------- ---swap-- -----io---- -system-- ------cpu----- -----timestamp-----
 r  b   swpd   free   buff  cache   si   so    bi    bo   in   cs us sy id wa st                 UTC
 4  0      0 946140  62184 1412300    0    0     0   228 48193 12913 67 16 17  0  0 2026-10-01 08:47:26
 2  0      0 939908  62184 1417444    0    0     0     0 48776 16584 61 19 19  0  0 2026-10-01 08:47:27
 5  0      0 933116  62184 1423436    0    0     0     0 46721 4982 69 20 11  0  0 2026-10-01 08:47:28
 2  0      0 920376  62184 1428848    0    0     0     0 49963 10929 72 20  8  0  0 2026-10-01 08:47:29
 2  0      0 873768  62184 1433356    0    0     0     0 50441 15222 63 19 18  0  0 2026-10-01 08:47:30
 3  0      0 807840  62192 1437752    0    0     0   112 50192 12858 61 22 17  0  0 2026-10-01 08:47:31
 2  0      0 741844  62192 1442284    0    0     0     0 50743 16527 58 21 22  0  0 2026-10-01 08:47:32
 2  0      0 663184  62192 1446896    0    0     0   104 48728 9824 66 21 13  0  1 2026-10-01 08:47:33
 2  0      0 594400  62192 1450860    0    0     0     8 47582 10257 63 20 17  0  0 2026-10-01 08:47:34
 2  0      0 570648  62192 1453940    0    0     0     0 42589  854 87 13  0  0  0 2026-10-01 08:47:35
 6  0      0 566364  62192 1457448    0    0     0     0 50937 19882 58 18 25  0  0 2026-10-01 08:47:36
10  0      0 556856  62192 1463752    0    0     0     8 53160 4175 79 18  2  0  0 2026-10-01 08:47:37
 2  0      0 554084  62192 1466492    0    0     0    92 54009 25241 51 21 28  0  0 2026-10-01 08:47:38
 2  0      0 549868  62192 1469736    0    0     0     0 55472 25870 57 15 28  0  0 2026-10-01 08:47:39
10  0      0 545332  62196 1473588    0    0     0   104 51738 22908 61 15 24  0  0 2026-10-01 08:47:40
 2  0      0 538792  62196 1478884    0    0     0     0 52672 8278 72 22  7  0  0 2026-10-01 08:47:41
 3  0      0 535572  62196 1481656    0    0     0 31860 50762 19942 51 20 29  1  0 2026-10-01 08:47:42
 6  0      0 529956  62196 1485340    0    0     0    12 53279 14606 56 21 24  0  0 2026-10-01 08:47:43
 3  0      0 526232  62196 1488348    0    0     0     0 50935 17714 57 17 26  0  0 2026-10-01 08:47:44
 2  0      0 520784  62200 1492120    0    0     0   136 51842 19511 53 19 27  0  0 2026-10-01 08:47:45
 0  0      0 499672  62200 1494980    0    0     0     0 51275 18741 62 16 22  0  0 2026-10-01 08:47:46
procs -----------memory---------- ---swap-- -----io---- -system-- ------cpu----- -----timestamp-----
 r  b   swpd   free   buff  cache   si   so    bi    bo   in   cs us sy id wa st                 UTC
 2  0      0 440200  62200 1498672    0    0     0 94912 51834 16033 59 21 19  2  0 2026-10-01 08:47:47
 0  0      0 380616  62200 1501852    0    0     0     0 50360 17257 60 18 23  0  0 2026-10-01 08:47:48
 1  0      0 323440  62204 1504916    0    0     0   160 52066 15942 54 22 25  0  0 2026-10-01 08:47:49
 0  0      0 320920  62204 1505208    0    0     0   152 6541 7837  4  4 93  0  1 2026-10-01 08:47:50
 3  0      0 320920  62204 1503228    0    0     0  1304 47849 35371 12 18 70  1  0 2026-10-01 08:47:51
 1  1      0 352548  62204 1493240    0    0     0 21568 27656 22216  5 11 82  2  0 2026-10-01 08:47:52
