procs -----------memory---------- ---swap-- -----io---- -system-- ------cpu----- -----timestamp-----
 r  b   swpd   free   buff  cache   si   so    bi    bo   in   cs us sy id wa st                 UTC
 1  0      0 2133680  60504 1405328    0    0    97   265 1254  490  5  1 93  0  0 2026-10-01 08:46:44
 3  1      0 2342836  60660 1177436    0    0     0  8908  921 1644  2  5 91  3  0 2026-10-01 08:46:45
 0  0      0 2279128  61764 1180640    0    0     0 20684 5861 10501 49  7 36  9  0 2026-10-01 08:46:46
 0  0      0 2279128  61764 1180640    0    0     0     0   46   55  0  0 100  0  0 2026-10-01 08:46:47
 0  0      0 2279128  61764 1180640    0    0     0     0   31   39  0  0 100  0  0 2026-10-01 08:46:48
 1  0      0 2273108  61792 1180912    0    0     0   224 1413 1341  2  1 96  1  0 2026-10-01 08:46:49
 0  1      0 2245176  62000 1185280    0    0     0  1920 10912 10035 25  5 68  3  0 2026-10-01 08:46:50
 3  0      0 2222340  62124 1188924    0    0     0  1460 11501 11441 21  5 72  3  0 2026-10-01 08:46:51
 5  0      0 2172764  62240 1194192    0    0     0  1208 17427 15536 33  8 57  2  0 2026-10-01 08:46:52
 5  0      0 2151724  62320 1198420    0    0     0   592 16635 15162 32  5 62  1  0 2026-10-01 08:46:53
 0  0      0 2140000  62408 1203580    0    0     0   628 18845 16031 36  8 56  1  0 2026-10-01 08:46:54
 3  0      0 2106316  62456 1208432    0    0     0   440 19786 17788 33  7 59  1  0 2026-10-01 08:46:55
 4  0      0 2043732  62548 1214660    0    0     0   980 23127 16878 48  8 44  1  0 2026-10-01 08:46:56
 1  0      0 2020448  62668 1221152    0    0     0   968 25425 19994 54  8 37  1  0 2026-10-01 08:46:57
 7  0      0 2006376  62728 1227388    0    0     0   520 27148 22116 46 12 41  1  0 2026-10-01 08:46:58
 4  0      0 1954840  62784 1234104    0    0     0   364 30014 23528 52 11 36  1  0 2026-10-01 08:46:59
 5  0      0 1891684  62844 1240216    0    0     0   616 28455 19967 49 12 38  1  0 2026-10-01 08:47:00
 4  0      0 1833440  62892 1247676    0    0     0   404 29061 14056 69 12 18  1  0 2026-10-01 08:47:01
 2  0      0 1825900  62892 1253568    0    0     0   928 31696 23144 54 10 36  1  0 2026-10-01 08:47:02
 7  0      0 1810860  62912 1261640    0    0     0   396 33146 18475 66 13 20  0  0 2026-10-01 08:47:03
 5  0      0 1775860  62924 1267592    0    0     0   216 33938 23030 53 12 34  1  0 2026-10-01 08:47:04
procs -----------memory---------- ---swap-- -----io---- -system-- ------cpu----- -----timestamp-----
 r  b   swpd   free   buff  cache   si   so    bi    bo   in   cs us sy id wa st                 UTC
 7  0      0 1685024  62964 1276224    0    0     0   584 33942 15236 63 19 16  1  0 2026-10-01 08:47:05
 1  0      0 1610292  62980 1282936    0    0     0   184 34924 19011 56 18 26  1  0 2026-10-01 08:47:06
 7  0      0 1584316  62980 1290300    0    0     0  1900 31026 8110 79 11 10  0  0 2026-10-01 08:47:07
 2  0      0 1573848  62992 1297504    0    0     0   352 35138 17813 62 13 24  1  0 2026-10-01 08:47:08
 5  0      0 1564576  63020 1304492    0    0     0   232 36327 17747 64 13 22  1  0 2026-10-01 08:47:09
 7  0      0 1545996  63020 1311692    0    0     0     0 35909 15478 64 15 21  0  0 2026-10-01 08:47:10
 5  0      0 1485136  63080 1318812    0    0     0 72616 39498 18109 65 17 16  2  0 2026-10-01 08:47:11
 0  0      0 1394016  63080 1326360    0    0     0     0 37440 11621 71 16 13  0  0 2026-10-01 08:47:12
 3  0      0 1318484  63104 1332376    0    0     0   300 33977 8934 73 16 10  1  0 2026-10-01 08:47:13
 4  0      0 1304688  63104 1339468    0    0     0     0 37976 10101 72 15 13  0  0 2026-10-01 08:47:14
 4  0      0 1296440  63104 1346264    0    0     0   180 41441 17185 69 15 16  0  0 2026-10-01 08:47:15
 3  0      0 1288684  63104 1352604    0    0     0 76472 43028 15973 67 17 17  1  0 2026-10-01 08:47:16
 3  0      0 1278832  63104 1359724    0    0     0     0 39440 8102 71 17 13  0  0 2026-10-01 08:47:17
 2  0      0 1261288  63108 1367220    0    0     0   140 40400 9418 73 16 11  0  0 2026-10-01 08:47:18
 3  0      0 1192824  63116 1374384    0    0     0  2384 41256 13593 66 17 18  0  0 2026-10-01 08:47:19
 2  0      0 1109508  63116 1380764    0    0     0     0 43223 11861 67 20 13  0  0 2026-10-01 08:47:20
 2  0      0 1026264  63116 1386540    0    0     0     0 43530 11873 69 17 14  0  0 2026-10-01 08:47:21
 2  0      0 963676  63124 1390668    0    0     0   192 37343 6296 77 15  8  1  0 2026-10-01 08:47:22
 2  0      0 953300  63124 1396048    0    0     0     0 46606 7809 73 17 10  0  0 2026-10-01 08:47:23
 2  0      0 944396  63124 1402820    0    0     0     0 48721 8712 74 18  9  0  0 2026-10-01 08:47:24
 5  0      0 936456  63132 1409252    0    0     0  3176 51287 18245 62 19 19  0  0 2026-10-01 08:47:25
procs -----------memory---------- ---swap-- -----io---- -system-- ------cpu----- -----timestamp-----
 r  b   swpd   free   buff  cache   si   so    bi    bo   in   cs us sy id wa st                 UTC
 5  0      0 928336  63132 1415048    0    0     0     0 47764 13123 67 17 15  0  1 2026-10-01 08:47:26
 2  0      0 922204  63132 1419668    0    0     0     0 48488 17802 61 18 21  0  0 2026-10-01 08:47:27
 2  0      0 914560  63132 1424884    0    0     0     0 47828 10993 68 20 13  0  0 2026-10-01 08:47:28
 2  0      0 904620  63132 1430368    0    0     0     0 49244 11416 73 15 13  0  0 2026-10-01 08:47:29
 3  0      0 862788  63140 1434328    0    0     0    92 49161 14918 59 19 22  0  0 2026-10-01 08:47:30
 2  0      0 799296  63148 1438440    0    0     0   112 48808 12902 58 20 22  0  0 2026-10-01 08:47:31
 3  0      0 729000  63148 1443036    0    0     0     0 49344 14231 63 18 19  0  0 2026-10-01 08:47:32
 3  0      0 651824  63168 1447324    0    0     0   240 48077 11737 66 20 14  0  0 2026-10-01 08:47:33
 3  0      0 589972  63168 1450964    0    0     0     0 49310 15814 57 15 28  0  0 2026-10-01 08:47:34
 2  0      0 546032  63168 1453360    0    0     0     0 38083 3601 82 13  5  0  0 2026-10-01 08:47:35
 6  0      0 538668  63168 1456824    0    0     0     0 53162 13273 62 18 20  0  0 2026-10-01 08:47:36
 2  0      0 530656  63168 1463152    0    0     0     8 47760 4118 80 16  5  0  0 2026-10-01 08:47:37
 0  0      0 528640  63176 1465272    0    0     0    96 55781 26762 46 20 35  0  0 2026-10-01 08:47:38
 3  0      0 524860  63176 1468328    0    0     0     0 51735 20970 56 18 25  0  0 2026-10-01 08:47:39
 6  0      0 521584  63176 1471224    0    0     0     0 53051 25248 55 18 27  0  0 2026-10-01 08:47:40
 2  0      0 515056  63176 1476940    0    0     0     0 49722 3763 80 16  4  0  0 2026-10-01 08:47:41
 5  0      0 512788  63184 1479316    0    0     0 42228 53816 25030 45 20 34  1  0 2026-10-01 08:47:42
 6  0      0 508504  63184 1482916    0    0     0    12 52982 17474 61 18 21  0  0 2026-10-01 08:47:43
 1  0      0 505228  63184 1485512    0    0     0   100 51820 23338 54 17 29  0  0 2026-10-01 08:47:44
 5  0      0 501460  63184 1488944    0    0     0     0 50541 18554 57 18 25  0  0 2026-10-01 08:47:45
 2  0      0 498184  63184 1492216    0    0     0     0 51950 18847 63 17 21  0  0 2026-10-01 08:47:46
procs -----------memory---------- ---swap-- -----io---- -system-- ------cpu----- -----timestamp-----
 r  b   swpd   free   buff  cache   si   so    bi    bo   in   cs us sy id wa st                 UTC
 6  0      0 462904  63184 1494912    0    0     0 76304 50975 20203 50 22 27  2  0 2026-10-01 08:47:47
 4  0      0 406724  63184 1498036    0    0     0     0 51611 17552 56 20 23  0  1 2026-10-01 08:47:48
 6  0      0 352796  63192 1500512    0    0     0   168 51996 19623 54 20 27  0  0 2026-10-01 08:47:49
 0  0      0 348764  63192 1501056    0    0     0     0 6316 7001  7  4 89  0  0 2026-10-01 08:47:50
 0  0      0 348764  63192 1499352    0    0     0     0 45266 35480 12 16 72  0  0 2026-10-01 08:47:51
 0  0      0 385900  63192 1489080    0    0     0 28064 29171 23590  6  9 83  2  0 2026-10-01 08:47:52
 1  0      0 381396  63192 1489080    0    0     0     0  253  404  1  1 99  0  0 2026-10-01 08:47:53
