procs -----------memory---------- ---swap-- -----io---- -system-- ------cpu----- -----timestamp-----
 r  b   swpd   free   buff  cache   si   so    bi    bo   in   cs us sy id wa st                 UTC
 1  0      0 948612  22792 385468    0    0   140   352 1751 1324  7  7 86  0  0 2026-10-01 09:14:36
 0  2      0 978268  23116 346516    0    0 15488 15732 4405 7297  4  6 68 22  0 2026-10-01 09:14:37
 0  3      0 884632  24988 370112    0    0 21872 32164 7004 13067 48 10 14 29  0 2026-10-01 09:14:38
 0  1      0 880880  25072 370540    0    0     0  1008 3352 3120  3  1 94  1  0 2026-10-01 09:14:39
 0  1      0 880880  25108 370540    0    0     0   408 1393 1266  0  1 98  1  0 2026-10-01 09:14:40
 0  0      0 880880  25112 370556    0    0     0  1660 1385 1083  1  0 98  1  0 2026-10-01 09:14:41
 0  1      0 862780  25328 372912    0    0     0  1240 33734 21812 20 14 63  4  0 2026-10-01 09:14:42
 3  0      0 843200  25664 375716    0    0     0  2860 34913 24666 22 15 56  7  0 2026-10-01 09:14:43
 8  1      0 808020  26020 380780    0    0     0  1816 50493 33170 39 27 29  4  1 2026-10-01 09:14:44
 9  3      0 779140  26148 384076    0    0     0  1152 50162 32059 32 23 44  2  0 2026-10-01 09:14:45
 3  0      0 738092  26264 389184    0    0     0   820 60427 36868 46 31 22  1  0 2026-10-01 09:14:46
12  0      0 711940  26312 392792    0    0     0   496 63882 35325 47 29 25  1  0 2026-10-01 09:14:47
 5  0      0 703160  26424 397568    0    0     0   716 70542 37841 47 37 16  1  0 2026-10-01 09:14:48
 1  2      0 696636  26540 402020    0    0     0   900 71069 36392 45 39 14  1  0 2026-10-01 09:14:49
 4  2      0 738968  26572 406052    0    0     0   368 77783 38245 45 42 13  0  0 2026-10-01 09:14:50
 6  2      0 727528  26628 411076    0    0     0   476 77203 35410 54 41  5  0  0 2026-10-01 09:14:51
 5  2      0 716720  26688 415704    0    0     0   492 77966 35313 50 48  3  0  0 2026-10-01 09:14:52
 9  0      0 706544  26776 420244    0    0     0   576 79719 33821 45 48  7  0  0 2026-10-01 09:14:53
 9  0      0 693876  26884 425052    0    0     0   768 82596 26908 54 45  0  0  0 2026-10-01 09:14:54
13  0      0 663248  26984 429116    0    0     0  1128 80929 30329 50 50  0  0  0 2026-10-01 09:14:55
 8  2      0 647764  27052 432972    0    0     0  1040 82894 24429 58 43  0  0  0 2026-10-01 09:14:56
procs -----------memory---------- ---swap-- -----io---- -system-- ------cpu----- -----timestamp-----
 r  b   swpd   free   buff  cache   si   so    bi    bo   in   cs us sy id wa st                 UTC
10  0      0 635348  27156 436396    0    0     0  4500 87597 26713 50 50  0  0  0 2026-10-01 09:14:57
11  0      0 621292  27232 440280    0    0     0 36856 85681 16045 47 52  2  0  0 2026-10-01 09:14:58
13  0      0 614228  27456 443924    0    0   116  1148 87405 21452 52 48  0  0  0 2026-10-01 09:14:59
15  0      0 605648  27524 447384    0    0     0   968 87367 17459 49 51  0  0  0 2026-10-01 09:15:00
15  0      0 592016  27596 450640    0    0    12  1176 91650 16115 46 55  0  0  0 2026-10-01 09:15:01
14  0      0 583288  27648 453620    0    0     0  1060 90910 20668 44 56  0  0  0 2026-10-01 09:15:02
12  0      0 554560  27696 457204    0    0     0  7300 87031 8877 46 54  0  0  0 2026-10-01 09:15:03
13  0      0 525040  27768 459984    0    0     0   972 90226 9382 49 52  0  0  0 2026-10-01 09:15:04
12  0      0 496276  27840 462672    0    0     0  1008 87828 11836 43 57  0  0  0 2026-10-01 09:15:05
15  0      0 467124  27884 465808    0    0     0   984 89481 5143 40 60  0  0  0 2026-10-01 09:15:06
11  0      0 438136  27924 468280    0    0     0   864 89661 4849 42 58  0  0  0 2026-10-01 09:15:07
 9  0      0 413140  27984 470696    0    0     0   868 88265 5838 44 56  0  0  0 2026-10-01 09:15:08
13  0      0 381208  28076 473272    0    0     0  1204 89402 7374 45 56  0  0  0 2026-10-01 09:15:09
 6  1      0 359212  28148 474964    0    0     0  1288 91183 4956 40 60  0  0  0 2026-10-01 09:15:10
 5  1      0 354976  28216 477600    0    0     0  1168 88334 4456 38 63  0  0  0 2026-10-01 09:15:11
14  1      0 344268  28292 479808    0    0     0  1168 87917 7384 46 55  0  0  0 2026-10-01 09:15:12
 8  2      0 340144  28372 481880    0    0    16 23748 89415 5030 40 60  0  0  0 2026-10-01 09:15:13
 6  1      0 336652  28436 484484    0    0     0   984 88584 4258 45 55  0  0  0 2026-10-01 09:15:14
 6  1      0 329784  28488 487024    0    0     0   864 88957 5949 35 64  0  0  0 2026-10-01 09:15:15
 7  1      0 324936  28528 488608    0    0     0   944 89437 3828 37 63  0  0  0 2026-10-01 09:15:16
 6  1      0 319944  28572 490972    0    0     0   924 90009 4098 41 59  0  0  0 2026-10-01 09:15:17
procs -----------memory---------- ---swap-- -----io---- -system-- ------cpu----- -----timestamp-----
 r  b   swpd   free   buff  cache   si   so    bi    bo   in   cs us sy id wa st                 UTC
 8  0      0 314124  28612 492796    0    0     0  1068 85483 4917 35 65  0  0  0 2026-10-01 09:15:18
 4  1      0 308448  28708 495008    0    0     0   876 87016 4405 40 60  0  0  0 2026-10-01 09:15:19
 5  1      0 300296  28748 497392    0    0     0   752 87235 4090 40 60  0  0  0 2026-10-01 09:15:20
 4  1      0 286788  28792 499128    0    0     0   672 86972 4103 38 62  0  0  0 2026-10-01 09:15:21
 9  1      0 282024  28828 501084    0    0     0   512 87761 3939 39 61  0  0  0 2026-10-01 09:15:22
 6  0      0 251772  28872 503048    0    0     0   772 87367 4928 40 60  0  0  0 2026-10-01 09:15:23
 6  0      0 211292  28912 505020    0    0     0   580 87454 4383 35 65  0  0  0 2026-10-01 09:15:24
 5  1      0 185840  28940 506420    0    0     0   480 81859 4574 39 62  0  0  0 2026-10-01 09:15:25
 5  1      0 157272  28980 508416    0    0     0   504 86457 3699 43 58  0  0  0 2026-10-01 09:15:26
 7  0      0 118912  29008 509700    0    0     0   520 84958 3866 41 59  0  0  0 2026-10-01 09:15:27
 5  0      0 110056  29052 511308    0    0     0 19604 87266 4148 39 62  0  0  0 2026-10-01 09:15:28
 4  0      0 114976  28404 484224    0    0     0   524 85373 4505 38 63  0  0  0 2026-10-01 09:15:29
 4  0      0 113836  27496 455732    0    0     0   400 83400 3582 40 59  0  0  0 2026-10-01 09:15:30
 6  0      0 135520  26648 432236    0    0     0   380 90012 4154 41 60  0  0  0 2026-10-01 09:15:31
 6  0      0 130892  26680 434464    0    0     0   312 94727 4493 35 65  0  0  0 2026-10-01 09:15:32
 6  0      0 111928  26676 431948    0    0     0   336 91846 4269 39 62  0  0  0 2026-10-01 09:15:33
 4  0      0 125752  25908 417532    0    0    24   296 93983 3870 36 65  0  0  0 2026-10-01 09:15:34
 6  0      0 119020  24788 396572    0    0   144   288 93220 4050 32 69  0  0  0 2026-10-01 09:15:35
 6  0      0 108376  24812 397768    0    0     0   324 81846 3521 37 63  0  0  0 2026-10-01 09:15:36
 5  0      0 120628  24844 398804    0    0     0   280 89750 7068 38 63  0  0  0 2026-10-01 09:15:37
 4  0      0 116368  24408 388972    0    0     0   348 81289 3227 38 62  0  0  0 2026-10-01 09:15:38
procs -----------memory---------- ---swap-- -----io---- -system-- ------cpu----- -----timestamp-----
 r  b   swpd   free   buff  cache   si   so    bi    bo   in   cs us sy id wa st                 UTC
 4  0      0 116240  22592 363528    0    0     0   272 82236 2990 41 60  0  0  0 2026-10-01 09:15:39
 5  0      0 110984  22552 363092    0    0     0   348 85422 3822 42 59  0  0  0 2026-10-01 09:15:40
 6  0      0 109232  22516 362720    0    0     0   292 91536 5662 31 69  0  0  0 2026-10-01 09:15:41
 0  0      0 131992  22472 363004    0    0   756   360 35392 5205 15 26 58  1  0 2026-10-01 09:15:42
 4  0      0 107000  22564 358920    0    0  1744   308 42127 11686 12 44 44  0  0 2026-10-01 09:15:43
