procs -----------memory---------- ---swap-- -----io---- -system-- ------cpu----- -----timestamp-----
 r  b   swpd   free   buff  cache   si   so    bi    bo   in   cs us sy id wa st                 UTC
 1  0      0 1544984  70600 1337656    0    0    75   413 2378  949  8  2 89  0  0 2026-10-01 09:14:36
 0  1      0 1543220  70652 1289772    0    0     0  9444  784 1516  6  1 86  7  0 2026-10-01 09:14:37
 2  2      0 1772188  71124 1057940    0    0     0 51100 5385 11477 28  9 32 31  0 2026-10-01 09:14:38
 0  0      0 1728488  71432 1060208    0    0     0 13324 3765 7439 19  4 63 15  0 2026-10-01 09:14:39
 0  0      0 1728488  71432 1060208    0    0     0     0   51   51  0  0 100  0  0 2026-10-01 09:14:40
 0  0      0 1728488  71432 1060208    0    0     0  1424  186  294  0  0 99  2  0 2026-10-01 09:14:41
 0  0      0 1718968  71488 1062784    0    0     0  1236 8751 9660 17  4 75  5  0 2026-10-01 09:14:42
 0  0      0 1697672  71636 1067016    0    0     0  2400 11824 11823 27  3 62  8  0 2026-10-01 09:14:43
 7  0      0 1676572  71696 1070132    0    0     0  1108 11076 9439 24  4 68  4  0 2026-10-01 09:14:44
 2  2      0 1641416  71792 1074708    0    0     0  1608 16981 14817 37  7 53  4  0 2026-10-01 09:14:45
 0  0      0 1612280  71840 1078456    0    0     0   480 18245 17412 32  5 62  1  0 2026-10-01 09:14:46
 0  0      0 1577084  71884 1083236    0    0     0   984 21449 18926 40  8 50  3  0 2026-10-01 09:14:47
 7  0      0 1533624  71936 1088680    0    0     0  1140 23525 20759 44 10 43  3  0 2026-10-01 09:14:48
 7  0      0 1481096  71984 1094264    0    0     0   968 25660 19833 47 12 39  3  1 2026-10-01 09:14:49
 1  0      0 1425796  72028 1099724    0    0     0   536 27982 22126 52 11 36  1  0 2026-10-01 09:14:50
 2  0      0 1436588  72080 1105336    0    0     0   720 29359 12673 66 10 23  2  0 2026-10-01 09:14:51
 3  0      0 1478932  72088 1110992    0    0     0   460 34054 16486 56 14 30  1  0 2026-10-01 09:14:52
 7  0      0 1470208  72108 1116984    0    0     0   744 33857 18914 57 13 27  2  0 2026-10-01 09:14:53
 8  0      0 1458492  72128 1123180    0    0     0   560 35441 21032 61 13 25  1  0 2026-10-01 09:14:54
10  0      0 1449516  72152 1129640    0    0     0   224 34944 18638 64 11 24  0  0 2026-10-01 09:14:55
 8  0      0 1440544  72168 1135736    0    0     0   220 34709 18378 68 10 22  1  0 2026-10-01 09:14:56
procs -----------memory---------- ---swap-- -----io---- -system-- ------cpu----- -----timestamp-----
 r  b   swpd   free   buff  cache   si   so    bi    bo   in   cs us sy id wa st                 UTC
 3  0      0 1424104  72212 1141652    0    0     0   676 32186 11022 75 14  9  2  0 2026-10-01 09:14:57
 3  0      0 1416176  72220 1147784    0    0     0   100 32888 13061 69 12 19  0  0 2026-10-01 09:14:58
 3  0      0 1408936  72248 1153976    0    0     0   324 35340 15099 67 15 18  1  0 2026-10-01 09:14:59
 4  0      0 1400268  72248 1159524    0    0     0     0 36178 16580 66 11 23  0  0 2026-10-01 09:15:00
 4  0      0 1383508  72268 1166456    0    0     0   240 37068 11951 73 15 11  0  0 2026-10-01 09:15:01
 6  0      0 1335204  72268 1171704    0    0     0   112 35798 12557 67 15 18  0  0 2026-10-01 09:15:02
 4  0      0 1265552  72284 1177916    0    0     0   252 37910 13820 71 16 13  1  0 2026-10-01 09:15:03
 3  0      0 1196336  72284 1183672    0    0     0     0 38129 14030 70 16 14  0  0 2026-10-01 09:15:04
 3  0      0 1125632  72288 1189624    0    0     0   112 39194 12857 73 14 13  0  0 2026-10-01 09:15:05
 4  0      0 1100960  72288 1193772    0    0     0     0 31634 3380 83 12  6  0  0 2026-10-01 09:15:06
 2  0      0 1092824  72288 1200184    0    0     0     8 39004 5770 77 17  6  0  0 2026-10-01 09:15:07
 3  0      0 1088288  72288 1204772    0    0     0 57984 42665 18333 59 20 20  0  0 2026-10-01 09:15:08
 5  0      0 1079596  72292 1211196    0    0     0   184 42904 12948 71 16 12  1  0 2026-10-01 09:15:09
 2  0      0 1073308  72292 1216876    0    0     0     0 42048 11363 73 17 11  0  0 2026-10-01 09:15:10
 2  0      0 1064052  72292 1221544    0    0     0     8 44500 17511 62 17 21  0  0 2026-10-01 09:15:11
10  0      0 1026600  72292 1227472    0    0     0     0 43572 7785 76 15  9  0  0 2026-10-01 09:15:12
 2  0      0 956136  72292 1231704    0    0     0 96996 47121 15260 61 23 16  0  0 2026-10-01 09:15:13
 2  0      0 883560  72292 1236212    0    0     0   144 44597 13828 63 20 17  0  0 2026-10-01 09:15:14
 2  0      0 799644  72292 1241116    0    0     0   104 47328 9463 66 22 13  0  0 2026-10-01 09:15:15
 2  0      0 717532  72292 1245596    0    0     0     0 45803 8570 73 18 10  0  0 2026-10-01 09:15:16
 4  0      0 699676  72292 1247772    0    0     0   252 42649 8438 77 13 10  0  0 2026-10-01 09:15:17
procs -----------memory---------- ---swap-- -----io---- -system-- ------cpu----- -----timestamp-----
 r  b   swpd   free   buff  cache   si   so    bi    bo   in   cs us sy id wa st                 UTC
 2  0      0 693640  72292 1252932    0    0     0   128 46412 7601 75 16 10  0  0 2026-10-01 09:15:18
 1  0      0 689116  72292 1257200    0    0     0     0 49045 8375 68 19 13  0  0 2026-10-01 09:15:19
 2  0      0 685588  72300 1260284    0    0     0   108 50336 25462 50 16 34  0  0 2026-10-01 09:15:20
 0  0      0 681316  72300 1264448    0    0     0     0 48762 12983 65 20 16  0  0 2026-10-01 09:15:21
 3  0      0 676836  72300 1268460    0    0     0   104 48753 19888 58 15 27  1  0 2026-10-01 09:15:22
 2  0      0 673056  72300 1271964    0    0     0     8 51643 21862 57 19 24  0  0 2026-10-01 09:15:23
 9  0      0 667776  72300 1276156    0    0     0     0 48322 16758 60 17 24  0  0 2026-10-01 09:15:24
 3  0      0 664008  72300 1280072    0    0     0     0 48561 13344 65 15 20  0  1 2026-10-01 09:15:25
 2  0      0 659752  72300 1283484    0    0     0     0 50449 16248 63 15 22  0  0 2026-10-01 09:15:26
 2  0      0 602504  72304 1287356    0    0     0    96 47841 15959 61 18 21  0  0 2026-10-01 09:15:27
 2  0      0 545048  72304 1290028    0    0     0     0 53198 21419 53 18 28  0  0 2026-10-01 09:15:28
 5  0      0 479052  72304 1293832    0    0     0     8 46052 16556 61 18 20  0  0 2026-10-01 09:15:29
 3  0      0 420096  72304 1296320    0    0     0     0 52744 20358 50 21 30  0  0 2026-10-01 09:15:30
 3  0      0 343752  72304 1300060    0    0     0     0 47522 12512 68 19 14  0  0 2026-10-01 09:15:31
 2  0      0 281788  72312 1302888    0    0     0    96 53205 21184 58 18 24  0  0 2026-10-01 09:15:32
 2  0      0 246856  72312 1304496    0    0     0     0 36137  604 85 15  0  0  0 2026-10-01 09:15:33
 3  0      0 243104  72312 1307256    0    0     0     0 59835 22726 58 21 21  0  0 2026-10-01 09:15:34
 2  0      0 238384  72312 1310936    0    0     0    12 48169 11653 70 18 11  0  0 2026-10-01 09:15:35
 0  0      0 235864  72312 1313752    0    0     0     0 57442 21601 51 19 29  0  0 2026-10-01 09:15:36
 2  0      0 234352  72312 1314964    0    0     0   100 51819 32978 37 16 47  0  0 2026-10-01 09:15:37
 3  0      0 230584  72312 1318208    0    0     0     0 51981 17122 58 20 23  0  0 2026-10-01 09:15:38
procs -----------memory---------- ---swap-- -----io---- -system-- ------cpu----- -----timestamp-----
 r  b   swpd   free   buff  cache   si   so    bi    bo   in   cs us sy id wa st                 UTC
 3  0      0 228316  72312 1320776    0    0     0 24192 50045 25570 47 17 36  0  0 2026-10-01 09:15:39
 2  0      0 224548  72320 1323520    0    0     0   140 48210 13072 67 19 14  0  0 2026-10-01 09:15:40
 2  0      0 220796  72320 1326996    0    0     0     8 56466 21419 56 19 25  0  0 2026-10-01 09:15:41
 0  0      0 218584  72320 1328784    0    0     0   108 36133 27250 28 15 58  0  0 2026-10-01 09:15:42
 0  0      0 218584  72320 1328680    0    0     0     0 12401 9635  3  5 92  0  0 2026-10-01 09:15:43
 0  0      0 218584  72320 1320028    0    0     0 54620 61727 48686 16 21 60  2  0 2026-10-01 09:15:44
 0  0      0 216316  72320 1317004    0    0     0    36 3261 2711  1  3 96  0  0 2026-10-01 09:15:45
