procs -----------memory---------- ---swap-- -----io---- -system-- ------cpu----- -----timestamp-----
 r  b   swpd   free   buff  cache   si   so    bi    bo   in   cs us sy id wa st                 UTC
 1  0      0 1705076  68288 1205704    0    0    76   427 2411  908  8  2 89  0  0 2026-10-01 09:14:36
 0  0      0 1704616  68288 1205720    0    0     0     0 1230  879  0  1 99  0  0 2026-10-01 09:14:37
 2  2      0 1926880  68840 948292    0    0     0 58720 6056 11896 35 10 33 22  0 2026-10-01 09:14:38
 0  0      0 1891936  69020 949720    0    0     0  9548 3978 6061 13  5 72 11  0 2026-10-01 09:14:39
 0  0      0 1891936  69020 949744    0    0     0     0 1115  737  0  0 100  0  0 2026-10-01 09:14:40
 0  0      0 1891936  69020 949744    0    0     0  1348 1163 1012  0  0 98  1  0 2026-10-01 09:14:41
 5  0      0 1885440  69064 950900    0    0     0   660 6809 6837 11  3 85  2  0 2026-10-01 09:14:42
 0  0      0 1861248  69148 953568    0    0     0  1536 19484 22511 23  7 64  6  0 2026-10-01 09:14:43
 0  0      0 1834896  69200 956384    0    0     0  1076 20906 23185 28  6 63  3  0 2026-10-01 09:14:44
 5  2      0 1804460  69268 960036    0    0     0  1268 23072 24968 31  6 58  4  0 2026-10-01 09:14:45
 3  0      0 1763772  69316 964892    0    0     0  1376 25441 25575 39 11 46  4  0 2026-10-01 09:14:46
 0  1      0 1718524  69400 970288    0    0     0  1596 27305 26461 43 12 40  5  0 2026-10-01 09:14:47
 0  1      0 1663752  69440 975792    0    0     0   968 28831 25683 49 12 38  1  0 2026-10-01 09:14:48
 5  0      0 1608408  69476 981024    0    0     0   640 28908 24258 49 12 37  2  0 2026-10-01 09:14:49
 3  0      0 1582832  69504 987240    0    0     0  1016 27894 17078 66 11 22  2  0 2026-10-01 09:14:50
 3  0      0 1573812  69592 993200    0    0     0  1136 37512 24321 55 14 29  2  0 2026-10-01 09:14:51
 1  0      0 1572268  69612 999504    0    0     0   668 35964 18919 66 11 21  2  0 2026-10-01 09:14:52
 4  0      0 1626544  69644 1005344    0    0     0   740 35380 21813 59 13 27  1  0 2026-10-01 09:14:53
 1  0      0 1617092  69648 1011680    0    0     0   164 34012 16454 66 13 20  1  0 2026-10-01 09:14:54
 8  0      0 1610384  69660 1017776    0    0     0   528 34281 17034 63 14 22  1  0 2026-10-01 09:14:55
 1  0      0 1603056  69672 1023528    0    0     0   316 29157 5427 83 12  6  1  0 2026-10-01 09:14:56
procs -----------memory---------- ---swap-- -----io---- -system-- ------cpu----- -----timestamp-----
 r  b   swpd   free   buff  cache   si   so    bi    bo   in   cs us sy id wa st                 UTC
 3  0      0 1598548  69700 1030080    0    0     0   528 35304 16664 69 13 16  1  0 2026-10-01 09:14:57
 4  0      0 1592468  69708 1036500    0    0     0   192 34984 14316 71 13 15  1  0 2026-10-01 09:14:58
 2  0      0 1581184  69724 1043048    0    0     0   220 34254 11638 74 13 12  1  0 2026-10-01 09:14:59
 4  0      0 1519804  69748 1049416    0    0     0   400 35818 11994 73 14 12  1  0 2026-10-01 09:15:00
 3  0      0 1448640  69756 1055888    0    0     0   236 35963 10669 70 17 11  1  1 2026-10-01 09:15:01
 3  0      0 1368856  69760 1062784    0    0     0   228 34842 3851 82 15  4  1  0 2026-10-01 09:15:02
 3  0      0 1322824  69772 1067708    0    0     0   376 31306 3058 80 15  4  1  0 2026-10-01 09:15:03
 3  0      0 1310036  69772 1074420    0    0     0     0 35671 2740 86 13  1  0  0 2026-10-01 09:15:04
 2  0      0 1301088  69772 1080184    0    0     0     8 39444 10643 73 16 11  0  0 2026-10-01 09:15:05
 4  0      0 1293876  69776 1086380    0    0     0   252 40031 9634 72 18  9  0  0 2026-10-01 09:15:06
 5  0      0 1280880  69788 1093188    0    0     0   284 39818 8199 77 16  6  0  0 2026-10-01 09:15:07
 0  0      0 1265856  69788 1099288    0    0     0  1280 40609 7032 76 18  6  0  0 2026-10-01 09:15:08
 4  0      0 1184628  69788 1104692    0    0     0   152 39940 7767 71 19 10  1  0 2026-10-01 09:15:09
 2  0      0 1092772  69800 1110284    0    0     0   260 41213 4877 75 21  5  1  0 2026-10-01 09:15:10
 3  0      0 1003256  69800 1116244    0    0     0     0 45149 6712 77 17  7  0  0 2026-10-01 09:15:11
 3  0      0 935324  69800 1120412    0    0     0     0 37088 5832 77 16  7  0  0 2026-10-01 09:15:12
 3  0      0 918940  69800 1124792    0    0     0 22196 43248 5978 77 16  6  1  0 2026-10-01 09:15:13
 4  0      0 909280  69800 1129836    0    0     0 18244 47547 8233 71 20  9  0  0 2026-10-01 09:15:14
 2  0      0 904520  69800 1133968    0    0     0     0 48505 11817 70 18 12  0  0 2026-10-01 09:15:15
 2  0      0 897644  69800 1138972    0    0     0    12 44939 9859 73 17 10  0  0 2026-10-01 09:15:16
 3  0      0 891264  69800 1143608    0    0     0     0 51617 7540 74 17  9  0  0 2026-10-01 09:15:17
procs -----------memory---------- ---swap-- -----io---- -system-- ------cpu----- -----timestamp-----
 r  b   swpd   free   buff  cache   si   so    bi    bo   in   cs us sy id wa st                 UTC
 2  0      0 887496  69800 1148360    0    0     0   152 49205 9850 72 18 10  0  0 2026-10-01 09:15:18
 2  0      0 883212  69800 1152264    0    0     0 85112 50467 18156 57 19 23  1  0 2026-10-01 09:15:19
 2  0      0 875664  69800 1157764    0    0     0   144 47779 4338 75 20  6  0  0 2026-10-01 09:15:20
 4  0      0 807188  69800 1162172    0    0     0     0 48276 11277 68 20 13  0  0 2026-10-01 09:15:21
 3  0      0 746204  69800 1165692    0    0     0    12 49335 16404 57 20 22  0  1 2026-10-01 09:15:22
 5  0      0 675516  69804 1171044    0    0     0  2612 49426 12740 64 20 16  0  0 2026-10-01 09:15:23
 3  0      0 587316  69804 1175684    0    0     0 45908 49719 6431 73 22  5  0  0 2026-10-01 09:15:24
 3  0      0 514488  69808 1180680    0    0     0  2480 50017 13701 60 23 17  0  0 2026-10-01 09:15:25
 3  0      0 473196  69808 1182528    0    0     0     0 39221 12724 70 14 17  0  0 2026-10-01 09:15:26
 3  0      0 457620  69808 1185104    0    0     0     0 52368 4164 73 22  5  0  0 2026-10-01 09:15:27
 7  0      0 453348  69808 1188788    0    0     0     8 47976 20586 55 17 28  0  0 2026-10-01 09:15:28
 2  0      0 444120  69812 1192740    0    0     0 14988 51302 1830 80 19  0  0  0 2026-10-01 09:15:29
 2  0      0 441852  69812 1195276    0    0     0     0 52573 25128 45 19 36  0  0 2026-10-01 09:15:30
 2  0      0 438324  69812 1198208    0    0     0     0 54203 12515 63 19 17  0  0 2026-10-01 09:15:31
 9  0      0 434544  69812 1202284    0    0     0     0 49854 14895 69 16 16  0  0 2026-10-01 09:15:32
 2  0      0 428632  69812 1205812    0    0     0     0 51009 4840 78 19  3  0  0 2026-10-01 09:15:33
 3  0      0 426112  69816 1208344    0    0     0  7428 59469 29590 53 19 28  0  0 2026-10-01 09:15:34
 1  0      0 421364  69824 1212112    0    0     0   116 57464 13665 70 17 12  0  0 2026-10-01 09:15:35
 0  0      0 418592  69824 1215036    0    0     0     0 51794 21912 55 20 25  0  0 2026-10-01 09:15:36
 3  0      0 415068  69824 1217712    0    0     0     0 51511 14403 62 17 21  0  0 2026-10-01 09:15:37
 0  0      0 410548  69824 1221628    0    0     0     0 51578 13901 69 17 14  0  0 2026-10-01 09:15:38
procs -----------memory---------- ---swap-- -----io---- -system-- ------cpu----- -----timestamp-----
 r  b   swpd   free   buff  cache   si   so    bi    bo   in   cs us sy id wa st                 UTC
 2  0      0 366700  69824 1224060    0    0     0  2864 53291 20168 46 22 32  0  0 2026-10-01 09:15:39
 3  0      0 306220  69824 1226468    0    0     0   136 51680 15047 61 20 19  0  0 2026-10-01 09:15:40
 0  0      0 247252  69824 1229212    0    0     0     0 54042 20562 54 21 25  0  0 2026-10-01 09:15:41
 0  0      0 180736  69824 1232984    0    0     0   120 48218 17827 60 20 19  0  1 2026-10-01 09:15:42
 0  0      0 180736  69824 1233088    0    0     0     0 4372 4246  1  3 96  0  0 2026-10-01 09:15:43
 0  0      0 180736  69824 1229924    0    0     0 16472 58919 43674 14 23 62  1  0 2026-10-01 09:15:44
 0  0      0 217124  69824 1220652    0    0     0     0 20805 16736  6  7 87  0  0 2026-10-01 09:15:45
 0  0      0 217124  69824 1220652    0    0     0    12 1136  732  0  0 100  0  0 2026-10-01 09:15:46
