procs -----------memory---------- ---swap-- -----io---- -system-- ------cpu----- -----timestamp-----
 r  b   swpd   free   buff  cache   si   so    bi    bo   in   cs us sy id wa st                 UTC
 0  0      0 31212740  18600 440540    0    0     8     2  875  106 11  2 88  0  0 2026-10-01 09:14:36
 0  0      0 31203848  18600 440536    0    0     0     0 1759 1769  1  0 99  0  0 2026-10-01 09:14:37
 0  0      0 31203848  18600 440536    0    0     0     0   96  148  0  0 100  0  0 2026-10-01 09:14:38
 0  0      0 31202196  18600 440536    0    0     0     0 3278 2423  1  0 98  0  0 2026-10-01 09:14:39
 0  0      0 31202196  18600 440536    0    0     0     0   91  164  0  0 100  0  0 2026-10-01 09:14:40
 0  0      0 31202196  18608 440536    0    0     0  1116  291  364  0  0 100  0  0 2026-10-01 09:14:41
 7  0      0 31176492  18608 440536    0    0     0     0 30532 30348  9  1 90  0  0 2026-10-01 09:14:42
 1  0      0 31116096  18608 440536    0    0     0     0 41291 44818 12  1 87  0  0 2026-10-01 09:14:43
14  0      0 31039168  18608 440432    0    0     0     0 50362 49297 17  2 81  0  0 2026-10-01 09:14:44
11  0      0 30943016  18608 440720    0    0     0     0 57379 55716 19  2 79  0  0 2026-10-01 09:14:45
 2  0      0 30839556  18608 441392    0    0     0     0 64543 55945 22  3 75  0  0 2026-10-01 09:14:46
 2  0      0 30703280  18616 442096    0    0     0    40 67206 56048 25  3 72  0  0 2026-10-01 09:14:47
 1  0      0 30564408  18616 442872    0    0     0     0 76048 63047 31  3 66  0  0 2026-10-01 09:14:48
 2  0      0 30451612  18616 443720    0    0     0     0 78016 64752 29  3 68  0  0 2026-10-01 09:14:49
 1  0      0 30407032  18616 444664    0    0     0     0 82463 62530 34  4 62  0  0 2026-10-01 09:14:50
 1  0      0 30264940  18616 445440    0    0     0     0 88233 65490 36  4 60  0  0 2026-10-01 09:14:51
 3  0      0 30100064  18616 446336    0    0     0     0 95298 66886 38  4 58  0  0 2026-10-01 09:14:52
 0  0      0 29895620  18624 447184    0    0     0    16 93888 69625 36  5 59  0  0 2026-10-01 09:14:53
16  0      0 29860312  18624 447944    0    0     0     0 96280 63560 45  5 51  0  0 2026-10-01 09:14:54
11  0      0 29821620  18624 448840    0    0     0     0 100105 67318 40  5 55  0  0 2026-10-01 09:14:55
16  0      0 29591324  18624 449376    0    0     0     0 107309 64219 42  6 52  0  0 2026-10-01 09:14:56
procs -----------memory---------- ---swap-- -----io---- -system-- ------cpu----- -----timestamp-----
 r  b   swpd   free   buff  cache   si   so    bi    bo   in   cs us sy id wa st                 UTC
16  0      0 29432120  18624 450336    0    0     0     0 107231 66166 46  6 48  0  0 2026-10-01 09:14:57
16  0      0 29265356  18624 451024    0    0     0     0 105948 67107 41  6 53  0  0 2026-10-01 09:14:58
 8  0      0 29211180  18632 451712    0    0     0    16 102050 57645 53  5 42  0  0 2026-10-01 09:14:59
16  0      0 28994108  18632 452520    0    0     0     0 113842 69061 43  6 51  0  0 2026-10-01 09:15:00
 1  0      0 28942520  18632 453160    0    0     0     0 108615 55124 56  5 39  0  0 2026-10-01 09:15:01
16  0      0 28847152  18632 454048    0    0     0     0 116597 74900 42  6 51  0  0 2026-10-01 09:15:02
16  0      0 28560992  18632 454560    0    0     0     0 118156 57094 48  7 45  0  0 2026-10-01 09:15:03
16  0      0 28554448  18632 455368    0    0     0     0 112051 57003 53  6 41  0  0 2026-10-01 09:15:04
 0  0      0 28314096  18640 455800    0    0     0    36 126643 58991 53  6 41  0  0 2026-10-01 09:15:05
16  0      0 28309816  18640 456384    0    0     0     0 113348 60263 49  6 46  0  0 2026-10-01 09:15:06
 2  0      0 28305628  18640 456960    0    0     0   244 116424 61403 45  5 49  0  0 2026-10-01 09:15:07
16  0      0 28100724  18640 457400    0    0     0     0 128307 54856 51  6 43  0  0 2026-10-01 09:15:08
 0  0      0 28020452  18640 458312    0    0     0     0 119615 50707 54  6 39  0  0 2026-10-01 09:15:09
16  0      0 27908716  18648 458680    0    0     0    36 121370 49180 53  7 40  0  0 2026-10-01 09:15:10
 5  0      0 27897572  18648 458888    0    0     0     4 120274 68117 38  6 56  0  0 2026-10-01 09:15:11
 0  0      0 27723024  18648 459740    0    0     0     0 126442 51247 52  6 42  0  0 2026-10-01 09:15:12
14  0      0 27717204  18648 460244    0    0     0     0 117268 56780 53  6 41  0  0 2026-10-01 09:15:13
14  0      0 27710204  18648 460332    0    0     0     0 122082 67497 39  6 55  0  0 2026-10-01 09:15:14
 0  0      0 27631412  18648 460716    0    0     0     0 124089 56986 50  6 45  0  0 2026-10-01 09:15:15
10  0      0 27524988  18656 461364    0    0     0    12 126462 54448 53  6 40  0  0 2026-10-01 09:15:16
 4  0      0 27519696  18656 461364    0    0     0     8 122570 72127 36  5 59  0  0 2026-10-01 09:15:17
procs -----------memory---------- ---swap-- -----io---- -system-- ------cpu----- -----timestamp-----
 r  b   swpd   free   buff  cache   si   so    bi    bo   in   cs us sy id wa st                 UTC
 8  0      0 27415792  18656 461988    0    0     0     0 125778 53392 54  5 41  0  0 2026-10-01 09:15:18
 1  0      0 27385704  18656 462436    0    0     0     0 117836 49588 55  6 40  0  0 2026-10-01 09:15:19
 1  0      0 27377948  18656 462780    0    0     0     0 124425 70900 38  5 57  0  0 2026-10-01 09:15:20
 7  0      0 27248256  18656 463268    0    0     0     0 126792 52464 53  6 41  0  0 2026-10-01 09:15:21
16  0      0 27234708  18664 463300    0    0     0    20 119801 63999 43  6 51  0  0 2026-10-01 09:15:22
 9  0      0 27155260  18664 463804    0    0     0     4 126008 58780 47  7 47  0  0 2026-10-01 09:15:23
16  0      0 27037972  18664 464244    0    0     0     0 128254 50684 56  7 37  0  0 2026-10-01 09:15:24
 2  0      0 27035732  18664 464540    0    0     0     0 125375 76011 31  6 63  0  0 2026-10-01 09:15:25
11  0      0 26899708  18664 464700    0    0     0     0 123436 49610 54  6 40  0  0 2026-10-01 09:15:26
 6  0      0 26898312  18664 464860    0    0     0     0 123998 75189 30  6 64  0  0 2026-10-01 09:15:27
 0  0      0 26807684  18672 465476    0    0     0    12 119973 46675 58  7 36  0  0 2026-10-01 09:15:28
16  0      0 26781812  18672 465812    0    0     0     4 120878 60991 45  5 50  0  0 2026-10-01 09:15:29
 0  0      0 26702972  18672 465860    0    0     0     0 128108 65931 42  6 52  0  0 2026-10-01 09:15:30
16  0      0 26579804  18672 466300    0    0     0     0 123252 51723 51  6 43  0  0 2026-10-01 09:15:31
 4  0      0 26570312  18672 466524    0    0     0     0 128746 71451 41  6 52  0  0 2026-10-01 09:15:32
 4  0      0 26441320  18680 466908    0    0     0    12 127472 55378 53  7 41  0  0 2026-10-01 09:15:33
 7  0      0 26438044  18680 466940    0    0     0     0 132859 88044 32  5 63  0  0 2026-10-01 09:15:34
 7  0      0 26241960  18680 467556    0    0     0     4 133211 46037 62  6 31  0  0 2026-10-01 09:15:35
 6  0      0 26238740  18680 467572    0    0     0     0 128178 80790 28  6 66  0  0 2026-10-01 09:15:36
 1  0      0 26156424  18680 467980    0    0     0     0 120081 47450 59  7 35  0  0 2026-10-01 09:15:37
 1  0      0 26151720  18688 468316    0    0     0    12 126857 76968 31  5 63  0  0 2026-10-01 09:15:38
procs -----------memory---------- ---swap-- -----io---- -system-- ------cpu----- -----timestamp-----
 r  b   swpd   free   buff  cache   si   so    bi    bo   in   cs us sy id wa st                 UTC
16  0      0 26024828  18688 468492    0    0     0     0 125530 48027 58  6 36  0  0 2026-10-01 09:15:39
 5  0      0 26020908  18688 468988    0    0     0    24 123754 75094 33  6 61  0  0 2026-10-01 09:15:40
16  0      0 25927672  18688 468988    0    0     0     4 131778 57696 55  7 39  0  0 2026-10-01 09:15:41
 3  0      0 25923164  18688 468988    0    0     0     0 103970 70356 27  6 67  0  0 2026-10-01 09:15:42
 0  0      0 31122592  18688 461460    0    0     0     0 42346 2828  0  5 95  0  0 2026-10-01 09:15:43
 0  0      0 31219540  18696 440956    0    0     0    24 50904  270  0  1 99  0  0 2026-10-01 09:15:44
 0  0      0 31219540  18696 440956    0    0     0     0 2768  105  0  0 100  0  0 2026-10-01 09:15:45
 0  0      0 31219540  18696 440960    0    0     0     0  101  152  0  0 100  0  0 2026-10-01 09:15:46
 0  0      0 31219288  18696 440960    0    0     0     8  107  172  0  0 100  0  0 2026-10-01 09:15:47
