procs -----------memory---------- ---swap-- -----io---- -system-- ------cpu----- -----timestamp-----
 r  b   swpd   free   buff  cache   si   so    bi    bo   in   cs us sy id wa st                 UTC
 0  0      0 31220316  18780 440680    0    0     7     2   64  179 11  2 88  0  0 2026-10-01 09:17:15
 0  0      0 31204108  18780 440676    0    0     0     0 1894 1712  1  0 99  0  0 2026-10-01 09:17:16
 0  0      0 31198788  18780 440676    0    0     0     0 2857 2217  4  0 96  0  0 2026-10-01 09:17:17
 0  0      0 31198788  18780 440676    0    0     0     0   87  153  0  0 100  0  0 2026-10-01 09:17:18
 0  0      0 31198788  18780 440676    0    0     0     0   78  136  0  0 100  0  0 2026-10-01 09:17:19
 0  0      0 31177144  18788 440680    0    0     0  1160 20992 22523  7  0 92  0  0 2026-10-01 09:17:20
 4  0      0 31134304  18788 440680    0    0     0     0 34018 40489 12  1 86  0  0 2026-10-01 09:17:21
 3  0      0 31068124  18788 440552    0    0     0     0 43463 49542 17  2 81  0  0 2026-10-01 09:17:22
 1  0      0 30981296  18788 440744    0    0     0     0 45600 49032 19  2 79  0  0 2026-10-01 09:17:23
14  0      0 30903764  18788 441416    0    0     0     0 53281 52914 24  2 74  0  0 2026-10-01 09:17:24
13  0      0 30800304  18788 442152    0    0     0     0 55690 55582 23  3 74  0  0 2026-10-01 09:17:25
13  0      0 30658672  18796 442952    0    0     0    40 62267 52627 32  3 66  0  0 2026-10-01 09:17:26
16  0      0 30550208  18796 443776    0    0     0     0 64815 58867 29  3 69  0  0 2026-10-01 09:17:27
 6  0      0 30443840  18796 444704    0    0     0     0 70904 57341 36  3 61  0  0 2026-10-01 09:17:28
 4  0      0 30337836  18796 445640    0    0     0     0 71711 58424 35  3 62  0  0 2026-10-01 09:17:29
 5  0      0 30216420  18796 446656    0    0     0     0 75406 58891 41  4 55  0  0 2026-10-01 09:17:30
11  0      0 30018888  18796 447568    0    0     0     0 78350 61591 37  4 59  0  0 2026-10-01 09:17:31
16  0      0 29979888  18804 448544    0    0     0    32 80863 64858 41  4 55  0  0 2026-10-01 09:17:32
16  0      0 29849688  18804 449488    0    0     0     0 81731 58285 47  4 49  0  0 2026-10-01 09:17:33
 9  0      0 29766780  18804 450544    0    0     0     0 89443 60528 47  4 49  0  0 2026-10-01 09:17:34
 5  0      0 29552920  18804 451368    0    0     0     0 98038 62095 49  5 46  0  0 2026-10-01 09:17:35
procs -----------memory---------- ---swap-- -----io---- -system-- ------cpu----- -----timestamp-----
 r  b   swpd   free   buff  cache   si   so    bi    bo   in   cs us sy id wa st                 UTC
16  1      0 29320944  18812 452448    0    0     0    28 91878 54281 53  5 42  0  0 2026-10-01 09:17:36
16  0      0 29159452  18812 453304    0    0     0    56 94614 63700 48  5 47  0  0 2026-10-01 09:17:37
16  0      0 29047284  18812 454144    0    0     0     0 91761 48060 57  5 38  0  0 2026-10-01 09:17:38
16  0      0 28862552  18812 455120    0    0     0     0 99318 63261 48  6 46  0  0 2026-10-01 09:17:39
16  0      0 28712296  18812 455840    0    0     0     0 105375 55465 52  5 42  0  0 2026-10-01 09:17:40
 0  0      0 28701228  18812 456688    0    0     0     0 97165 55171 56  5 39  0  0 2026-10-01 09:17:41
 5  0      0 28540508  18820 457384    0    0     0    12 111187 51588 56  5 39  0  0 2026-10-01 09:17:42
 1  0      0 28538932  18820 458208    0    0     0     4 101094 53527 59  5 35  0  0 2026-10-01 09:17:43
16  0      0 28280016  18820 459008    0    0     0     0 117736 55224 54  6 40  0  0 2026-10-01 09:17:44
 5  0      0 28259748  18820 459648    0    0     0     0 103213 46510 60  5 35  0  0 2026-10-01 09:17:45
16  0      0 28159908  18820 460232    0    0     0     0 116523 54106 54  6 40  0  0 2026-10-01 09:17:46
16  0      0 28158876  18820 460968    0    0     0     0 118721 66886 48  6 47  0  0 2026-10-01 09:17:47
 8  0      0 28086584  18828 461592    0    0     0    12 115922 50463 56  6 38  0  0 2026-10-01 09:17:48
16  0      0 27975452  18828 462072    0    0     0     4 118887 52850 57  6 37  0  0 2026-10-01 09:17:49
16  0      0 27881500  18828 462592    0    0     0     0 123818 54042 59  7 35  0  0 2026-10-01 09:17:50
16  0      0 27878696  18828 463092    0    0     0     0 121228 68679 47  5 47  0  0 2026-10-01 09:17:51
 0  0      0 27825232  18828 463452    0    0     0     0 123222 66262 47  6 47  0  0 2026-10-01 09:17:52
 4  0      0 27770020  18828 463908    0    0     0     0 120479 54048 56  6 37  0  0 2026-10-01 09:17:53
 7  0      0 27745416  18836 464444    0    0     0    12 118822 62004 51  6 43  0  0 2026-10-01 09:17:54
 0  0      0 27739876  18836 464932    0    0     0     8 120720 68549 41  5 53  0  0 2026-10-01 09:17:55
 2  0      0 27650240  18836 465268    0    0     0     0 128468 59544 55  6 39  0  0 2026-10-01 09:17:56
procs -----------memory---------- ---swap-- -----io---- -system-- ------cpu----- -----timestamp-----
 r  b   swpd   free   buff  cache   si   so    bi    bo   in   cs us sy id wa st                 UTC
10  0      0 27609008  18836 465772    0    0     0     0 117645 52210 57  6 37  0  0 2026-10-01 09:17:57
16  0      0 27605428  18836 465860    0    0     0     0 126415 72913 45  6 49  0  0 2026-10-01 09:17:58
10  0      0 27534376  18836 466492    0    0     0     0 128440 60106 51  6 43  0  0 2026-10-01 09:17:59
 1  0      0 27450796  18844 467092    0    0     0    20 124462 56224 55  7 38  0  0 2026-10-01 09:18:00
16  0      0 27437512  18844 467412    0    0     0     4 123413 68904 45  6 49  0  0 2026-10-01 09:18:01
 4  0      0 27379252  18844 467740    0    0     0     0 136846 76758 45  7 48  0  0 2026-10-01 09:18:02
 6  0      0 27280004  18844 468316    0    0     0     0 125227 48845 62  7 31  0  0 2026-10-01 09:18:03
16  0      0 27259844  18844 468852    0    0     0     0 129719 75490 46  6 48  0  0 2026-10-01 09:18:04
 3  0      0 27183828  18844 469260    0    0     0     0 129386 60927 50  8 42  0  0 2026-10-01 09:18:05
 3  0      0 27121920  18852 469276    0    0     0   232 129746 66001 51  6 43  0  0 2026-10-01 09:18:06
11  0      0 27118084  18852 469676    0    0     0     4 133574 81052 39  6 55  0  0 2026-10-01 09:18:07
 4  0      0 27042848  18852 470268    0    0     0     0 123798 46903 59 12 29  0  0 2026-10-01 09:18:08
16  0      0 26958740  18852 470308    0    0     0     0 121604 39831 57 19 24  0  0 2026-10-01 09:18:09
16  0      0 26953076  18852 470980    0    0     0     0 113071 41604 38 32 30  0  0 2026-10-01 09:18:10
 5  0      0 26866980  18852 471428    0    0     0     0 121290 45238 50 21 28  0  0 2026-10-01 09:18:11
16  0      0 26864820  18860 471436    0    0     0    52 140354 94139 26 10 65  0  0 2026-10-01 09:18:12
16  0      0 26796688  18860 471436    0    0     0     4 144046 75571 52  7 41  0  0 2026-10-01 09:18:13
16  0      0 26796688  18860 471436    0    0     0     0 132820 79311 36 11 53  0  0 2026-10-01 09:18:14
 8  0      0 26790256  18860 471716    0    0     0     0 113157 48355 50 19 31  0  0 2026-10-01 09:18:15
10  0      0 26788268  18860 472012    0    0     0     0 132181 68266 36 22 42  0  0 2026-10-01 09:18:16
 3  0      0 26693440  18860 472556    0    0     0     0 128635 54900 50 18 32  0  0 2026-10-01 09:18:17
procs -----------memory---------- ---swap-- -----io---- -system-- ------cpu----- -----timestamp-----
 r  b   swpd   free   buff  cache   si   so    bi    bo   in   cs us sy id wa st                 UTC
11  0      0 26690752  18868 472556    0    0     0    12 134449 84912 28 18 55  0  0 2026-10-01 09:18:18
20  0      0 26689836  18868 472556    0    0     0     4 121760 53571 53 11 35  0  0 2026-10-01 09:18:19
 0  0      0 26690760  18868 472572    0    0     0     0 102205 79342 25 14 61  0  0 2026-10-01 09:18:20
 0  0      0 31125820  18868 450940    0    0     0     0 13801 2723  0  5 95  0  0 2026-10-01 09:18:21
 0  0      0 31225848  18868 440640    0    0     0     0 37483  433  0  1 99  0  0 2026-10-01 09:18:22
 0  0      0 31225848  18868 440640    0    0     0     0   77  131  0  0 100  0  0 2026-10-01 09:18:23
 0  0      0 31225848  18876 440644    0    0     0    28   86  138  0  0 100  0  0 2026-10-01 09:18:24
