procs -----------memory---------- ---swap-- -----io---- -system-- ------cpu----- -----timestamp-----
 r  b   swpd   free   buff  cache   si   so    bi    bo   in   cs us sy id wa st                 UTC
 1  0      0 2488484  72416 1052136    0    0    73   438 2521 1010  9  2 89  0  0 2026-10-01 09:17:15
 1  1      0 2481392  72536 1033956    0    0   112 13432 1633 2821 12  3 80  5  0 2026-10-01 09:17:16
 0  0      0 2413632  72796 1036840    0    0     0 17940 5027 9058 35  6 40 19  0 2026-10-01 09:17:17
 0  0      0 2413380  72804 1036948    0    0     0   128  180  266  0  0 99  1  0 2026-10-01 09:17:18
 0  0      0 2413380  72804 1036948    0    0     0     0   36   46  0  0 100  0  0 2026-10-01 09:17:19
 0  0      0 2406072  72824 1037768    0    0     0   520 1512 1450  5  1 91  3  0 2026-10-01 09:17:20
 4  0      0 2378432  72944 1042924    0    0     0  2876 9015 9345 24  6 59 11  0 2026-10-01 09:17:21
 2  0      0 2339708  73040 1047328    0    0     0  1792 9723 9613 24  5 64  8  0 2026-10-01 09:17:22
 4  0      0 2278916  73196 1054068    0    0     0  2032 15551 15074 39  9 47  6  0 2026-10-01 09:17:23
 0  0      0 2239100  73300 1061064    0    0     0  1780 15242 12391 45  8 41  6  0 2026-10-01 09:17:24
 5  0      0 2227420  73392 1068332    0    0     0  1572 18320 16903 46  7 43  4  0 2026-10-01 09:17:25
 5  0      0 2174944  73428 1075408    0    0     0   824 20186 17504 50  7 41  2  0 2026-10-01 09:17:26
 5  0      0 2093520  73496 1084172    0    0     0  1400 23337 18591 57 12 28  4  0 2026-10-01 09:17:27
 7  0      0 2016336  73572 1092312    0    0     0  1112 21915 13617 62 10 25  3  0 2026-10-01 09:17:28
 1  0      0 2003292  73612 1101660    0    0     0   868 23841 13860 63 10 25  2  0 2026-10-01 09:17:29
 3  0      0 1991864  73680 1109724    0    0     0   716 26312 19383 58 11 29  1  0 2026-10-01 09:17:30
 2  0      0 1940760  73740 1120624    0    0     0  1084 27576 12036 78  9 11  2  0 2026-10-01 09:17:31
 6  0      0 1852472  73772 1129804    0    0     0   924 27644 14673 65 12 21  3  0 2026-10-01 09:17:32
 4  0      0 1744768  73804 1140804    0    0     0   752 29888 10117 78 16  5  1  0 2026-10-01 09:17:33
 5  0      0 1693216  73844 1150600    0    0     0   796 27436 6777 80 13  5  3  0 2026-10-01 09:17:34
 6  0      0 1670196  73896 1161924    0    0   164   812 29217 6847 82 13  4  1  0 2026-10-01 09:17:35
procs -----------memory---------- ---swap-- -----io---- -system-- ------cpu----- -----timestamp-----
 r  b   swpd   free   buff  cache   si   so    bi    bo   in   cs us sy id wa st                 UTC
 4  0      0 1654920  73924 1172720    0    0     0   856 31738 10803 76 16  6  1  0 2026-10-01 09:17:36
 3  0      0 1642176  73924 1183464    0    0     0     0 31831 8216 80 13  8  0  0 2026-10-01 09:17:37
 4  0      0 1558680  73924 1193648    0    0     0   128 31856 6796 72 19  8  0  0 2026-10-01 09:17:38
 4  0      0 1446172  73940 1204192    0    0     0   372 32570 3311 82 16  2  1  0 2026-10-01 09:17:39
 4  0      0 1339392  73956 1212504    0    0     0   284 32637 4538 78 18  3  1  0 2026-10-01 09:17:40
 6  0      0 1322996  73980 1223580    0    0     0   516 35097 2634 85 14  1  1  0 2026-10-01 09:17:41
 5  0      0 1312184  73980 1233000    0    0     0     0 38571 9527 74 17  8  0  0 2026-10-01 09:17:42
 3  0      0 1299608  73980 1243956    0    0     0     0 36701 2154 84 15  1  0  0 2026-10-01 09:17:43
 3  0      0 1287496  73980 1253184    0    0     0   216 36913 7966 75 17  8  1  0 2026-10-01 09:17:44
12  0      0 1275104  73980 1261944    0    0     0     8 41186 13451 72 16 12  0  0 2026-10-01 09:17:45
 3  0      0 1210324  73980 1271048    0    0     0   336 40742 8117 76 19  5  0  0 2026-10-01 09:17:46
 4  0      0 1119896  73980 1278536    0    0     0 58856 44805 15406 72 18  9  1  0 2026-10-01 09:17:47
 1  1      0 1023000  73984 1286600    0    0     0   232 43491 8450 72 20  7  0  0 2026-10-01 09:17:48
 7  0      0 940664  73992 1293308    0    0     0   264 39917 4017 76 20  4  1  0 2026-10-01 09:17:49
 2  0      0 930340  73992 1302188    0    0     0     0 42568 6203 76 16  7  0  0 2026-10-01 09:17:50
 3  0      0 922288  73992 1309316    0    0     0    16 49124 20445 67 18 15  0  0 2026-10-01 09:17:51
 2  1      0 914980  73992 1315932    0    0     0 162344 45029 17136 61 22 15  2  0 2026-10-01 09:17:52
 5  0      0 906184  73992 1323512    0    0     0 37408 44693 13779 65 21 13  2  0 2026-10-01 09:17:53
 3  0      0 898888  73996 1330204    0    0     0   252 42752 14375 66 20 15  0  0 2026-10-01 09:17:54
 2  0      0 892084  73996 1335924    0    0     0     0 46375 19984 63 18 20  0  0 2026-10-01 09:17:55
 7  0      0 884800  73996 1342388    0    0     0     0 45869 20590 60 18 22  0  0 2026-10-01 09:17:56
procs -----------memory---------- ---swap-- -----io---- -system-- ------cpu----- -----timestamp-----
 r  b   swpd   free   buff  cache   si   so    bi    bo   in   cs us sy id wa st                 UTC
 2  0      0 877996  73996 1348652    0    0     0     8 45606 15889 67 16 18  0  0 2026-10-01 09:17:57
 2  0      0 819028  73996 1354664    0    0     0     0 46129 18453 61 17 22  0  0 2026-10-01 09:17:58
 5  0      0 725988  73996 1361516    0    0     0   120 43313 9717 67 20 13  0  0 2026-10-01 09:17:59
 2  0      0 643596  74008 1367800    0    0     0   276 46691 17038 60 20 19  1  0 2026-10-01 09:18:00
 2  0      0 564720  74008 1372344    0    0     0     0 40129 4538 80 17  3  0  0 2026-10-01 09:18:01
 2  0      0 559428  74008 1377040    0    0     0     0 49629 25891 48 20 32  0  0 2026-10-01 09:18:02
 2  0      0 550440  74008 1384308    0    0     0     8 45849 8901 74 18  9  0  0 2026-10-01 09:18:03
 1  0      0 545148  74008 1389140    0    0     0     0 49289 25155 56 17 27  0  0 2026-10-01 09:18:04
 2  0      0 538860  74008 1394224    0    0     0   224 46490 15314 65 17 17  0  0 2026-10-01 09:18:05
 2  0      0 533076  74008 1399192    0    0   176    92 47968 25219 48 23 29  0  0 2026-10-01 09:18:06
 3  0      0 529604  74008 1404412    0    0     0   788 48673 21153 62 18 20  0  0 2026-10-01 09:18:07
 5  0      0 524492  74008 1409688    0    0     0     0 46650 21133 61 17 23  0  0 2026-10-01 09:18:08
 2  0      0 518808  74008 1414204    0    0     0    12 47509 20965 59 20 22  0  0 2026-10-01 09:18:09
 5  0      0 510924  74008 1419748    0    0     0   188 48030 20192 58 19 23  0  0 2026-10-01 09:18:10
 0  0      0 496628  74008 1425816    0    0     0     0 47621 18373 61 19 20  0  0 2026-10-01 09:18:11
 5  0      0 479336  74008 1429072    0    0     0     0 48394 27256 42 18 39  0  0 2026-10-01 09:18:12
 3  0      0 459176  74008 1430856    0    0     0     0 50309 33396 36 19 45  0  0 2026-10-01 09:18:13
 2  0      0 401636  74008 1434532    0    0     0     0 48269 24137 51 20 29  0  0 2026-10-01 09:18:14
 1  0      0 349260  74008 1437364    0    0     0   132 44761 24459 43 20 37  0  0 2026-10-01 09:18:15
 3  0      0 278508  74008 1440932    0    0     0     0 48888 24856 53 22 24  0  0 2026-10-01 09:18:16
 2  0      0 223584  74008 1444788    0    0     0     0 37949 6861 77 15  7  0  0 2026-10-01 09:18:17
procs -----------memory---------- ---swap-- -----io---- -system-- ------cpu----- -----timestamp-----
 r  b   swpd   free   buff  cache   si   so    bi    bo   in   cs us sy id wa st                 UTC
 3  0      0 216652  74008 1448508    0    0     0 18492 52243 29029 43 22 34  1  0 2026-10-01 09:18:18
 0  0      0 214636  74008 1450308    0    0     0     0 51591 32771 34 17 49  0  0 2026-10-01 09:18:19
 3  0      0 212620  74008 1452112    0    0     0   268 50614 30051 46 17 37  0  0 2026-10-01 09:18:20
 0  0      0 212116  74012 1452656    0    0     0   120 28085 19198  8 11 81  0  0 2026-10-01 09:18:21
 1  0      0 315108  74012 1440488    0    0     0     0 61707 44983 11 19 70  0  0 2026-10-01 09:18:22
 0  1      0 325612  74012 1437156    0    0     0 16004 1546 1250  0  1 97  1  0 2026-10-01 09:18:23
