procs -----------memory---------- ---swap-- -----io---- -system-- ------cpu----- -----timestamp-----
 r  b   swpd   free   buff  cache   si   so    bi    bo   in   cs us sy id wa st                 UTC
 1  0      0 2605896  67988 943080    0    0    75   453 2562  963  9  2 89  0  0 2026-10-01 09:17:15
 1  1      0 2594208  68060 927988    0    0  1520 13428 2157 3895 15  3 77  6  0 2026-10-01 09:17:16
 0  0      0 2533980  68468 930964    0    0    84 18388 5173 9559 36  3 41 20  0 2026-10-01 09:17:17
 0  0      0 2533728  68468 930964    0    0     0     0  219  278  0  0 100  0  0 2026-10-01 09:17:18
 0  0      0 2533728  68468 930964    0    0     0     0   28   37  0  0 100  0  0 2026-10-01 09:17:19
 0  0      0 2520904  68480 931788    0    0     0   492 3596 4603  6  2 91  2  0 2026-10-01 09:17:20
 5  0      0 2476592  68552 935276    0    0     0  1976 15117 19442 24  6 63  7  0 2026-10-01 09:17:21
 1  0      0 2439448  68664 940172    0    0     0  1832 17454 20643 33  7 53  7  0 2026-10-01 09:17:22
 0  0      0 2427460  68696 945260    0    0     0  1404 17993 21072 33  7 55  5  0 2026-10-01 09:17:23
 0  0      0 2379172  68736 950568    0    0     0  1004 19679 20988 39  7 51  3  0 2026-10-01 09:17:24
 4  0      0 2320176  68776 955700    0    0     0   684 20795 22007 37 10 52  2  0 2026-10-01 09:17:25
 3  0      0 2272992  68872 962252    0    0     0  1308 22127 21799 51 10 36  3  0 2026-10-01 09:17:26
 0  0      0 2263036  68904 968584    0    0     0   984 23281 23424 46  9 42  2  0 2026-10-01 09:17:27
 0  0      0 2252076  68916 975460    0    0     0   660 24043 21862 52 10 36  1  0 2026-10-01 09:17:28
 4  0      0 2187184  68952 982372    0    0     0   948 25404 22251 50 11 37  3  0 2026-10-01 09:17:29
 6  0      0 2104188  68972 990376    0    0     0   652 26592 19918 60 12 27  2  0 2026-10-01 09:17:30
 4  0      0 2063160  68996 997324    0    0     0   760 26017 20398 61 11 27  2  0 2026-10-01 09:17:31
 9  0      0 2051228  69008 1005956    0    0     0   392 29221 21872 65 12 22  1  0 2026-10-01 09:17:32
 3  0      0 2040052  69040 1013664    0    0     0   852 27667 19775 59 11 28  2  0 2026-10-01 09:17:33
 1  0      0 2005692  69048 1022440    0    0     0   356 31089 22316 69 11 20  1  0 2026-10-01 09:17:34
 5  0      0 1921772  69076 1030236    0    0     0   380 31863 22106 62 14 23  1  1 2026-10-01 09:17:35
procs -----------memory---------- ---swap-- -----io---- -system-- ------cpu----- -----timestamp-----
 r  b   swpd   free   buff  cache   si   so    bi    bo   in   cs us sy id wa st                 UTC
 7  0      0 1832912  69092 1038904    0    0     0   432 30962 18582 66 13 19  1  0 2026-10-01 09:17:36
 4  0      0 1782384  69128 1047616    0    0     0   832 28624 10626 82 10  7  1  0 2026-10-01 09:17:37
 3  0      0 1769752  69144 1056600    0    0     0   400 30860 14342 69 13 17  1  0 2026-10-01 09:17:38
 3  0      0 1754860  69164 1065928    0    0     0   468 33277 16428 69 16 13  1  0 2026-10-01 09:17:39
 3  0      0 1742228  69180 1075064    0    0     0   288 33632 17019 69 14 17  0  0 2026-10-01 09:17:40
 3  0      0 1711916  69180 1083692    0    0     0     0 33979 16558 68 15 17  0  0 2026-10-01 09:17:41
 4  0      0 1628528  69180 1091520    0    0     0     0 34723 15866 62 16 22  0  0 2026-10-01 09:17:42
 8  0      0 1524192  69184 1100912    0    0     0   116 32933 7928 72 16 11  1  0 2026-10-01 09:17:43
 0  0      0 1456276  69184 1107568    0    0     0   168 33461 11571 73 15 12  0  0 2026-10-01 09:17:44
 3  0      0 1442988  69184 1116364    0    0     0     8 35336 12453 72 13 15  0  0 2026-10-01 09:17:45
 0  0      0 1433744  69188 1123736    0    0     0   420 37989 16905 67 15 18  1  0 2026-10-01 09:17:46
 3  0      0 1423088  69188 1131364    0    0     0  3200 38776 16613 67 13 20  0  0 2026-10-01 09:17:47
 7  0      0 1415036  69188 1138676    0    0     0     0 37924 17184 65 11 23  0  0 2026-10-01 09:17:48
 1  0      0 1406216  69188 1146592    0    0     0     0 38087 12464 68 14 18  0  0 2026-10-01 09:17:49
 3  0      0 1398668  69188 1152432    0    0     0     0 39116 18802 60 12 28  0  0 2026-10-01 09:17:50
10  0      0 1334936  69192 1161004    0    0     0  5716 40220 16712 65 15 19  1  0 2026-10-01 09:17:51
 3  0      0 1263116  69192 1166716    0    0     0 73036 42267 21244 58 20 21  2  0 2026-10-01 09:17:52
10  0      0 1203392  69192 1171512    0    0     0   112 41533 24160 46 18 37  0  0 2026-10-01 09:17:53
 0  0      0 1120232  69192 1177548    0    0     0     0 36750 5725 76 17  7  0  0 2026-10-01 09:17:54
 3  0      0 1113692  69196 1183240    0    0     0   168 40287 19372 61 13 26  0  0 2026-10-01 09:17:55
 0  0      0 1108664  69196 1187812    0    0     0     0 43592 26108 48 15 37  0  0 2026-10-01 09:17:56
procs -----------memory---------- ---swap-- -----io---- -system-- ------cpu----- -----timestamp-----
 r  b   swpd   free   buff  cache   si   so    bi    bo   in   cs us sy id wa st                 UTC
 0  0      0 1102868  69196 1193164    0    0     0     8 40243 19959 56 15 28  0  1 2026-10-01 09:17:57
 2  0      0 1097336  69196 1197720    0    0     0 95428 43057 26887 48 21 30  1  0 2026-10-01 09:17:58
 0  0      0 1090784  69196 1203660    0    0     0     0 40836 18244 60 15 26  0  0 2026-10-01 09:17:59
 6  1      0 1085504  69200 1208280    0    0     0   152 43520 28243 46 16 38  0  0 2026-10-01 09:18:00
 0  0      0 1079204  69200 1213992    0    0     0   116 40789 18320 60 15 25  0  0 2026-10-01 09:18:01
10  0      0 1073692  69200 1217840    0    0     0     0 44480 28741 51 17 32  0  0 2026-10-01 09:18:02
 3  0      0 1067644  69200 1223420    0    0     0 47652 44489 23915 52 18 30  0  0 2026-10-01 09:18:03
 3  0      0 1053720  69200 1227376    0    0     0     0 43805 22319 58 16 26  0  0 2026-10-01 09:18:04
 2  0      0 993240  69204 1232172    0    0     0   156 42771 25376 49 16 35  0  0 2026-10-01 09:18:05
 0  0      0 927996  69204 1236080    0    0     0     0 44153 24541 55 18 27  0  0 2026-10-01 09:18:06
 2  0      0 856232  69220 1240668    0    0     0   472 41717 20954 60 16 23  1  0 2026-10-01 09:18:07
 0  0      0 837836  69220 1243908    0    0     0 24064 43187 24426 55 15 30  1  0 2026-10-01 09:18:08
 4  0      0 832600  69220 1248340    0    0     0    12 43995 26573 50 17 34  0  0 2026-10-01 09:18:09
 3  0      0 826968  69220 1251840    0    0     0     0 42373 26688 50 14 35  0  0 2026-10-01 09:18:10
 0  0      0 811732  69220 1256920    0    0     0    48 42741 23039 58 15 27  0  0 2026-10-01 09:18:11
 3  0      0 800000  69224 1259076    0    0     0   144 45326 33995 34 15 50  0  0 2026-10-01 09:18:12
 1  0      0 797172  69224 1260324    0    0     0  7552 47023 35777 30 18 53  0  0 2026-10-01 09:18:13
 2  0      0 790148  69224 1263988    0    0     0     0 43186 26574 47 17 36  0  0 2026-10-01 09:18:14
 1  0      0 788384  69224 1265824    0    0     0     8 41416 29342 34 13 54  0  0 2026-10-01 09:18:15
 0  0      0 783088  69224 1268372    0    0     0     0 44807 29150 44 15 41  0  0 2026-10-01 09:18:16
 8  0      0 779376  69224 1271308    0    0     0   128 41217 26451 44 15 42  0  0 2026-10-01 09:18:17
procs -----------memory---------- ---swap-- -----io---- -system-- ------cpu----- -----timestamp-----
 r  b   swpd   free   buff  cache   si   so    bi    bo   in   cs us sy id wa st                 UTC
 2  0      0 774588  69224 1273948    0    0     0  1736 47114 33656 34 17 48  0  0 2026-10-01 09:18:18
 2  0      0 772348  69224 1275632    0    0     0     0 44678 33956 28 14 58  0  1 2026-10-01 09:18:19
 0  0      0 770584  69224 1277272    0    0     0   136 44743 31265 41 12 47  0  0 2026-10-01 09:18:20
 0  0      0 770332  69224 1277640    0    0     0     8 23352 17495  4  8 88  0  0 2026-10-01 09:18:21
 0  0      0 853768  69224 1265720    0    0     0    96 54941 40590 10 21 69  0  0 2026-10-01 09:18:22
 0  0      0 855336  69224 1265204    0    0     0 23424  235  314  0  0 98  2  0 2026-10-01 09:18:23
 1  0      0 851368  69224 1265204    0    0     0     0  119  104  1  1 99  0  0 2026-10-01 09:18:24
