procs -----------memory---------- ---swap-- -----io---- -system-- ------cpu----- -----timestamp-----
 r  b   swpd   free   buff  cache   si   so    bi    bo   in   cs us sy id wa st                 UTC
 2  0      0 1306504  23316 386704    0    0   160   368 2118 1369  7  7 85  0  0 2026-10-01 09:17:15
 2  1      0 1258216  23564 413416    0    0 20292  9340 2191 3958  6  5 80  9  0 2026-10-01 09:17:16
 0  0      0 1185388  24984 416480    0    0     4 22004 6359 10667 51  6 34 10  0 2026-10-01 09:17:17
 0  0      0 1185388  25008 416496    0    0     0   192  614  773  0  1 100  0  0 2026-10-01 09:17:18
 0  0      0 1185388  25008 416496    0    0     0     0  244  413  0  1 100  0  0 2026-10-01 09:17:19
 0  0      0 1172756  25108 417384    0    0     0   664 6710 5597  9  3 88  1  0 2026-10-01 09:17:20
 0  0      0 1157700  25248 419584    0    0     0  1724 23510 15462 12 10 76  2  0 2026-10-01 09:17:21
 0  0      0 1142300  25312 421656    0    0     0   864 28541 18546 15 13 71  1  0 2026-10-01 09:17:22
 0  0      0 1123136  25416 424112    0    0     0   772 36474 23497 20 18 60  1  0 2026-10-01 09:17:23
 0  0      0 1112652  25532 427276    0    0     0   824 40684 24492 19 20 59  2  0 2026-10-01 09:17:24
 3  0      0 1096816  25720 431676    0    0     0  1284 46273 28945 31 23 43  3  0 2026-10-01 09:17:25
 6  0      0 1072288  25888 435692    0    0     4   936 51322 31303 27 25 45  2  0 2026-10-01 09:17:26
 1  0      0 1046232  25912 439376    0    0     0   372 56394 33195 30 26 45  0  0 2026-10-01 09:17:27
 3  0      0 1009160  26000 443968    0    0     0   744 60310 33613 39 29 30  2  0 2026-10-01 09:17:28
 1  0      0 976680  26132 448288    0    0     0  1008 62998 33129 33 33 33  2  0 2026-10-01 09:17:29
 8  0      0 935140  26200 453840    0    0     0   572 66389 34705 42 37 21  1  0 2026-10-01 09:17:30
 0  0      0 904580  26268 457720    0    0     0   584 70343 35449 34 36 30  1  0 2026-10-01 09:17:31
 5  0      0 866664  26360 464144    0    0     0  1192 74942 34485 52 46  2  0  0 2026-10-01 09:17:32
 6  0      0 854164  26476 468288    0    0     0  1304 74352 33685 36 37 25  2  1 2026-10-01 09:17:33
10  0      0 841644  26556 473940    0    0     0  1224 79880 35549 51 44  6  0  0 2026-10-01 09:17:34
11  0      0 828624  26652 478504    0    0     0  1200 80376 33932 40 48 12  1  0 2026-10-01 09:17:35
procs -----------memory---------- ---swap-- -----io---- -system-- ------cpu----- -----timestamp-----
 r  b   swpd   free   buff  cache   si   so    bi    bo   in   cs us sy id wa st                 UTC
15  0      0 811436  26720 484112    0    0     0  1000 81364 32396 45 49  5  0  0 2026-10-01 09:17:36
 6  0      0 773216  26768 488948    0    0     0 41952 82870 29638 39 53  7  1  0 2026-10-01 09:17:37
12  0      0 733484  26864 494388    0    0     0  1228 82067 24827 46 50  4  1  0 2026-10-01 09:17:38
 7  0      0 696160  26896 499340    0    0     0   920 83270 21200 46 50  4  0  0 2026-10-01 09:17:39
 6  0      0 659676  26972 503916    0    0     0  1120 83832 24539 42 54  4  0  0 2026-10-01 09:17:40
10  0      0 614908  27032 508568    0    0     0  2300 85450 17092 44 56  0  0  0 2026-10-01 09:17:41
 6  0      0 580456  27132 512696    0    0     0  1320 83672 12274 46 54  0  0  0 2026-10-01 09:17:42
 8  0      0 573164  27224 517760    0    0     0  1220 86801 12415 47 53  1  0  0 2026-10-01 09:17:43
15  0      0 562612  27268 521952    0    0     0   900 84252 15338 39 59  1  0  0 2026-10-01 09:17:44
 9  0      0 553240  27308 526300    0    0     0   900 83231 9536 41 59  0  0  0 2026-10-01 09:17:45
 7  0      0 542896  27364 530536    0    0     0   852 85369 10299 41 59  0  0  0 2026-10-01 09:17:46
 8  0      0 530328  27412 534520    0    0     0   816 89300 11686 41 59  1  0  0 2026-10-01 09:17:47
 6  0      0 522116  27492 538424    0    0     0  1216 86107 7215 37 63  1  0  1 2026-10-01 09:17:48
 7  0      0 509300  27540 542052    0    0     0  1124 87856 10549 39 61  0  0  0 2026-10-01 09:17:49
13  0      0 503048  27592 545488    0    0     0  1068 86844 8255 35 66  0  0  0 2026-10-01 09:17:50
 7  0      0 470612  27648 548936    0    0     0   980 89178 9662 33 67  0  0  0 2026-10-01 09:17:51
 7  0      0 441988  27692 552260    0    0     4 42036 88347 7567 36 64  0  0  0 2026-10-01 09:17:52
 7  0      0 407240  27764 555400    0    0     0  1272 86918 8844 31 69  0  0  0 2026-10-01 09:17:53
 7  0      0 369444  27816 558708    0    0     0   824 87983 7776 40 60  0  0  0 2026-10-01 09:17:54
 5  0      0 336368  27884 561140    0    0     0   824 85197 8437 42 58  0  0  0 2026-10-01 09:17:55
 9  0      0 327096  27940 563872    0    0     0   800 87060 6535 40 61  0  0  0 2026-10-01 09:17:56
procs -----------memory---------- ---swap-- -----io---- -system-- ------cpu----- -----timestamp-----
 r  b   swpd   free   buff  cache   si   so    bi    bo   in   cs us sy id wa st                 UTC
 9  0      0 308764  27996 567012    0    0     0   744 88139 7153 39 61  0  0  0 2026-10-01 09:17:57
 7  0      0 296128  28024 569660    0    0     0   656 87085 10782 34 66  0  0  0 2026-10-01 09:17:58
 4  0      0 286700  28064 572764    0    0     0   668 89294 10940 40 61  0  0  0 2026-10-01 09:17:59
 5  0      0 279200  28112 575932    0    0     0   604 88189 12602 31 69  0  0  0 2026-10-01 09:18:00
 7  0      0 255928  28128 578712    0    0     0   552 87548 9880 41 60  0  0  0 2026-10-01 09:18:01
 3  0      0 237696  28192 581932    0    0     0  2752 91992 10566 35 66  0  0  0 2026-10-01 09:18:02
 4  0      0 222132  28228 584924    0    0     0   516 90832 11657 37 63  0  0  0 2026-10-01 09:18:03
 3  0      0 201612  28260 587460    0    0     0   480 88795 7904 36 64  0  0  0 2026-10-01 09:18:04
 4  0      0 187044  28288 590396    0    0     0   452 86999 9440 36 64  0  0  0 2026-10-01 09:18:05
 6  0      0 167904  28308 592240    0    0     0   424 92060 17864 28 72  0  0  0 2026-10-01 09:18:06
 7  0      0 149672  28344 594400    0    0     0   644 91420 13604 32 69  0  0  0 2026-10-01 09:18:07
 9  0      0 135856  28388 596868    0    0     0 28140 88979 9482 31 69  0  0  0 2026-10-01 09:18:08
 7  0      0 124856  28312 598140    0    0     0   476 87755 7724 31 70  0  0  0 2026-10-01 09:18:09
 5  0      0 105932  27740 570524    0    0     0   380 85184 6324 33 68  0  0  0 2026-10-01 09:18:10
 5  0      0 117940  27116 539552    0    0     0   372 90803 11180 33 67  0  0  0 2026-10-01 09:18:11
 6  0      0 118524  25848 499500    0    0     0  7976 84162 11280 30 70  0  0  0 2026-10-01 09:18:12
 7  0      0 107276  25600 484096    0    0    20   352 92115 19977 32 68  0  0  0 2026-10-01 09:18:13
 5  0      0 112956  25268 465268    0    0   104   328 88937 12738 35 65  0  0  0 2026-10-01 09:18:14
 4  0      0 123300  24244 427376    0    0   324   332 79819 4080 39 62  0  0  0 2026-10-01 09:18:15
 3  0      0 118836  24272 426040    0    0     0   348 89208 15991 29 72  0  0  0 2026-10-01 09:18:16
 4  0      0 117276  24196 420548    0    0     0   316 90024 17200 33 68  0  0  0 2026-10-01 09:18:17
procs -----------memory---------- ---swap-- -----io---- -system-- ------cpu----- -----timestamp-----
 r  b   swpd   free   buff  cache   si   so    bi    bo   in   cs us sy id wa st                 UTC
 3  0      0 131236  23936 411500    0    0  1912   396 88108 15498 31 69  0  0  0 2026-10-01 09:18:18
 2  0      0 110320  23960 412620    0    0     0   376 88486 13608 34 65  0  0  0 2026-10-01 09:18:19
 2  0      0 130160  23976 413684    0    0   880   448 82842 16550 32 68  0  0  0 2026-10-01 09:18:20
 0  0      0 137656  23992 414176    0    0   248   352 34222 10288  9 27 64  1  0 2026-10-01 09:18:21
 0  0      0 465872  24076 354828    0    0 12232   288 77225 22091 19 72  9  0  0 2026-10-01 09:18:22
