procs -----------memory---------- ---swap-- -----io---- -system-- ------cpu----- -----timestamp-----
 r  b   swpd   free   buff  cache   si   so    bi    bo   in   cs us sy id wa st                 UTC
 1  0      0 2558440  72228 983104    0    0    71   528 2909 1198 10  3 87  0  0 2026-10-01 09:24:27
 3  0      0 2547564  72336 944008    0    0     0 17404 3635 6363 32  6 54  9  0 2026-10-01 09:24:28
 0  0      0 2505256  72468 946412    0    0     0 12712 4189 7392 18  4 63 16  0 2026-10-01 09:24:29
 0  0      0 2505256  72468 946416    0    0     0     0   30   44  0  0 100  0  0 2026-10-01 09:24:30
 0  0      0 2505256  72468 946416    0    0     0     0   33   43  0  0 100  0  0 2026-10-01 09:24:31
 0  0      0 2484928  72468 947716    0    0     0   692 5647 6891 13  2 83  2  0 2026-10-01 09:24:32
 0  0      0 2468852  72540 951128    0    0     0  1836 14979 19331 22  5 66  7  0 2026-10-01 09:24:33
 0  0      0 2422236  72616 956172    0    0     0  1832 17748 20653 35  7 52  6  0 2026-10-01 09:24:34
 0  0      0 2367464  72648 961840    0    0     0  1580 18714 19596 40 10 45  5  0 2026-10-01 09:24:35
 7  0      0 2357984  72704 967152    0    0     0  1392 19171 21377 37  7 52  5  0 2026-10-01 09:24:36
 5  0      0 2330260  72740 973004    0    0     0  1020 20977 21309 43  8 46  3  0 2026-10-01 09:24:37
 2  0      0 2252296  72756 979584    0    0     0   784 21810 19292 49 12 36  2  0 2026-10-01 09:24:38
 4  0      0 2237844  72804 987476    0    0     0  1228 22931 19231 56 10 30  3  0 2026-10-01 09:24:39
 4  0      0 2226420  72856 994908    0    0     0  1252 24416 20731 53 11 33  4  0 2026-10-01 09:24:40
 6  0      0 2153308  72908 1002616    0    0     0   924 27281 22555 60 12 28  1  0 2026-10-01 09:24:41
 2  0      0 2085044  72932 1010700    0    0     0   824 25585 16838 68 11 19  2  0 2026-10-01 09:24:42
 7  0      0 2071840  72976 1019952    0    0     0  1044 26846 16899 67 11 20  2  0 2026-10-01 09:24:43
 5  0      0 2059700  73044 1028644    0    0     0  1156 30095 22444 68 11 20  2  0 2026-10-01 09:24:44
 6  0      0 1990232  73052 1037380    0    0     0   252 29664 16908 71 12 17  0  0 2026-10-01 09:24:45
 3  0      0 1886740  73068 1045916    0    0     0   552 28572 13009 73 15 11  2  0 2026-10-01 09:24:46
 8  0      0 1868692  73072 1056256    0    0     0   520 28243 7642 78 14  8  1  0 2026-10-01 09:24:47
procs -----------memory---------- ---swap-- -----io---- -system-- ------cpu----- -----timestamp-----
 r  b   swpd   free   buff  cache   si   so    bi    bo   in   cs us sy id wa st                 UTC
 4  0      0 1856648  73080 1064628    0    0     0   424 32414 19114 68 12 19  1  0 2026-10-01 09:24:48
 7  0      0 1840768  73080 1075192    0    0     0     0 30042 7561 77 13  9  0  0 2026-10-01 09:24:49
 4  0      0 1783228  73096 1083644    0    0     0   408 33906 16567 71 14 14  1  0 2026-10-01 09:24:50
 4  0      0 1677160  73104 1093912    0    0     0   492 33023 8674 77 15  7  0  0 2026-10-01 09:24:51
 8  0      0 1626448  73112 1102616    0    0     0   248 30666 4857 82 14  4  1  0 2026-10-01 09:24:52
 3  0      0 1613964  73120 1113104    0    0     0   252 33011 5365 81 14  6  0  0 2026-10-01 09:24:53
 6  0      0 1601896  73120 1121980    0    0     0     0 35310 11013 73 16 12  0  0 2026-10-01 09:24:54
 4  0      0 1588256  73120 1131760    0    0     0     0 34790 8782 75 16 10  0  0 2026-10-01 09:24:55
 3  0      0 1541128  73136 1141400    0    0     0  3688 34955 6072 78 17  4  0  0 2026-10-01 09:24:56
 7  0      0 1436156  73136 1150272    0    0     0     8 36577 8798 77 18  5  0  0 2026-10-01 09:24:57
 4  0      0 1357136  73136 1158112    0    0     0     0 33501 4448 78 16  6  0  0 2026-10-01 09:24:58
 8  0      0 1344424  73136 1166468    0    0     0 59292 40218 8868 70 19 11  0  0 2026-10-01 09:24:59
 8  0      0 1333064  73136 1174468    0    0     0   240 40618 11357 73 16 10  1  1 2026-10-01 09:25:00
 3  0      0 1325756  73136 1181448    0    0     0   168 41078 12282 66 16 17  0  0 2026-10-01 09:25:01
 2  0      0 1314120  73136 1190612    0    0     0  1960 42197 11817 67 18 15  1  0 2026-10-01 09:25:02
 2  0      0 1303144  73136 1198268    0    0     0    16 40585 8643 74 14 12  0  0 2026-10-01 09:25:03
 2  0      0 1271220  73144 1206272    0    0     0 179288 43035 15237 62 22 15  2  0 2026-10-01 09:25:04
 2  0      0 1179632  73148 1213464    0    0     0   248 42183 8898 71 20 10  0  0 2026-10-01 09:25:05
 2  0      0 1098208  73148 1219888    0    0     0   236 41606 15703 64 18 18  0  0 2026-10-01 09:25:06
 2  0      0 1050396  73148 1224500    0    0     0     0 39969 10138 67 18 15  0  0 2026-10-01 09:25:07
 2  0      0 1039460  73148 1231060    0    0     0     0 41203 11084 75 14 10  0  0 2026-10-01 09:25:08
procs -----------memory---------- ---swap-- -----io---- -system-- ------cpu----- -----timestamp-----
 r  b   swpd   free   buff  cache   si   so    bi    bo   in   cs us sy id wa st                 UTC
 2  0      0 1031340  73148 1236956    0    0     0     8 47550 18274 61 19 21  0  0 2026-10-01 09:25:09
 0  0      0 1026060  73152 1241928    0    0     0   116 44445 20851 47 20 34  0  0 2026-10-01 09:25:10
 2  0      0 1018596  73152 1247492    0    0     0     0 42572 15515 65 16 19  0  0 2026-10-01 09:25:11
 3  0      0 1010292  73152 1253244    0    0     0     0 46866 22836 60 16 24  0  0 2026-10-01 09:25:12
 1  0      0 1005504  73152 1257636    0    0     0     0 45332 21330 53 17 29  0  0 2026-10-01 09:25:13
 0  0      0 999712  73152 1262756    0    0     0     0 47329 25360 52 19 29  0  0 2026-10-01 09:25:14
 2  0      0 983344  73156 1268240    0    0     0   240 42452 16864 61 16 23  0  0 2026-10-01 09:25:15
 0  0      0 904988  73156 1273728    0    0     0     0 43207 14190 65 19 17  0  0 2026-10-01 09:25:16
 5  0      0 834432  73156 1277864    0    0     0     0 46858 23799 47 22 31  0  0 2026-10-01 09:25:17
 1  0      0 766672  73156 1281712    0    0     0     0 40983 11140 67 19 14  0  0 2026-10-01 09:25:18
 3  0      0 761660  73156 1285296    0    0     0     0 44669 22658 52 17 30  0  0 2026-10-01 09:25:19
 4  0      0 753804  73156 1291108    0    0     0   112 45146 17738 64 18 18  0  0 2026-10-01 09:25:20
 1  0      0 747152  73156 1295752    0    0     0    12 45302 17971 58 17 25  0  1 2026-10-01 09:25:21
 3  0      0 743624  73156 1299312    0    0     0     0 49961 29313 47 17 36  0  0 2026-10-01 09:25:22
 6  0      0 739088  73156 1303128    0    0     0     0 46230 26795 42 20 38  0  0 2026-10-01 09:25:23
 3  0      0 729496  73164 1307160    0    0     0   364 43991 19310 56 18 26  1  0 2026-10-01 09:25:24
 3  0      0 718644  73164 1311040    0    0     0     0 42600 25442 45 17 39  0  0 2026-10-01 09:25:25
 0  0      0 713420  73164 1313324    0    0     0     0 48036 29286 42 21 37  0  0 2026-10-01 09:25:26
 0  0      0 708868  73164 1315912    0    0     0   144 43830 28483 30 19 51  0  0 2026-10-01 09:25:27
 0  0      0 704392  73164 1317296    0    0     0     0 48145 31717 38 18 44  0  0 2026-10-01 09:25:28
 1  0      0 701116  73164 1319804    0    0     0     0 45146 30727 41 15 45  0  0 2026-10-01 09:25:29
procs -----------memory---------- ---swap-- -----io---- -system-- ------cpu----- -----timestamp-----
 r  b   swpd   free   buff  cache   si   so    bi    bo   in   cs us sy id wa st                 UTC
 0  0      0 692464  73164 1322648    0    0     0 19956 44452 24092 46 18 36  0  0 2026-10-01 09:25:30
 9  0      0 688180  73164 1325108    0    0     0     8 49247 34830 36 16 48  0  0 2026-10-01 09:25:31
 1  0      0 632292  73164 1327980    0    0     0   140 45176 23712 49 20 32  0  0 2026-10-01 09:25:32
 0  0      0 630780  73164 1328328    0    0     0     8 25174 17690  9 10 82  0  0 2026-10-01 09:25:33
 0  0      0 710552  73164 1314472    0    0     0     0 55097 39392 11 15 74  0  0 2026-10-01 09:25:34
 0  0      0 710552  73164 1314472    0    0     0 74960  637  915  0  1 94  5  0 2026-10-01 09:25:35
 0  0      0 707564  73164 1314472    0    0     0     0   73   63  0  1 100  0  0 2026-10-01 09:25:36
