procs -----------memory---------- ---swap-- -----io---- -system-- ------cpu----- -----timestamp-----
 r  b   swpd   free   buff  cache   si   so    bi    bo   in   cs us sy id wa st                 UTC
 1  0      0 1168144  19116 389820    0    0   218   413 3062 1551  8  8 83  1  0 2026-10-01 09:24:27
 3  2      0 1119752  19936 415948    0    0 20244 15236 3853 7107 25  9 52 14  0 2026-10-01 09:24:28
 0  0      0 1071208  21404 418292    0    0     0 18568 5236 8471 25  5 52 18  0 2026-10-01 09:24:29
 0  0      0 1071208  21428 418308    0    0     0   160  330  532  0  1 99  1  0 2026-10-01 09:24:30
 0  0      0 1071208  21428 418308    0    0     0     0  242  392  0  0 100  0  0 2026-10-01 09:24:31
 0  0      0 1067316  21516 419020    0    0     0   556 9823 6804  7  3 89  2  0 2026-10-01 09:24:32
 0  0      0 1045708  21868 422288    0    0     0  2304 24346 18375 19 13 63  5  0 2026-10-01 09:24:33
 3  0      0 1021492  22108 425688    0    0     0  1380 30342 21118 23 14 59  4  0 2026-10-01 09:24:34
 7  0      0 993312  22272 429332    0    0     0   992 35045 23437 26 17 54  2  0 2026-10-01 09:24:35
 4  0      0 953440  22464 434160    0    0     0  1320 41364 26904 34 25 39  2  0 2026-10-01 09:24:36
 0  0      0 941416  22600 438196    0    0     0   920 43731 28143 29 24 45  2  0 2026-10-01 09:24:37
 0  0      0 925424  22780 444000    0    0     0  1560 52550 34723 41 29 27  2  0 2026-10-01 09:24:38
 0  1      0 905404  22888 448240    0    0     0  1028 55625 33892 37 26 36  1  0 2026-10-01 09:24:39
12  0      0 858040  23068 454692    0    0     0  1408 57994 34374 46 37 16  1  1 2026-10-01 09:24:40
 5  0      0 818156  23204 459904    0    0     0  1692 62046 34640 41 36 22  1  0 2026-10-01 09:24:41
 5  0      0 779292  23308 465968    0    0     0  1412 63436 31576 51 38 11  1  0 2026-10-01 09:24:42
 0  0      0 763708  23452 471376    0    0     0 36332 68704 34541 41 41 18  1  0 2026-10-01 09:24:43
 6  0      0 748728  23560 477472    0    0     0  1308 71548 35532 48 43  9  0  0 2026-10-01 09:24:44
 3  0      0 735124  23732 483564    0    0     0  1788 72253 33376 45 49  5  1  0 2026-10-01 09:24:45
 7  0      0 698300  23828 489260    0    0     0  1132 74738 34872 52 42  5  0  0 2026-10-01 09:24:46
12  0      0 644160  23948 494412    0    0     0  1336 82676 28468 46 52  2  0  0 2026-10-01 09:24:47
procs -----------memory---------- ---swap-- -----io---- -system-- ------cpu----- -----timestamp-----
 r  b   swpd   free   buff  cache   si   so    bi    bo   in   cs us sy id wa st                 UTC
 4  0      0 593928  24084 500232    0    0     0  1856 74812 25772 52 47  1  0  0 2026-10-01 09:24:48
 7  0      0 578404  24160 506052    0    0     0  1164 80667 30781 54 47  0  0  0 2026-10-01 09:24:49
 4  0      0 567484  24268 511808    0    0     0  1240 78148 26483 51 49  0  0  0 2026-10-01 09:24:50
 8  0      0 555740  24344 517224    0    0     0  1016 82138 28569 49 52  0  0  0 2026-10-01 09:24:51
 6  0      0 540680  24408 522408    0    0     0   960 80746 25314 45 55  0  0  0 2026-10-01 09:24:52
 6  0      0 528584  24476 527816    0    0     0   960 81659 22194 46 54  0  0  0 2026-10-01 09:24:53
13  0      0 502816  24580 532532    0    0     0  1196 81803 21043 45 55  0  0  0 2026-10-01 09:24:54
14  0      0 461172  24616 537664    0    0     0   764 81682 18028 47 54  0  0  0 2026-10-01 09:24:55
 7  0      0 418812  24680 542200    0    0     0   760 83182 16632 47 53  0  0  0 2026-10-01 09:24:56
 6  0      0 371592  24728 545848    0    0     0   844 83382 14449 50 51  0  0  0 2026-10-01 09:24:57
13  0      0 360832  24772 549684    0    0     0   768 82871 16494 42 58  0  0  0 2026-10-01 09:24:58
 9  0      0 351796  24812 553760    0    0     0 52392 81686 5777 43 57  0  0  0 2026-10-01 09:24:59
 7  0      0 347068  24880 557752    0    0     0  1040 83122 8716 46 55  0  0  0 2026-10-01 09:25:00
 8  0      0 334108  24944 561740    0    0    88   956 83325 6046 46 54  0  0  0 2026-10-01 09:25:01
 8  0      0 324456  25040 564996    0    0    72  1080 89593 12421 39 62  0  0  0 2026-10-01 09:25:02
 7  0      0 318972  25096 568784    0    0     0   940 81916 4421 46 55  0  0  0 2026-10-01 09:25:03
 7  0      0 306312  25152 572540    0    0     0   936 87565 4984 41 59  0  0  0 2026-10-01 09:25:04
 8  0      0 300072  25204 576436    0    0     0   844 85671 5305 42 58  0  0  0 2026-10-01 09:25:05
 9  0      0 282060  25228 580340    0    0     0   824 84343 4636 39 61  0  0  0 2026-10-01 09:25:06
 6  0      0 238112  25252 583368    0    0     0  1008 83296 5726 42 59  0  0  0 2026-10-01 09:25:07
 7  0      0 208700  25268 586760    0    0     0   788 87016 6033 36 64  0  0  0 2026-10-01 09:25:08
procs -----------memory---------- ---swap-- -----io---- -system-- ------cpu----- -----timestamp-----
 r  b   swpd   free   buff  cache   si   so    bi    bo   in   cs us sy id wa st                 UTC
 6  0      0 164900  25288 588920    0    0     0   700 84077 3797 42 59  0  0  0 2026-10-01 09:25:09
 6  0      0 156848  25320 591504    0    0     0   712 83410 8208 37 63  0  0  0 2026-10-01 09:25:10
 7  0      0 128056  25348 595924    0    0     0   672 89624 4144 44 56  0  0  0 2026-10-01 09:25:11
 8  0      0 147340  25396 598140    0    0     0   664 91211 7749 36 64  0  0  0 2026-10-01 09:25:12
 7  0      0 141832  25452 601356    0    0     0   596 83172 6208 38 62  0  0  0 2026-10-01 09:25:13
 4  0      0 116584  25548 604096    0    0     0 37376 88375 6545 39 61  0  0  0 2026-10-01 09:25:14
 5  0      0 126456  25588 606740    0    0     0   660 86234 11217 35 65  0  0  0 2026-10-01 09:25:15
 4  0      0 121444  25252 596976    0    0     0   540 84367 7823 36 64  0  0  0 2026-10-01 09:25:16
 4  0      0 120372  25196 589680    0    0     0   528 85794 8462 36 64  0  0  0 2026-10-01 09:25:17
 4  0      0 120776  25092 586372    0    0     0   496 84225 9350 40 60  0  0  0 2026-10-01 09:25:18
 4  0      0 119632  24988 577132    0    0    24 10556 83985 7736 37 63  0  0  0 2026-10-01 09:25:19
13  0      0 109184  25048 579928    0    0    16   548 89258 13367 32 68  0  0  0 2026-10-01 09:25:20
 4  0      0 118692  24556 541668    0    0   124   388 83431 5174 36 64  0  0  0 2026-10-01 09:25:21
 7  0      0 120784  24352 525820    0    0    32   380 90234 14284 29 71  0  0  0 2026-10-01 09:25:22
 4  0      0 117480  22652 478452    0    0     0   364 81374 6612 37 63  0  0  0 2026-10-01 09:25:23
 4  0      0 111504  21820 440068    0    0   240   368 84175 3378 42 58  0  0  0 2026-10-01 09:25:24
 3  0      0 120468  21664 429824    0    0    24 11128 82206 9660 35 65  0  0  0 2026-10-01 09:25:25
 5  0      0 123304  21564 425960    0    0     0   400 90155 21429 27 73  0  0  0 2026-10-01 09:25:26
10  0      0 113532  21316 417120    0    0     0   396 78964 6927 43 57  0  0  0 2026-10-01 09:25:27
 4  0      0 109816  21192 412204    0    0     0   408 84391 13334 33 67  0  0  0 2026-10-01 09:25:28
 5  0      0 122432  21192 411748    0    0     0  7312 84867 11545 31 69  0  0  0 2026-10-01 09:25:29
procs -----------memory---------- ---swap-- -----io---- -system-- ------cpu----- -----timestamp-----
 r  b   swpd   free   buff  cache   si   so    bi    bo   in   cs us sy id wa st                 UTC
 5  0      0 110736  21072 406828    0    0     0  1924 80931 8301 34 66  0  0  0 2026-10-01 09:25:30
 4  0      0 109948  21116 408064    0    0     0   388 89889 15566 29 71  0  0  0 2026-10-01 09:25:31
 4  0      0 117160  20996 404744    0    0   720  3724 86674 18208 28 72  0  0  0 2026-10-01 09:25:32
 4  0      0 106564  21020 403912    0    0   256   516 30826 9579  7 27 65  0  0 2026-10-01 09:25:33
 1  0      0 412288  21068 348544    0    0 14028  1984 70600 23582 23 61 16  1  0 2026-10-01 09:25:34
