procs -----------memory---------- ---swap-- -----io---- -system-- ------cpu----- -----timestamp-----
 r  b   swpd   free   buff  cache   si   so    bi    bo   in   cs us sy id wa st                 UTC
 1  0      0 2451320  77004 1078748    0    0    68   518 2870 1210 10  2 87  0  0 2026-10-01 09:24:27
 2  3      0 2438568  77108 1045508    0    0     0 18248 3454 6291 31  7 53  9  0 2026-10-01 09:24:28
 0  0      0 2409616  77220 1047180    0    0     0 11668 2805 5425 14  1 71 14  0 2026-10-01 09:24:29
 0  0      0 2409616  77220 1047292    0    0     0     0   33   45  0  0 100  0  0 2026-10-01 09:24:30
 0  0      0 2409616  77220 1047292    0    0     0    12   38   49  0  0 100  0  0 2026-10-01 09:24:31
 0  0      0 2393236  77268 1049044    0    0     0  1064 3435 3745 10  1 85  4  0 2026-10-01 09:24:32
 0  0      0 2357308  77356 1052740    0    0     0  1904 6995 6666 20  4 68  8  0 2026-10-01 09:24:33
 2  0      0 2328636  77432 1056488    0    0     0  1296 8345 7471 22  5 69  5  0 2026-10-01 09:24:34
 3  0      0 2323916  77472 1060576    0    0     0  1520 10541 10842 26  4 67  4  0 2026-10-01 09:24:35
 0  0      0 2283356  77520 1066080    0    0     0   908 13932 12331 35  6 56  4  0 2026-10-01 09:24:36
 5  0      0 2232228  77560 1071528    0    0     0  1356 15069 14387 34  6 56  4  0 2026-10-01 09:24:37
 0  0      0 2195088  77588 1077672    0    0     0   952 17134 15223 47  6 45  2  0 2026-10-01 09:24:38
 8  0      0 2185384  77620 1083780    0    0     0   768 18669 16792 41  8 48  2  0 2026-10-01 09:24:39
 7  0      0 2165852  77628 1089020    0    0     0   172 18141 15373 39  7 54  1  0 2026-10-01 09:24:40
 1  0      0 2102276  77640 1095612    0    0     0   660 20814 15112 47  9 43  2  0 2026-10-01 09:24:41
 1  0      0 2050696  77660 1101828    0    0     0   464 22155 17783 49 12 37  1  0 2026-10-01 09:24:42
 4  0      0 2042000  77664 1108344    0    0     0   188 23806 18854 50  8 42  1  0 2026-10-01 09:24:43
 6  0      0 2034684  77684 1114272    0    0     0   312 24898 20944 45 10 43  1  1 2026-10-01 09:24:44
 8  0      0 2005336  77704 1121284    0    0     0   384 25732 19001 53 11 36  0  0 2026-10-01 09:24:45
 4  0      0 1939956  77704 1127708    0    0     0   388 28409 23450 49 12 38  1  0 2026-10-01 09:24:46
 3  0      0 1858836  77704 1134780    0    0     0   108 26880 15857 62 13 25  0  0 2026-10-01 09:24:47
procs -----------memory---------- ---swap-- -----io---- -system-- ------cpu----- -----timestamp-----
 r  b   swpd   free   buff  cache   si   so    bi    bo   in   cs us sy id wa st                 UTC
 4  0      0 1850352  77712 1141484    0    0     0   572 28407 21135 52 11 37  1  0 2026-10-01 09:24:48
 3  0      0 1838280  77732 1149308    0    0     0   672 30189 20332 62 12 25  1  0 2026-10-01 09:24:49
 7  0      0 1830480  77736 1156412    0    0     0   312 29942 20237 56 12 31  1  0 2026-10-01 09:24:50
 6  0      0 1806860  77736 1163992    0    0     0    32 32300 20703 60 15 25  0  0 2026-10-01 09:24:51
 4  0      0 1731384  77736 1171124    0    0     0     0 31324 17918 56 15 28  0  0 2026-10-01 09:24:52
 3  0      0 1645828  77736 1177788    0    0     0   112 30702 14544 68 15 17  0  0 2026-10-01 09:24:53
 3  0      0 1635340  77740 1186120    0    0     0   508 32144 14879 69 10 21  1  0 2026-10-01 09:24:54
 2  0      0 1624964  77752 1193328    0    0     0   248 33736 19004 62 12 27  0  0 2026-10-01 09:24:55
 4  0      0 1616184  77752 1200876    0    0     0  1988 34246 18990 62 13 25  0  0 2026-10-01 09:24:56
12  0      0 1605804  77756 1207932    0    0     0   140 35364 20604 59 15 26  0  0 2026-10-01 09:24:57
10  0      0 1571732  77760 1215260    0    0     0   904 36146 21968 62 13 25  0  0 2026-10-01 09:24:58
 5  0      0 1500220  77760 1220860    0    0     0 61340 36485 19026 52 18 28  2  0 2026-10-01 09:24:59
 3  0      0 1408852  77760 1227244    0    0     0     0 34200 12158 67 17 16  0  0 2026-10-01 09:25:00
 5  0      0 1401796  77760 1233480    0    0     0     0 36710 18083 58 13 28  0  1 2026-10-01 09:25:01
 2  0      0 1392904  77760 1239700    0    0     0     0 39582 20237 57 18 25  0  0 2026-10-01 09:25:02
 6  0      0 1386392  77760 1245328    0    0     0   208 37729 21108 56 12 31  0  0 2026-10-01 09:25:03
 8  0      0 1379420  77760 1251232    0    0     0 124112 40242 21693 57 19 24  1  0 2026-10-01 09:25:04
 0  0      0 1373120  77760 1256632    0    0     0     0 38989 22041 53 15 32  0  0 2026-10-01 09:25:05
 2  0      0 1367364  77768 1261896    0    0     0   488 40809 26713 46 15 38  0  0 2026-10-01 09:25:06
 1  0      0 1347496  77768 1267380    0    0     0   244 37743 18416 52 17 31  0  0 2026-10-01 09:25:07
 0  0      0 1272988  77768 1273096    0    0     0   112 41105 18709 54 22 24  0  0 2026-10-01 09:25:08
procs -----------memory---------- ---swap-- -----io---- -system-- ------cpu----- -----timestamp-----
 r  b   swpd   free   buff  cache   si   so    bi    bo   in   cs us sy id wa st                 UTC
 0  0      0 1219324  77768 1276984    0    0     0    12 39572 25557 44 15 42  0  0 2026-10-01 09:25:09
 3  0      0 1175012  77768 1281740    0    0     0     0 38629 14156 64 16 21  0  0 2026-10-01 09:25:10
 5  0      0 1169972  77768 1285800    0    0     0     0 41411 28184 48 15 37  0  0 2026-10-01 09:25:11
 3  0      0 1164568  77768 1290084    0    0     0     0 45264 32021 39 19 41  0  0 2026-10-01 09:25:12
 1  0      0 1158660  77772 1294264    0    0     0   100 40313 24141 51 15 34  0  0 2026-10-01 09:25:13
 5  0      0 1154388  77776 1298164    0    0     0   208 43907 32359 39 16 45  0  0 2026-10-01 09:25:14
 1  0      0 1148884  77776 1302692    0    0     0     8 41648 26568 48 14 38  0  0 2026-10-01 09:25:15
 4  0      0 1144852  77776 1306340    0    0     0     0 39575 25578 46 15 39  0  0 2026-10-01 09:25:16
 3  0      0 1139420  77776 1310428    0    0     0     0 43095 25995 44 18 38  0  0 2026-10-01 09:25:17
 0  0      0 1134180  77776 1314572    0    0     0     0 41974 27729 42 16 42  0  0 2026-10-01 09:25:18
 0  0      0 1127628  77776 1317632    0    0     0    88 41242 27204 45 12 43  0  0 2026-10-01 09:25:19
 2  0      0 1073224  77776 1321112    0    0     0     0 44552 29812 48 17 36  0  0 2026-10-01 09:25:20
 3  0      0 1010028  77776 1325788    0    0     0     8 39154 20837 50 14 36  0  0 2026-10-01 09:25:21
 5  0      0 961656  77776 1328776    0    0     0     0 40374 20959 58 14 29  0  0 2026-10-01 09:25:22
 3  0      0 957484  77776 1331856    0    0     0     0 41923 29126 37 16 47  0  0 2026-10-01 09:25:23
 2  0      0 948528  77776 1334228    0    0     0    88 42702 31437 37 16 46  0  0 2026-10-01 09:25:24
 2  0      0 936480  77776 1337084    0    0     0     0 38347 25540 40 12 47  0  0 2026-10-01 09:25:25
 2  0      0 933316  77776 1339300    0    0     0     0 44632 33864 34 15 51  0  0 2026-10-01 09:25:26
 2  0      0 930184  77776 1341188    0    0     0    12 39373 29051 28 15 57  0  0 2026-10-01 09:25:27
 0  0      0 924752  77776 1342768    0    0     0     0 42899 30730 32 17 51  0  0 2026-10-01 09:25:28
 0  0      0 921784  77776 1345008    0    0     0    92 40287 30396 31 12 57  0  0 2026-10-01 09:25:29
procs -----------memory---------- ---swap-- -----io---- -system-- ------cpu----- -----timestamp-----
 r  b   swpd   free   buff  cache   si   so    bi    bo   in   cs us sy id wa st                 UTC
 0  0      0 916632  77776 1346856    0    0     0 20044 41707 29142 34 15 52  0  0 2026-10-01 09:25:30
 9  0      0 914868  77776 1348520    0    0     0     0 43031 33909 30 15 56  0  0 2026-10-01 09:25:31
 1  0      0 907132  77776 1350440    0    0     0     0 41540 28596 36 13 52  0  0 2026-10-01 09:25:32
 1  0      0 906628  77776 1351004    0    0     0     8 19529 13788 10  7 84  0  0 2026-10-01 09:25:33
 0  0      0 975572  77780 1339832    0    0     0   120 47383 35976  7 19 75  0  0 2026-10-01 09:25:34
 0  0      0 971324  77780 1339832    0    0     0 59916  617  680  1  1 95  4  0 2026-10-01 09:25:35
