procs -----------memory---------- ---swap-- -----io---- -system-- ------cpu----- -----timestamp-----
 r  b   swpd   free   buff  cache   si   so    bi    bo   in   cs us sy id wa st                 UTC
 0  0      0 31206092  19284 440800    0    0     7     2  417  361 12  2 86  0  0 2026-10-01 09:24:27
 0  0      0 31193332  19284 440824    0    0     0    20 1876 1733  1  0 99  0  0 2026-10-01 09:24:28
 0  0      0 31192184  19284 440824    0    0     0     0 3519 2305  2  0 98  0  0 2026-10-01 09:24:29
 0  0      0 31192184  19284 440824    0    0     0     0   66  103  0  0 100  0  0 2026-10-01 09:24:30
 0  0      0 31192184  19284 440824    0    0     0     0   92  164  0  0 100  0  0 2026-10-01 09:24:31
 1  0      0 31171800  19284 440824    0    0     0   788 15740 16408  7  0 93  0  0 2026-10-01 09:24:32
 0  0      0 31127476  19292 440824    0    0     0    52 34792 41658 14  1 86  0  0 2026-10-01 09:24:33
 1  0      0 31056748  19292 440760    0    0     0     0 39498 44302 15  2 83  0  0 2026-10-01 09:24:34
11  0      0 30979496  19292 441048    0    0     0     0 46637 51730 20  2 78  0  0 2026-10-01 09:24:35
 1  0      0 30875764  19292 441624    0    0     0     0 52205 53022 22  2 75  0  0 2026-10-01 09:24:36
 4  0      0 30778772  19292 442264    0    0     0     0 54488 53504 24  2 74  0  0 2026-10-01 09:24:37
 1  0      0 30688556  19300 443208    0    0     0    20 61148 55976 29  2 69  0  0 2026-10-01 09:24:38
 2  0      0 30575496  19300 444112    0    0     0     4 63580 56954 31  3 67  0  0 2026-10-01 09:24:39
 2  0      0 30460668  19300 445040    0    0     0     0 69422 60082 33  3 64  0  0 2026-10-01 09:24:40
16  0      0 30313612  19300 445904    0    0     0     0 72556 57045 34  3 63  0  0 2026-10-01 09:24:41
 1  0      0 30232296  19300 446832    0    0     0     0 75085 59507 37  3 60  0  0 2026-10-01 09:24:42
15  0      0 30105908  19300 447752    0    0     0     0 81350 65006 37  4 60  0  0 2026-10-01 09:24:43
 3  0      0 29980748  19308 448472    0    0     0    12 85209 62997 43  4 53  0  0 2026-10-01 09:24:44
 2  0      0 29879920  19308 449528    0    0     0     4 86516 64831 41  4 55  0  0 2026-10-01 09:24:45
 2  0      0 29778420  19308 450392    0    0     0     0 90204 65941 40  4 56  0  0 2026-10-01 09:24:46
11  0      0 29593604  19308 451080    0    0     0     0 92238 58283 45  4 50  0  0 2026-10-01 09:24:47
procs -----------memory---------- ---swap-- -----io---- -system-- ------cpu----- -----timestamp-----
 r  b   swpd   free   buff  cache   si   so    bi    bo   in   cs us sy id wa st                 UTC
 8  0      0 29503980  19308 452032    0    0     0     0 92930 64985 43  5 52  0  0 2026-10-01 09:24:48
16  0      0 29314116  19308 452896    0    0     0     0 100958 57581 52  5 43  0  0 2026-10-01 09:24:49
 4  0      0 29232952  19316 453608    0    0     0    12 96596 65993 46  4 50  0  0 2026-10-01 09:24:50
 1  0      0 29010848  19316 454440    0    0     0     4 104082 59660 52  5 43  0  0 2026-10-01 09:24:51
15  0      0 29000836  19316 455184    0    0     0     0 94700 61517 50  4 46  0  0 2026-10-01 09:24:52
 3  0      0 28780824  19316 456200    0    0     0     0 107448 59817 52  6 42  0  0 2026-10-01 09:24:53
 6  0      0 28781060  19316 456832    0    0     0     0 96861 59089 55  5 40  0  0 2026-10-01 09:24:54
 0  0      0 28533264  19316 457632    0    0     0     0 110541 56885 56  6 38  0  0 2026-10-01 09:24:55
 0  0      0 28529212  19324 458256    0    0     0    12 97845 57700 55  6 39  0  0 2026-10-01 09:24:56
11  0      0 28303144  19324 459128    0    0     0     4 112867 57793 54  6 40  0  0 2026-10-01 09:24:57
16  0      0 28292268  19324 459504    0    0     0    12 98814 58073 53  5 42  0  0 2026-10-01 09:24:58
16  0      0 28281092  19324 460224    0    0     0     0 113613 69870 42  5 53  0  0 2026-10-01 09:24:59
 2  0      0 28109608  19324 460816    0    0     0     0 120625 50793 55  6 39  0  0 2026-10-01 09:25:00
 0  0      0 28108248  19324 461504    0    0     0     0 110214 53268 55  5 39  0  0 2026-10-01 09:25:01
16  0      0 28006016  19332 462008    0    0     0    40 120607 54083 55  6 39  0  0 2026-10-01 09:25:02
17  0      0 28001720  19332 462452    0    0     0    44 116621 64281 47  5 48  0  0 2026-10-01 09:25:03
15  0      0 27967440  19332 462844    0    0     0     0 121380 68954 49  6 45  0  0 2026-10-01 09:25:04
16  0      0 27863276  19332 463356    0    0     0     0 122447 53602 56  7 38  0  0 2026-10-01 09:25:05
16  0      0 27856180  19332 463780    0    0     0   192 116125 56640 56  5 39  0  0 2026-10-01 09:25:06
16  0      0 27851312  19340 464460    0    0     0    32 122555 77115 34  6 61  0  0 2026-10-01 09:25:07
 7  0      0 27757232  19340 464756    0    0     0     0 121487 49828 60  7 33  0  0 2026-10-01 09:25:08
procs -----------memory---------- ---swap-- -----io---- -system-- ------cpu----- -----timestamp-----
 r  b   swpd   free   buff  cache   si   so    bi    bo   in   cs us sy id wa st                 UTC
 5  0      0 27720240  19340 465124    0    0     0     4 118676 62060 49  7 44  0  0 2026-10-01 09:25:09
16  0      0 27721256  19340 465412    0    0     0     0 119574 68634 44  6 50  0  0 2026-10-01 09:25:10
 2  0      0 27668000  19340 465932    0    0     0     0 125587 63304 50  7 43  0  0 2026-10-01 09:25:11
 1  0      0 27587432  19340 466548    0    0     0     0 130852 67949 51  6 43  0  0 2026-10-01 09:25:12
16  0      0 27484788  19348 466580    0    0     0    12 126099 57778 52  6 42  0  0 2026-10-01 09:25:13
 9  0      0 27475604  19348 466996    0    0     0     0 129658 83625 37  6 57  0  0 2026-10-01 09:25:14
 0  0      0 27398356  19348 467508    0    0     0     4 123357 52860 57  7 36  0  0 2026-10-01 09:25:15
16  0      0 27374864  19348 467980    0    0     0     0 119387 62935 48  7 45  0  0 2026-10-01 09:25:16
14  0      0 27337176  19348 468172    0    0     0     0 133238 77659 41  6 53  0  0 2026-10-01 09:25:17
12  0      0 27271768  19348 468508    0    0     0     0 120950 56093 55  6 39  0  0 2026-10-01 09:25:18
 0  0      0 27269276  19356 468788    0    0     0    12 129264 83105 31  7 62  0  0 2026-10-01 09:25:19
 8  0      0 27185048  19356 469156    0    0     0     0 123579 50618 60  6 33  0  0 2026-10-01 09:25:20
 1  0      0 27114076  19356 469980    0    0     0     4 121149 53859 56  5 39  0  0 2026-10-01 09:25:21
10  0      0 27111836  19356 470012    0    0     0     0 137883 96266 31  6 63  0  0 2026-10-01 09:25:22
10  0      0 27008936  19356 470044    0    0     0     0 122136 51874 57  6 38  0  0 2026-10-01 09:25:23
17  0      0 27006556  19356 470572    0    0     0     0 127311 84352 31  6 63  0  0 2026-10-01 09:25:24
16  0      0 26995104  19364 470580    0    0     0    12 127757 74564 44  7 49  0  0 2026-10-01 09:25:25
 2  0      0 26993200  19364 470684    0    0     0     0 137827 88765 31 12 57  0  0 2026-10-01 09:25:26
12  0      0 26976768  19364 471116    0    0     0     4 118618 57103 44 13 43  0  0 2026-10-01 09:25:27
 4  0      0 26976040  19364 471116    0    0     0     0 134101 88153 29  8 63  0  0 2026-10-01 09:25:28
 5  0      0 26916136  19364 471116    0    0     0     0 126233 50137 52 15 32  0  0 2026-10-01 09:25:29
procs -----------memory---------- ---swap-- -----io---- -system-- ------cpu----- -----timestamp-----
 r  b   swpd   free   buff  cache   si   so    bi    bo   in   cs us sy id wa st                 UTC
 6  1      0 26914120  19372 471324    0    0     0    12 131790 87386 26  9 65  0  0 2026-10-01 09:25:30
16  0      0 26912668  19372 471396    0    0     0     0 126081 59425 52 13 35  0  0 2026-10-01 09:25:31
 0  0      0 26911420  19372 471964    0    0     0     8 130927 62173 29 24 47  0  0 2026-10-01 09:25:32
 1  0      0 31082136  19372 470236    0    0     0     4 30239 2850  0  3 97  0  0 2026-10-01 09:25:33
 0  0      0 31221620  19372 440884    0    0     0     0 47782  518  0  2 98  0  0 2026-10-01 09:25:34
 0  0      0 31221620  19372 440884    0    0     0     0   76  137  0  0 100  0  0 2026-10-01 09:25:35
 0  0      0 31221620  19380 440884    0    0     0    28   87  141  0  0 100  0  0 2026-10-01 09:25:36
 0  0      0 31221620  19380 440884    0    0     0     0  116  183  0  0 100  0  0 2026-10-01 09:25:37
