procs -----------memory---------- ---swap-- -----io---- -system-- ------cpu----- -----timestamp-----
 r  b   swpd   free   buff  cache   si   so    bi    bo   in   cs us sy id wa st                 UTC
 1  0      0 2613396  53536 920528    0    0    59   203 1048  455  4  1 94  0  0 2026-10-01 08:44:14
 0  0      0 2613596  53536 920472    0    0     0     0  123  189  0  1 100  0  0 2026-10-01 08:44:15
 0  0      0 2850024  54720 641436    0    0     0 30244 5955 11222 46  9 23 22  0 2026-10-01 08:44:16
 0  0      0 2848512  54740 641604    0    0     0   144  569  819  1  1 99  1  0 2026-10-01 08:44:17
 0  0      0 2848512  54740 641604    0    0     0     0   49   48  1  0 100  0  0 2026-10-01 08:44:18
 0  0      0 2848512  54740 641604    0    0     0    12   42   51  0  0 100  0  0 2026-10-01 08:44:19
 0  1      0 2818816  54976 644728    0    0     0  1704 6704 4574 23  4 66  8  0 2026-10-01 08:44:20
 1  0      0 2798192  55096 646784    0    0     0  1212 5531 4514 16  3 78  4  0 2026-10-01 08:44:21
 2  0      0 2778120  55400 652372    0    0     0  1956 12680 7409 46  6 41  8  0 2026-10-01 08:44:22
 0  0      0 2750356  55532 655444    0    0     0   896 10031 8081 25  5 66  4  1 2026-10-01 08:44:23
 0  0      0 2692560  55688 661156    0    0     0   936 15662 6734 57  7 32  4  0 2026-10-01 08:44:24
 3  0      0 2681276  55784 664424    0    0     0   436 13882 10829 36  5 57  2  0 2026-10-01 08:44:25
 3  0      0 2665036  55836 670688    0    0     0   400 17972 7090 67  7 25  1  0 2026-10-01 08:44:26
 3  0      0 2635636  55852 674004    0    0     0   160 16842 13179 38  5 56  1  0 2026-10-01 08:44:27
 3  0      0 2571260  55956 680428    0    0     0   568 20871 7390 71  8 19  2  0 2026-10-01 08:44:28
 4  0      0 2542588  55964 683788    0    0     0    64 19027 13015 48  7 45  0  0 2026-10-01 08:44:29
 1  0      0 2533636  55964 689752    0    0     0     0 21706 8953 69  7 24  0  0 2026-10-01 08:44:30
 2  0      0 2527392  55964 693292    0    0     0     0 22412 16607 45  6 49  0  0 2026-10-01 08:44:31
 4  0      0 2502276  55964 698832    0    0     0     8 23397 10615 66  8 26  0  0 2026-10-01 08:44:32
 3  0      0 2456476  56004 703024    0    0     0   244 23524 13440 56  7 37  1  0 2026-10-01 08:44:33
 3  0      0 2396332  56004 708612    0    0     0     0 25076 10372 70  8 22  0  0 2026-10-01 08:44:34
procs -----------memory---------- ---swap-- -----io---- -system-- ------cpu----- -----timestamp-----
 r  b   swpd   free   buff  cache   si   so    bi    bo   in   cs us sy id wa st                 UTC
 3  0      0 2359820  56004 712444    0    0     0     0 25251 15206 57 10 33  0  0 2026-10-01 08:44:35
 1  0      0 2351832  56004 717876    0    0     0     0 26388 11855 66  9 25  0  0 2026-10-01 08:44:36
 2  0      0 2346540  56004 722420    0    0     0     0 27425 16154 56 10 34  0  0 2026-10-01 08:44:37
 2  0      0 2338812  56020 727160    0    0     0  1184 27785 15251 59 11 30  0  0 2026-10-01 08:44:38
 5  0      0 2325244  56020 732340    0    0     0     0 28288 12751 63 14 24  0  0 2026-10-01 08:44:39
 1  0      0 2283004  56020 736756    0    0     0     4 29782 16749 60  9 31  0  1 2026-10-01 08:44:40
 4  0      0 2225828  56020 741616    0    0     0 58840 30817 14616 63 13 23  1  0 2026-10-01 08:44:41
 3  0      0 2171424  56032 746244    0    0     0   156 30783 15535 61 12 27  1  0 2026-10-01 08:44:42
 4  0      0 2143336  56032 750960    0    0     0   520 28899 9034 76 10 13  0  0 2026-10-01 08:44:43
 4  0      0 2136448  56032 755440    0    0     0     8 32315 17336 64 10 26  0  0 2026-10-01 08:44:44
 2  0      0 2130708  56032 760396    0    0     0     4 31891 14336 63 13 23  0  0 2026-10-01 08:44:45
 3  0      0 2124112  56032 764776    0    0     0 21176 32480 17268 61 11 28  1  0 2026-10-01 08:44:46
 3  0      0 2115808  56036 769872    0    0     0 28024 33399 12865 70 13 16  0  0 2026-10-01 08:44:47
 3  0      0 2104972  56048 774356    0    0     0    84 34834 18632 64 11 25  1  0 2026-10-01 08:44:48
 1  0      0 2047536  56048 779056    0    0     0     0 33284 11652 67 12 21  0  0 2026-10-01 08:44:49
 5  0      0 1981304  56048 784012    0    0     0    12 33491 9253 74 11 15  0  0 2026-10-01 08:44:50
 2  0      0 1925696  56056 788132    0    0     0    92 35599 16916 59 16 26  0  0 2026-10-01 08:44:51
 2  0      0 1891940  56056 791756    0    0     0   152 29113 6137 80 12  9  0  0 2026-10-01 08:44:52
 2  0      0 1884276  56056 797272    0    0     0     0 36287 8405 78  9 13  0  0 2026-10-01 08:44:53
 2  0      0 1879488  56056 801180    0    0     0     0 38621 19047 63 11 26  0  0 2026-10-01 08:44:54
 2  0      0 1873692  56056 806648    0    0     0     0 35235 7028 77 13 11  0  0 2026-10-01 08:44:55
procs -----------memory---------- ---swap-- -----io---- -system-- ------cpu----- -----timestamp-----
 r  b   swpd   free   buff  cache   si   so    bi    bo   in   cs us sy id wa st                 UTC
 2  0      0 1869168  56068 810516    0    0     0   108 37405 17228 65 11 23  1  0 2026-10-01 08:44:56
 2  0      0 1860360  56068 815976    0    0     0     0 35022 5693 77 14 10  0  1 2026-10-01 08:44:57
 2  0      0 1852800  56068 819952    0    0     0     0 37757 16388 64 12 24  0  0 2026-10-01 08:44:58
 2  0      0 1800144  56068 825364    0    0     0     0 36598 4802 78 15  8  0  0 2026-10-01 08:44:59
 2  0      0 1738304  56068 829308    0    0     0     0 40331 13484 65 19 17  0  0 2026-10-01 08:45:00
 2  0      0 1669332  56072 833976    0    0     0    64 38377 8197 73 15 13  0  0 2026-10-01 08:45:01
 2  0      0 1600816  56072 838532    0    0     0     8 35714 4134 76 19  6  0  0 2026-10-01 08:45:02
 2  0      0 1581848  56072 842356    0    0     0     0 34120  816 87 12  1  0  0 2026-10-01 08:45:03
 2  0      0 1575424  56072 846640    0    0     0     0 37937 10217 72 13 15  0  0 2026-10-01 08:45:04
 2  0      0 1569796  56072 850192    0    0     0     0 40743 14739 66 16 18  0  0 2026-10-01 08:45:05
 2  0      0 1563356  56076 855184    0    0     0    96 40626 3927 79 16  6  0  0 2026-10-01 08:45:06
 2  0      0 1558328  56092 859608    0    0     0  2900 40359 10101 69 15 16  1  0 2026-10-01 08:45:07
 2  0      0 1552544  56120 864752    0    0     0  5332 40714 8101 78 12 10  1  0 2026-10-01 08:45:08
 3  0      0 1545488  56184 870844    0    0     0 13424 40825 7006 72 16  9  3  0 2026-10-01 08:45:09
 2  0      0 1536920  56284 878452    0    0     0 24988 40486 5986 71 14 10  5  0 2026-10-01 08:45:10
 2  0      0 1497380  56404 884952    0    0     0 23956 40607 6039 70 16  9  5  0 2026-10-01 08:45:11
 2  0      0 1433144  56544 890808    0    0     0 25212 41168 7812 67 19 11  5  0 2026-10-01 08:45:12
 2  0      0 1371684  56580 893392    0    0     0  8396 42229 8039 70 16 12  2  1 2026-10-01 08:45:13
 2  0      0 1308892  56612 896392    0    0     0 10536 46171 9066 68 18 12  3  0 2026-10-01 08:45:14
 2  0      0 1243624  56632 898012    0    0     0  5024 46634 7311 72 18  9  1  0 2026-10-01 08:45:15
 2  0      0 1221008  56632 898336    0    0     0    44 40748 2548 79 17  5  0  0 2026-10-01 08:45:16
procs -----------memory---------- ---swap-- -----io---- -system-- ------cpu----- -----timestamp-----
 r  b   swpd   free   buff  cache   si   so    bi    bo   in   cs us sy id wa st                 UTC
 2  0      0 1217504  56692 900848    0    0     0 27784 43946 3454 77 16  5  2  0 2026-10-01 08:45:17
 0  0      0 1216244  56700 901696    0    0     0  2736 50345 9486 71 16 12  0  0 2026-10-01 08:45:18
 2  0      0 1214732  56732 903100    0    0     0  5712 47405 15004 66 15 19  1  0 2026-10-01 08:45:19
 0  0      0 1214480  56732 903180    0    0     0     8 18273 1509 26  7 68  0  0 2026-10-01 08:45:20
 0  0      0 1214480  56732 901900    0    0     0     0 30992 23369  9 14 78  0  0 2026-10-01 08:45:21
 0  0      0 1214480  56732 893356    0    0     0  7920 30345 25172  7 11 82  1  0 2026-10-01 08:45:22
