procs -----------memory---------- ---swap-- -----io---- -system-- ------cpu----- -----timestamp-----
 r  b   swpd   free   buff  cache   si   so    bi    bo   in   cs us sy id wa st                 UTC
 0  0      0 31215900  17032 438964    0    0    23     2 1755 1103  9  2 89  0  0 2026-10-01 08:44:14
 0  0      0 31206364  17032 438964    0    0     0     0 1987 1955  1  0 99  0  0 2026-10-01 08:44:15
 1  0      0 31203648  17032 438964    0    0     0    12 2554 1891  1  0 99  0  0 2026-10-01 08:44:16
 0  0      0 31202472  17032 438964    0    0     0     0  663  669  2  0 98  0  0 2026-10-01 08:44:17
 0  0      0 31202472  17032 438964    0    0     0     0  171  323  0  0 100  0  0 2026-10-01 08:44:18
16  0      0 31201968  17032 438964    0    0     0    12  858  979  1  0 99  0  0 2026-10-01 08:44:19
 0  0      0 31148572  17040 438964    0    0     0    52 43841 45410 15  1 84  0  0 2026-10-01 08:44:20
 0  0      0 31089464  17040 438964    0    0     0     0 42484 44916 11  1 87  0  0 2026-10-01 08:44:21
 1  0      0 31002200  17040 438932    0    0     0     0 56439 53283 18  2 80  0  0 2026-10-01 08:44:22
 1  0      0 30926208  17040 439252    0    0     0     0 56124 54540 18  2 80  0  0 2026-10-01 08:44:23
 1  0      0 30837592  17040 439924    0    0     0     0 65486 61169 22  3 75  0  0 2026-10-01 08:44:24
14  0      0 30736932  17048 440468    0    0     0    20 64200 57847 21  2 77  0  0 2026-10-01 08:44:25
 2  0      0 30610752  17048 441316    0    0     0     4 72738 60587 25  3 72  0  0 2026-10-01 08:44:26
 4  0      0 30529000  17048 441868    0    0     0     0 71135 58868 26  3 71  0  0 2026-10-01 08:44:27
 1  0      0 30503056  17048 442628    0    0     0     0 73395 60236 24  3 73  0  0 2026-10-01 08:44:28
14  0      0 30413960  17048 443100    0    0     0     0 79154 64564 29  3 68  0  0 2026-10-01 08:44:29
 2  0      0 30310336  17048 443780    0    0     0     0 79597 60443 25  3 72  0  0 2026-10-01 08:44:30
 1  0      0 30139680  17056 444188    0    0     0    12 87859 68177 28  4 68  0  0 2026-10-01 08:44:31
10  0      0 30094796  17056 444652    0    0     0     4 83038 66489 27  3 70  0  0 2026-10-01 08:44:32
 2  0      0 30019356  17056 445188    0    0     0     0 88229 65068 34  4 62  0  0 2026-10-01 08:44:33
 2  0      0 29903772  17056 445556    0    0     0     0 94738 75955 27  4 70  0  0 2026-10-01 08:44:34
procs -----------memory---------- ---swap-- -----io---- -system-- ------cpu----- -----timestamp-----
 r  b   swpd   free   buff  cache   si   so    bi    bo   in   cs us sy id wa st                 UTC
 4  0      0 29857040  17056 446076    0    0     0     0 96576 72429 29  5 67  0  0 2026-10-01 08:44:35
16  0      0 29833520  17056 446444    0    0     0     0 90336 74498 24  3 73  0  0 2026-10-01 08:44:36
 0  0      0 29785360  17064 446900    0    0     0    12 98185 74371 31  4 65  0  0 2026-10-01 08:44:37
16  0      0 29684952  17064 447332    0    0     0     4 101604 75848 31  5 64  0  0 2026-10-01 08:44:38
 2  0      0 29681088  17064 447796    0    0     0     0 93881 71045 31  4 64  0  0 2026-10-01 08:44:39
 3  0      0 29475876  17064 448204    0    0     0     0 103882 75926 31  5 64  0  0 2026-10-01 08:44:40
 9  0      0 29473304  17064 448540    0    0     0     0 99269 76487 33  4 63  0  0 2026-10-01 08:44:41
 1  0      0 29470168  17064 448860    0    0     0     0 104094 79245 33  5 62  0  0 2026-10-01 08:44:42
 6  0      0 29461572  17072 449196    0    0     0    12 103487 78618 33  4 63  0  0 2026-10-01 08:44:43
 1  0      0 29175888  17072 449612    0    0     0     4 112056 77408 36  5 59  0  0 2026-10-01 08:44:44
 7  0      0 29171324  17072 450060    0    0     0  1052 101392 71127 37  5 58  0  0 2026-10-01 08:44:45
16  0      0 29031380  17072 450500    0    0     0     0 108159 79418 27  5 68  0  0 2026-10-01 08:44:46
 6  0      0 28975856  17072 450876    0    0     0     0 113216 82596 36  5 59  0  0 2026-10-01 08:44:47
 3  0      0 28974264  17072 451204    0    0     0     0 108363 78602 36  5 59  0  0 2026-10-01 08:44:48
 4  0      0 28770312  17080 451620    0    0     0    28 110122 76431 35  5 60  0  0 2026-10-01 08:44:49
 0  0      0 28766140  17080 451816    0    0     0    44 109591 76787 39  5 56  0  0 2026-10-01 08:44:50
 3  0      0 28764768  17080 452432    0    0     0     0 107470 80729 30  5 65  0  0 2026-10-01 08:44:51
 2  0      0 28532340  17080 452720    0    0     0     0 122457 78351 39  7 55  0  0 2026-10-01 08:44:52
 2  0      0 28527624  17080 453184    0    0     0     0 113030 74410 41  5 54  0  0 2026-10-01 08:44:53
 9  0      0 28523380  17080 453344    0    0     0     0 121488 91041 30  5 64  0  0 2026-10-01 08:44:54
 0  0      0 28363752  17088 453720    0    0     0    20 115979 76643 41  6 53  0  0 2026-10-01 08:44:55
procs -----------memory---------- ---swap-- -----io---- -system-- ------cpu----- -----timestamp-----
 r  b   swpd   free   buff  cache   si   so    bi    bo   in   cs us sy id wa st                 UTC
 0  0      0 28360532  17088 454160    0    0     0     4 108136 70762 43  5 52  0  0 2026-10-01 08:44:56
 4  0      0 28207848  17088 454560    0    0     0     0 115633 81256 32  6 63  0  0 2026-10-01 08:44:57
16  0      0 28123552  17088 454960    0    0     0     0 120195 77212 43  6 51  0  0 2026-10-01 08:44:58
 5  0      0 28121744  17088 455576    0    0     0     0 112665 67064 48  6 45  0  0 2026-10-01 08:44:59
16  0      0 27923084  17088 455680    0    0     0     0 128792 91774 32  7 61  0  0 2026-10-01 08:45:00
 1  0      0 27766360  17096 456096    0    0     0    12 123926 69342 45  6 48  0  0 2026-10-01 08:45:01
 0  0      0 27760524  17096 456552    0    0     0     4 112030 68114 48  5 46  0  0 2026-10-01 08:45:02
15  0      0 27757480  17096 457040    0    0     0     0 121978 83197 34  6 60  0  0 2026-10-01 08:45:03
 4  0      0 27552968  17096 457040    0    0     0     0 131111 63922 47  6 47  0  0 2026-10-01 08:45:04
 5  0      0 27550448  17096 457520    0    0     0     0 114148 61016 51  6 44  0  0 2026-10-01 08:45:05
 3  0      0 27548628  17104 457632    0    0     0   216 129678 84133 35  5 60  0  0 2026-10-01 08:45:06
 1  0      0 27389932  17104 458004    0    0     0     0 123032 65379 49  6 45  0  0 2026-10-01 08:45:07
16  0      0 27387048  17104 458436    0    0     0     4 116037 70787 41  6 53  0  0 2026-10-01 08:45:08
 9  0      0 27384228  17104 458820    0    0     0     0 117811 69889 44  5 50  0  0 2026-10-01 08:45:09
 0  0      0 27270564  17104 458996    0    0     0     0 121586 62547 51  6 43  0  0 2026-10-01 08:45:10
 7  0      0 27267720  17104 459396    0    0     0     0 120388 74015 36  6 58  0  0 2026-10-01 08:45:11
 6  0      0 27213204  17112 459900    0    0     0    20 123319 63087 50  5 45  0  0 2026-10-01 08:45:12
16  0      0 27154432  17112 459900    0    0     0     0 127815 69821 42  6 52  0  0 2026-10-01 08:45:13
 4  0      0 27039696  17112 460420    0    0     0     4 132388 69785 44  6 50  0  0 2026-10-01 08:45:14
 0  0      0 27037344  17112 460484    0    0     0     0 116262 57231 52  7 41  0  0 2026-10-01 08:45:15
 7  0      0 27035956  17112 460732    0    0     0     0 125632 76450 34  5 62  0  0 2026-10-01 08:45:16
procs -----------memory---------- ---swap-- -----io---- -system-- ------cpu----- -----timestamp-----
 r  b   swpd   free   buff  cache   si   so    bi    bo   in   cs us sy id wa st                 UTC
16  1      0 26893212  17120 460796    0    0     0    12 130930 61045 49  6 45  0  0 2026-10-01 08:45:17
16  0      0 26890244  17120 461196    0    0     0     0 122648 71482 40  5 55  0  0 2026-10-01 08:45:18
16  0      0 26832064  17120 461324    0    0     0     0 126744 66074 49  6 46  0  0 2026-10-01 08:45:19
 0  0      0 26828368  17120 461580    0    0     0     4 30538 39481  5  1 93  0  0 2026-10-01 08:45:20
 0  0      0 31230436  17120 439028    0    0     0     0 63990  878  0  5 95  0  0 2026-10-01 08:45:21
 0  0      0 31230444  17120 439028    0    0     0     0 10758  119  0  0 100  0  0 2026-10-01 08:45:22
 0  0      0 31230192  17128 439032    0    0     0    28   96  150  0  0 100  0  0 2026-10-01 08:45:23
 1  0      0 31200096  17128 439032    0    0     0     0  823  683  2  0 98  0  0 2026-10-01 08:45:24
