procs -----------memory---------- ---swap-- -----io---- -system-- ------cpu----- -----timestamp-----
 r  b   swpd   free   buff  cache   si   so    bi    bo   in   cs us sy id wa st                 UTC
 1  0      0 2617128  55112 946764    0    0    59   218 1075  401  4  1 94  0  0 2026-10-01 08:44:14
 0  0      0 2617220  55112 946728    0    0     0     0  109  176  0  0 100  0  0 2026-10-01 08:44:15
 0  0      0 2846464  56580 642740    0    0     0 30592 6926 13017 44 14 22 20  0 2026-10-01 08:44:16
 0  0      0 2844952  56600 642844    0    0     0   156  399  558  0  1 99  1  0 2026-10-01 08:44:17
 0  0      0 2844952  56600 642844    0    0     0     0   57   54  0  0 100  0  0 2026-10-01 08:44:18
 0  0      0 2844952  56600 642844    0    0     0     8   47   52  0  0 100  0  0 2026-10-01 08:44:19
 2  0      0 2818532  56788 645468    0    0     0  1312 5456 3603 20  3 70  6  0 2026-10-01 08:44:20
 0  0      0 2798944  57000 648588    0    0     0  1484 8019 7038 25  3 66  6  0 2026-10-01 08:44:21
 0  0      0 2774132  57148 652800    0    0     0  1280 11631 7326 40  4 52  5  0 2026-10-01 08:44:22
 3  0      0 2741904  57216 656184    0    0     0   552 11807 9270 32  5 61  2  0 2026-10-01 08:44:23
 2  0      0 2706336  57308 660516    0    0     0   548 14492 9553 48  6 44  2  0 2026-10-01 08:44:24
 0  0      0 2699144  57356 663840    0    0     0   308 13134 10294 34  4 61  1  0 2026-10-01 08:44:25
 4  0      0 2674052  57448 668824    0    0     0   640 16753 9950 51  7 39  3  0 2026-10-01 08:44:26
 3  0      0 2635328  57468 672616    0    0     0   132 17613 13224 40  7 52  1  1 2026-10-01 08:44:27
 1  0      0 2592276  57484 676816    0    0     0   176 18934 12188 52  5 43  1  0 2026-10-01 08:44:28
 3  0      0 2562860  57484 680772    0    0     0     0 19695 13215 52  6 42  0  0 2026-10-01 08:44:29
 3  0      0 2557372  57484 684972    0    0     0     0 20046 13852 52  6 43  0  0 2026-10-01 08:44:30
 3  0      0 2549392  57512 689028    0    0     0   192 21942 15746 48  7 44  1  0 2026-10-01 08:44:31
 4  0      0 2531804  57512 693376    0    0     0     8 21953 13435 56  6 39  0  0 2026-10-01 08:44:32
 3  0      0 2486024  57512 697456    0    0     0     0 23648 14943 53 10 37  0  0 2026-10-01 08:44:33
 1  0      0 2440216  57512 701772    0    0     0     0 23786 14905 53  9 38  0  0 2026-10-01 08:44:34
procs -----------memory---------- ---swap-- -----io---- -system-- ------cpu----- -----timestamp-----
 r  b   swpd   free   buff  cache   si   so    bi    bo   in   cs us sy id wa st                 UTC
 4  0      0 2388832  57512 706184    0    0     0     0 23975 12032 63 11 26  0  0 2026-10-01 08:44:35
 4  0      0 2383092  57516 710264    0    0     0    56 25459 17296 51 11 38  0  0 2026-10-01 08:44:36
 3  0      0 2377632  57516 714440    0    0     0     0 25419 16115 54  9 38  0  0 2026-10-01 08:44:37
 3  0      0 2372676  57516 718644    0    0     0    12 26905 17718 53  9 38  0  0 2026-10-01 08:44:38
 3  0      0 2362892  57516 723244    0    0     0     4 27434 16419 60  8 32  0  0 2026-10-01 08:44:39
 4  0      0 2339216  57516 727452    0    0     0     0 27969 17629 57  9 35  0  0 2026-10-01 08:44:40
 3  0      0 2287892  57524 731812    0    0     0    68 28321 16614 55 12 34  0  0 2026-10-01 08:44:41
 4  0      0 2234788  57544 736088    0    0     0   172 30169 18231 55 13 31  0  0 2026-10-01 08:44:42
 4  0      0 2187452  57544 740308    0    0     0  1024 27450 11903 70 10 21  0  0 2026-10-01 08:44:43
 3  0      0 2182172  57552 744488    0    0     0    92 31336 19036 58  9 33  0  0 2026-10-01 08:44:44
 2  0      0 2176936  57552 748840    0    0     0     4 30493 17214 60 10 30  0  0 2026-10-01 08:44:45
 2  0      0 2169880  57552 752992    0    0     0  3308 31072 18317 57 11 32  1  0 2026-10-01 08:44:46
 0  0      0 2163660  57552 757544    0    0     0     0 31511 16338 62 11 27  0  0 2026-10-01 08:44:47
 4  0      0 2157388  57552 761644    0    0     0     0 34196 21325 59 10 31  0  0 2026-10-01 08:44:48
 3  0      0 2132692  57568 767036    0    0     0  5520 32059 16264 59 15 26  0  0 2026-10-01 08:44:49
 2  0      0 2080804  57576 771036    0    0     0    92 32786 16101 62 11 27  0  1 2026-10-01 08:44:50
 3  0      0 2021080  57576 775344    0    0     0     0 34038 15749 65 12 23  0  0 2026-10-01 08:44:51
 2  0      0 1969672  57576 779124    0    0     0 60432 34417 18399 58 14 26  2  0 2026-10-01 08:44:52
 1  0      0 1944084  57576 783380    0    0     0     0 29889 5073 82 11  7  0  0 2026-10-01 08:44:53
 3  0      0 1938816  57588 787604    0    0     0   112 35487 17561 60 14 26  1  0 2026-10-01 08:44:54
 2  0      0 1933384  57588 791444    0    0     0     0 34315 16373 63 11 26  0  0 2026-10-01 08:44:55
procs -----------memory---------- ---swap-- -----io---- -system-- ------cpu----- -----timestamp-----
 r  b   swpd   free   buff  cache   si   so    bi    bo   in   cs us sy id wa st                 UTC
 0  0      0 1928348  57588 795620    0    0     0    12 34397 14337 59 14 27  0  0 2026-10-01 08:44:56
 2  0      0 1924092  57588 799372    0    0     0 65092 34927 14549 65 12 22  1  0 2026-10-01 08:44:57
 2  0      0 1917424  57588 803820    0    0     0     0 34812 12647 68 14 19  0  0 2026-10-01 08:44:58
 2  0      0 1909724  57592 807672    0    0     0    92 36486 16618 61 13 26  0  0 2026-10-01 08:44:59
 2  0      0 1862124  57592 811824    0    0     0     0 37898 14786 66 16 19  0  0 2026-10-01 08:45:00
 2  0      0 1805800  57592 815452    0    0     0     0 36414 15715 62 13 25  0  0 2026-10-01 08:45:01
 2  0      0 1736272  57592 820084    0    0     0  5320 35889 6719 74 16 10  0  0 2026-10-01 08:45:02
 2  0      0 1681448  57592 823272    0    0     0     0 36791 15414 60 16 24  0  0 2026-10-01 08:45:03
 2  0      0 1661516  57600 826204    0    0     0    96 32063 6182 75 15  9  0  0 2026-10-01 08:45:04
 2  0      0 1653272  57600 831064    0    0     0     0 37645 5669 76 15  9  0  0 2026-10-01 08:45:05
 2  0      0 1650500  57600 833736    0    0     0     0 42094 20871 56 14 29  0  0 2026-10-01 08:45:06
 2  0      0 1644652  57600 838632    0    0     0     8 37865 5601 80 12  8  0  0 2026-10-01 08:45:07
 0  0      0 1641124  57624 841724    0    0     0  3240 39554 19830 55 13 32  1  0 2026-10-01 08:45:08
 2  0      0 1635088  57660 847080    0    0     0  5700 36534 8292 74 12 12  2  0 2026-10-01 08:45:09
 2  0      0 1628552  57748 852836    0    0     0 13176 40526 11153 63 18 16  4  0 2026-10-01 08:45:10
 2  0      0 1621032  57872 859116    0    0     0 16352 38709 10040 66 15 15  4  0 2026-10-01 08:45:11
 3  0      0 1602188  57948 863992    0    0     0 12980 40212 9886 67 15 15  4  1 2026-10-01 08:45:12
 2  0      0 1546508  58008 867532    0    0     0  8896 40615 11535 66 15 16  3  0 2026-10-01 08:45:13
 2  0      0 1489892  58052 869672    0    0     0  5404 44983 13417 62 18 18  2  0 2026-10-01 08:45:14
 2  0      0 1430936  58092 871808    0    0     0  5484 42126 10350 64 18 16  2  0 2026-10-01 08:45:15
 1  0      0 1373984  58116 873232    0    0     0  3492 44627 13070 59 20 20  1  0 2026-10-01 08:45:16
procs -----------memory---------- ---swap-- -----io---- -system-- ------cpu----- -----timestamp-----
 r  b   swpd   free   buff  cache   si   so    bi    bo   in   cs us sy id wa st                 UTC
 3  0      0 1336016  58116 874164    0    0     0  4924 36658 1586 80 17  3  1  0 2026-10-01 08:45:17
 3  0      0 1333804  58132 875572    0    0     0  4076 42760 8153 73 14 12  2  0 2026-10-01 08:45:18
 2  0      0 1330500  58164 876680    0    0     0  2284 49096 10634 68 18 14  1  0 2026-10-01 08:45:19
 0  0      0 1330276  58164 876768    0    0     0     8 12204 7028 11  3 86  0  0 2026-10-01 08:45:20
 0  0      0 1330276  58164 875476    0    0     0     0 32059 25246  9 11 80  0  0 2026-10-01 08:45:21
 0  0      0 1330276  58164 868072    0    0     0  4180 25449 21400  5 10 86  0  0 2026-10-01 08:45:22
 0  0      0 1330276  58164 868072    0    0     0     0   48   42  0  0 100  0  0 2026-10-01 08:45:23
