procs -----------memory---------- ---swap-- -----io---- -system-- ------cpu----- -----timestamp-----
 r  b   swpd   free   buff  cache   si   so    bi    bo   in   cs us sy id wa st                 UTC
 1  0      0 2425032  47912 596292    0    0    82   206 2708  911  5  3 92  0  0 2026-10-01 08:44:14
 0  0      0 2424212  47912 596388    0    0     4     0  811 1404  3  2 95  0  0 2026-10-01 08:44:15
 0  4      0 2383064  48752 570096    0    0 17656 29868 6070 11505 46  9 20 26  0 2026-10-01 08:44:16
 0  0      0 2373796  48952 571288    0    0     0  5604 3959 6207 10  2 80  8  0 2026-10-01 08:44:17
 0  0      0 2373796  48956 571320    0    0     0   140  318  533  0  0 100  1  0 2026-10-01 08:44:18
 0  0      0 2373796  48964 571336    0    0     0  2172  488  869  0  0 98  2  0 2026-10-01 08:44:19
 3  0      0 2337840  49036 573820    0    0     0  1180 26758 24330 34 14 50  3  0 2026-10-01 08:44:20
 3  0      0 2289544  49136 578408    0    0     0  2236 31950 32484 49 21 26  4  0 2026-10-01 08:44:21
 2  0      0 2262176  49184 582280    0    0     0   916 46144 35078 45 28 25  2  1 2026-10-01 08:44:22
 0  0      0 2205744  49284 587484    0    0     0  1624 40512 31613 59 23 16  3  0 2026-10-01 08:44:23
 2  0      0 2140548  49404 592788    0    0     0  1264 52568 33248 56 29 13  2  0 2026-10-01 08:44:24
 2  0      0 2102144  49492 598540    0    0     0  1340 45290 27875 67 25  7  1  0 2026-10-01 08:44:25
 4  0      0 2064680  49520 604176    0    0     0   884 59849 31896 59 34  7  1  0 2026-10-01 08:44:26
 3  0      0 2008704  49576 610160    0    0     0   920 52219 27460 62 35  3  1  0 2026-10-01 08:44:27
 5  0      0 1943200  49604 615588    0    0     0   692 65213 31263 57 40  3  1  0 2026-10-01 08:44:28
 4  0      0 1894124  49628 620852    0    0     0   556 58880 31196 66 34  0  1  0 2026-10-01 08:44:29
 2  0      0 1860568  49640 626184    0    0     0   348 65770 28226 63 38  0  0  0 2026-10-01 08:44:30
 4  0      0 1840624  49644 631184    0    0     0   420 64443 32286 64 37  0  0  0 2026-10-01 08:44:31
 4  0      0 1811068  49660 636000    0    0     0   528 69825 30125 60 39  0  0  0 2026-10-01 08:44:32
 6  0      0 1763824  49668 640784    0    0     0   368 69259 32167 61 39  0  0  0 2026-10-01 08:44:33
 6  0      0 1711760  49672 644948    0    0     0   404 74552 35446 56 44  0  0  0 2026-10-01 08:44:34
procs -----------memory---------- ---swap-- -----io---- -system-- ------cpu----- -----timestamp-----
 r  b   swpd   free   buff  cache   si   so    bi    bo   in   cs us sy id wa st                 UTC
 5  0      0 1660836  49708 649040    0    0     0  1696 72314 35674 57 43  0  0  0 2026-10-01 08:44:35
 6  0      0 1610808  49732 653020    0    0     0 61852 76620 33000 53 47  0  0  0 2026-10-01 08:44:36
 5  0      0 1587420  49776 656944    0    0     0  1400 73404 29381 58 42  0  0  0 2026-10-01 08:44:37
 7  0      0 1568220  49796 660608    0    0     0  1056 78460 35360 56 43  0  0  0 2026-10-01 08:44:38
 6  0      0 1544636  49836 664620    0    0     0  1116 80174 34104 50 50  0  0  0 2026-10-01 08:44:39
 6  0      0 1522704  49864 667772    0    0     0  1032 77750 30955 51 50  0  0  0 2026-10-01 08:44:40
 6  0      0 1497736  49896 671440    0    0     0  1004 80829 33958 51 50  0  0  0 2026-10-01 08:44:41
 7  0      0 1480148  49904 674876    0    0     0  1000 83279 36999 46 54  0  0  0 2026-10-01 08:44:42
 9  0      0 1462556  49948 677780    0    0     0  1068 82016 33544 53 47  0  1  0 2026-10-01 08:44:43
 5  0      0 1440096  49984 680372    0    0     0   924 84046 35232 47 53  0  0  0 2026-10-01 08:44:44
 8  0      0 1389972  50028 683644    0    0     0  1024 83263 30004 47 54  0  0  0 2026-10-01 08:44:45
 9  0      0 1345100  50064 687076    0    0     0   984 82385 24862 52 49  0  0  0 2026-10-01 08:44:46
 5  0      0 1301356  50108 689756    0    0     0  1128 84934 27704 51 49  0  0  0 2026-10-01 08:44:47
 6  0      0 1264952  50144 692376    0    0     0  1088 89592 37298 44 56  0  0  0 2026-10-01 08:44:48
 5  0      0 1230044  50224 694280    0    0     0  1072 82337 24508 55 45  0  0  0 2026-10-01 08:44:49
 7  0      0 1215256  50264 697200    0    0     0  1004 87726 27638 46 55  0  0  0 2026-10-01 08:44:50
 5  0      0 1195324  50288 700304    0    0     0   936 85451 22088 53 47  0  0  0 2026-10-01 08:44:51
 7  0      0 1176576  50328 702948    0    0     0   924 82755 22389 47 53  0  0  0 2026-10-01 08:44:52
 7  0      0 1162384  50372 705340    0    0     0   840 88511 18382 46 54  0  0  1 2026-10-01 08:44:53
 7  0      0 1144164  50404 708004    0    0     0   828 89975 29232 48 52  0  0  0 2026-10-01 08:44:54
 7  0      0 1127736  50452 710508    0    0     0   788 86202 17764 49 52  0  0  0 2026-10-01 08:44:55
procs -----------memory---------- ---swap-- -----io---- -system-- ------cpu----- -----timestamp-----
 r  b   swpd   free   buff  cache   si   so    bi    bo   in   cs us sy id wa st                 UTC
 5  0      0 1110692  50476 713312    0    0     0   936 88587 21761 51 49  0  0  0 2026-10-01 08:44:56
 7  0      0 1085416  50500 715724    0    0     0 44584 86447 15046 52 48  0  0  0 2026-10-01 08:44:57
 7  0      0 1069128  50524 718704    0    0     0   676 88835 16447 41 60  0  0  0 2026-10-01 08:44:58
 7  0      0 1050584  50564 721668    0    0     0   588 88969 15143 47 53  0  0  0 2026-10-01 08:44:59
 5  0      0 1023824  50572 723128    0    0     0   528 93629 26707 50 50  0  0  0 2026-10-01 08:45:00
 4  0      0 1002456  50600 725460    0    0     0   724 89225 13522 42 58  0  0  0 2026-10-01 08:45:01
 5  0      0 968484  50620 728424    0    0     0   536 88163 11282 40 60  0  0  0 2026-10-01 08:45:02
 6  0      0 935020  50644 729756    0    0     0   468 89160 13540 45 56  0  0  0 2026-10-01 08:45:03
 4  0      0 897848  50676 732364    0    0     0   452 85443 12424 45 56  0  0  0 2026-10-01 08:45:04
 6  0      0 861860  50704 734684    0    0     0   480 86074 5680 43 58  0  0  0 2026-10-01 08:45:05
 4  0      0 826492  50724 736420    0    0     0   392 89380 8717 40 60  0  0  0 2026-10-01 08:45:06
 5  0      0 795968  50748 738084    0    0     0   420 89096 7397 47 53  0  0  0 2026-10-01 08:45:07
 6  0      0 774756  50764 739408    0    0     0   360 88469 9794 43 58  0  0  0 2026-10-01 08:45:08
 5  0      0 759180  50776 742000    0    0     0   392 87806 5232 44 55  0  0  0 2026-10-01 08:45:09
 7  0      0 745608  50792 743660    0    0     0   324 88719 6112 49 51  0  0  0 2026-10-01 08:45:10
 4  0      0 732096  50820 745640    0    0     0   296 87749 3899 42 58  0  0  0 2026-10-01 08:45:11
 4  0      0 717504  50836 747984    0    0     0   316 87065 5326 43 57  0  0  0 2026-10-01 08:45:12
 4  0      0 706440  50852 749552    0    0     0   280 87978 4007 39 62  0  0  0 2026-10-01 08:45:13
 4  0      0 695136  50860 751728    0    0     0   276 88029 3566 40 60  0  0  0 2026-10-01 08:45:14
 4  0      0 681816  50868 753664    0    0     0   268 89524 3404 40 61  0  0  0 2026-10-01 08:45:15
 4  0      0 668624  50880 755228    0    0     0   268 86769 4908 44 56  0  0  0 2026-10-01 08:45:16
procs -----------memory---------- ---swap-- -----io---- -system-- ------cpu----- -----timestamp-----
 r  b   swpd   free   buff  cache   si   so    bi    bo   in   cs us sy id wa st                 UTC
 5  0      0 648984  50888 756680    0    0     0   336 88962 6835 41 60  0  0  0 2026-10-01 08:45:17
 5  0      0 634140  50904 758716    0    0     0   388 87319 3162 40 61  0  0  0 2026-10-01 08:45:18
 5  0      0 624600  50920 760328    0    0     0   364 88709 4103 42 59  0  0  0 2026-10-01 08:45:19
 0  0      0 620820  50936 762004    0    0   104   516 35980 8498 29 25 47  0  0 2026-10-01 08:45:20
 8  0      0 669452  50952 754548    0    0    92   444 39426 10071 13 38 49  1  0 2026-10-01 08:45:21
