procs -----------memory---------- ---swap-- -----io---- -system-- ------cpu----- -----timestamp-----
 r  b   swpd   free   buff  cache   si   so    bi    bo   in   cs us sy id wa st                 UTC
 1  0      0 2807100  33600 758116    0    0    68    54  243  285  0  0 99  0  0 2026-10-01 08:33:23
 4  1      0 2931688  33976 622884    0    0     0 10908 1449 2480 11  4 81  3  0 2026-10-01 08:33:24
 0  0      0 2874272  35908 625932    0    0   232 19560 5831 10945 40  4 38 19  0 2026-10-01 08:33:25
 0  0      0 2874272  35908 625932    0    0     0  1000  101  172  0  0 99  1  0 2026-10-01 08:33:26
 0  0      0 2874272  35908 625932    0    0     0     0   44   59  0  0 100  0  0 2026-10-01 08:33:27
 0  0      0 2862960  36076 627260    0    0     0   664 3168 1864 13  1 83  2  0 2026-10-01 08:33:28
 0  0      0 2845572  36324 629440    0    0     0  2088 5125 4242 16  4 76  5  0 2026-10-01 08:33:29
 0  0      0 2826544  36636 632868    0    0     0  1224 8677 6077 29  3 63  5  0 2026-10-01 08:33:30
 0  0      0 2807920  37028 636892    0    0     0  1488 11069 7564 40  3 52  6  0 2026-10-01 08:33:31
 0  0      0 2778396  37172 640412    0    0     0   584 11807 8648 34  4 60  2  0 2026-10-01 08:33:32
 0  0      0 2761132  37388 645388    0    0     0   880 14704 8657 53  5 39  4  0 2026-10-01 08:33:33
 3  0      0 2724436  37612 650348    0    0     0   904 15047 8736 51  5 41  4  0 2026-10-01 08:33:34
 1  0      0 2715980  37820 656184    0    0     0   892 17984 9648 62  5 30  3  0 2026-10-01 08:33:35
 3  0      0 2672268  37860 661264    0    0     0   164 18203 9396 61  8 32  1  0 2026-10-01 08:33:36
 3  0      0 2660256  37964 667400    0    0     0   488 20707 9251 66  7 26  2  0 2026-10-01 08:33:37
 3  0      0 2619008  38036 672232    0    0     0   340 20826 12246 56  7 36  1  0 2026-10-01 08:33:38
 3  0      0 2589444  38160 679640    0    0     0   556 20816 2015 84 10  4  2  0 2026-10-01 08:33:39
 1  0      0 2583464  38160 682004    0    0     0     0 14917 11529 29  6 65  0  0 2026-10-01 08:33:40
 1  0      0 2583464  38160 679596    0    0     0     0 16035 11338  3  6 90  0  0 2026-10-01 08:33:41
 1  0      0 2583464  38160 679532    0    0     0     0   28   29  0  0 100  0  0 2026-10-01 08:33:42
 1  0      0 2552472  38160 679552    0    0     0     8  516  745 13  3 85  0  0 2026-10-01 08:33:43
