procs -----------memory---------- ---swap-- -----io---- -system-- ------cpu----- -----timestamp-----
 r  b   swpd   free   buff  cache   si   so    bi    bo   in   cs us sy id wa st                 UTC
 0  0      0 31246972  15932 430924    0    0    67     4  693  536  3  1 96  0  0 2026-10-01 08:33:23
 0  0      0 31234428  15932 430936    0    0    12     0 1797 1699  1  0 99  0  0 2026-10-01 08:33:24
 0  0      0 31230480  15932 430936    0    0     0     0 3636 2269  1  0 98  0  0 2026-10-01 08:33:25
 0  0      0 31230480  15932 430936    0    0     0     0  111  181  0  0 100  0  0 2026-10-01 08:33:26
 0  0      0 31230480  15932 430936    0    0     0     0   98  172  0  0 100  0  0 2026-10-01 08:33:27
11  0      0 31208808  15940 430936    0    0     0  1060 23625 23578  7  1 92  0  0 2026-10-01 08:33:28
 3  0      0 31162440  15940 430936    0    0     0     4 39660 42168 12  1 87  0  0 2026-10-01 08:33:29
 0  0      0 31082124  15940 430840    0    0     0     0 48297 48729 16  2 83  0  0 2026-10-01 08:33:30
 1  0      0 31007376  15940 431216    0    0     0     0 58101 59092 18  2 80  0  0 2026-10-01 08:33:31
 9  0      0 30905716  15940 431880    0    0     0     0 61831 58049 21  2 77  0  0 2026-10-01 08:33:32
 3  0      0 30809460  15940 432760    0    0     0     0 61197 53491 23  2 75  0  0 2026-10-01 08:33:33
16  0      0 30684888  15948 433440    0    0     0    28 72967 57610 26  3 71  0  0 2026-10-01 08:33:34
16  0      0 30547132  15948 434320    0    0     0     4 76594 61931 26  3 70  0  0 2026-10-01 08:33:35
 1  0      0 30503480  15948 434920    0    0     0     0 76311 61367 27  3 70  0  0 2026-10-01 08:33:36
 4  0      0 30388736  15948 435728    0    0     0     0 82744 64427 30  3 67  0  0 2026-10-01 08:33:37
 1  0      0 30266352  15948 436408    0    0     0     0 83270 65409 28  4 68  0  0 2026-10-01 08:33:38
15  0      0 30214644  15956 437088    0    0     0    12 84694 60239 35  4 61  0  0 2026-10-01 08:33:39
 0  0      0 30205860  15956 437432    0    0     0     0 37198 29925 13  1 86  0  0 2026-10-01 08:33:40
 0  0      0 31238824  15956 431424    0    0     0     4 26535 2631  0  2 98  0  0 2026-10-01 08:33:41
 0  0      0 31238824  15956 431424    0    0     0     0   65  114  0  0 100  0  0 2026-10-01 08:33:42
 0  0      0 31238824  15956 431424    0    0     0    24   97  157  0  0 100  0  0 2026-10-01 08:33:43
