procs -----------memory---------- ---swap-- -----io---- -system-- ------cpu----- -----timestamp-----
 r  b   swpd   free   buff  cache   si   so    bi    bo   in   cs us sy id wa st                 UTC
 1  0      0 2314120  38880 820168    0    0    82    80  739  479  2  1 97  0  0 2026-10-01 08:33:23
 3  1      0 2385936  39256 737048    0    0     0 10976 2343 3946 16  5 76  4  0 2026-10-01 08:33:24
 0  0      0 2339596  41148 740064    0    0     0 20448 7794 12910 41  7 34 18  0 2026-10-01 08:33:25
 0  0      0 2339596  41168 740064    0    0     0   116  335  558  0  1 99  1  0 2026-10-01 08:33:26
 0  0      0 2339596  41168 740064    0    0     0     0  230  396  0  0 100  0  0 2026-10-01 08:33:27
 0  0      0 2330360  41264 740600    0    0     0   632 9736 6707  7  5 87  2  0 2026-10-01 08:33:28
 0  0      0 2298948  41672 744852    0    0     0  2700 30164 20766 32 19 43  6  0 2026-10-01 08:33:29
 1  0      0 2256588  42008 749408    0    0     0  1728 37957 24387 42 19 34  6  0 2026-10-01 08:33:30
 3  0      0 2214884  42268 754976    0    0     0  1576 43061 25913 49 25 24  2  0 2026-10-01 08:33:31
 1  1      0 2172088  42492 760456    0    0     0  2900 46100 25586 56 25 16  2  0 2026-10-01 08:33:32
 3  0      0 2121032  42740 766200    0    0     0  1452 53023 29167 51 32 16  2  0 2026-10-01 08:33:33
 3  0      0 2064532  42904 772552    0    0     0  1176 53810 25610 68 30  1  2  0 2026-10-01 08:33:34
 2  0      0 2017568  42936 778312    0    0     0   420 61610 27179 65 35  0  0  0 2026-10-01 08:33:35
 5  0      0 1961264  43144 783544    0    0     0  1376 61978 26870 63 35  1  1  0 2026-10-01 08:33:36
 5  0      0 1924684  43228 788788    0    0     0   688 68382 28973 63 36  0  0  0 2026-10-01 08:33:37
 5  0      0 1889872  43300 794172    0    0     0   572 66978 28832 60 39  0  0  0 2026-10-01 08:33:38
 6  0      0 1796256  43404 798520    0    0     0   852 69239 23848 61 38  0  0  0 2026-10-01 08:33:39
 1  0      0 1778104  43468 802572    0    0   136   536 47392 20414 44 31 25  1  0 2026-10-01 08:33:40
 1  0      0 1859068  43488 784472    0    0     0   248 24219 6636  5 22 72  1  0 2026-10-01 08:33:41
