procs -----------memory---------- ---swap-- -----io---- -system-- ------cpu----- -----timestamp-----
 r  b   swpd   free   buff  cache   si   so    bi    bo   in   cs us sy id wa st                 UTC
 1  0      0 2798208  32964 739316    0    0    68    51  203  242  0  0 99  0  0 2026-10-01 08:33:23
 2  0      0 2937720  33456 621660    0    0     0 11844 1632 2683 12  4 80  4  0 2026-10-01 08:33:24
 0  0      0 2879004  35240 624560    0    0     0 18672 5950 10688 37  6 36 21  0 2026-10-01 08:33:25
 0  0      0 2879004  35240 624560    0    0     0     0   28   30  0  0 100  0  0 2026-10-01 08:33:26
 0  0      0 2879004  35240 624560    0    0     0     0   34   47  0  0 100  0  0 2026-10-01 08:33:27
 3  0      0 2872480  35368 625280    0    0     0   492 4241 4492 12  1 86  1  0 2026-10-01 08:33:28
 3  0      0 2841264  35808 629176    0    0     0  1732 16227 15541 37  6 50  7  0 2026-10-01 08:33:29
 2  0      0 2815388  36136 632788    0    0     0  1228 18707 18510 39  7 51  4  0 2026-10-01 08:33:30
 4  0      0 2800112  36352 636376    0    0     0   876 18794 17894 45  5 47  3  0 2026-10-01 08:33:31
 0  0      0 2770976  36600 641044    0    0     0   956 18728 14585 53  6 38  4  0 2026-10-01 08:33:32
 4  0      0 2744444  36776 645548    0    0     0   712 19780 15050 52  7 38  3  0 2026-10-01 08:33:33
 3  0      0 2735956  36916 650344    0    0     0   592 19888 12980 59  7 32  2  0 2026-10-01 08:33:34
 3  1      0 2694472  37144 656116    0    0     0  1000 21614 12944 58 11 26  3  0 2026-10-01 08:33:35
 2  0      0 2677208  37228 661732    0    0     0   408 21875 11554 70  7 22  1  0 2026-10-01 08:33:36
 4  0      0 2638496  37380 667640    0    0     0   700 23109 11825 67  8 23  2  0 2026-10-01 08:33:37
 2  0      0 2617416  37480 673184    0    0     0   372 22118 9194 70 10 19  2  0 2026-10-01 08:33:38
 2  0      0 2596160  37512 678912    0    0     0   180 23523 10469 70 11 20  0  0 2026-10-01 08:33:39
 2  0      0 2555336  37600 683432    0    0   108   388 15288 3501 52  7 39  2  0 2026-10-01 08:33:40
 0  0      0 2555336  37600 680760    0    0     0     8 17345 12146  4  7 88  0  0 2026-10-01 08:33:41
 0  0      0 2553320  37600 680764    0    0     0     0   75   60  1  0 100  0  0 2026-10-01 08:33:42
