+--------+--------+-------------------------------------------+-------+-------+-------+----------+-------+--------+-----+-----+-----+
| COUNT  | METHOD |                    URI                    |  MIN  |  AVG  |  MAX  |   SUM    |  P99  |  2XX   | 3XX | 4XX | 5XX |
+--------+--------+-------------------------------------------+-------+-------+-------+----------+-------+--------+-----+-----+-----+
| 136578 | GET    | ^/api/player/player/[^/]+                 | 0.000 | 0.014 | 0.480 | 1953.364 | 0.180 | 136568 | 0   | 10  | 0   |
| 58128  | GET    | ^/api/player/competition/[^/]+/ranking    | 0.000 | 0.013 | 0.452 | 782.064  | 0.156 | 58117  | 0   | 11  | 0   |
| 7755   | GET    | /api/player/competitions                  | 0.004 | 0.019 | 0.336 | 148.884  | 0.192 | 7745   | 0   | 10  | 0   |
| 1241   | POST   | ^/api/organizer/competition/[^/]+/finish  | 0.004 | 0.018 | 0.400 | 22.260   | 0.192 | 1240   | 0   | 1   | 0   |
| 1219   | GET    | /api/organizer/billing                    | 0.000 | 0.013 | 0.192 | 16.400   | 0.116 | 1219   | 0   | 0   | 0   |
| 1311   | GET    | /api/organizer/players                    | 0.004 | 0.011 | 0.312 | 14.856   | 0.084 | 1311   | 0   | 0   | 0   |
| 1333   | POST   | ^/api/organizer/competition/[^/]+/score   | 0.004 | 0.010 | 0.352 | 13.304   | 0.096 | 1328   | 0   | 5   | 0   |
| 1320   | POST   | /api/organizer/competitions/add           | 0.000 | 0.009 | 0.312 | 11.752   | 0.088 | 1319   | 0   | 1   | 0   |
| 1190   | GET    | /api/admin/tenants/billing?before=xxx     | 0.004 | 0.004 | 0.296 | 5.320    | 0.064 | 1190   | 0   | 0   | 0   |
| 116    | POST   | /api/organizer/players/add                | 0.004 | 0.019 | 0.100 | 2.216    | 0.084 | 116    | 0   | 0   | 0   |
| 1      | POST   | /initialize                               | 1.416 | 1.416 | 1.416 | 1.416    | 1.416 | 1      | 0   | 0   | 0   |
| 79     | GET    | /api/admin/tenants/billing                | 0.000 | 0.003 | 0.036 | 0.272    | 0.036 | 79     | 0   | 0   | 0   |
| 89     | POST   | /api/admin/tenants/add                    | 0.008 | 0.002 | 0.016 | 0.164    | 0.016 | 84     | 0   | 5   | 0   |
| 13     | POST   | ^/api/organizer/player/[^/]+/disqualified | 0.004 | 0.003 | 0.012 | 0.036    | 0.012 | 12     | 0   | 1   | 0   |
| 1      | GET    | /api/me                                   | 0.000 | 0.000 | 0.000 | 0.000    | 0.000 | 1      | 0   | 0   | 0   |
| 1      | GET    | ^/css/                                    | 0.000 | 0.000 | 0.000 | 0.000    | 0.000 | 1      | 0   | 0   | 0   |
| 1      | GET    | ^/js/                                     | 0.000 | 0.000 | 0.000 | 0.000    | 0.000 | 1      | 0   | 0   | 0   |
| 1      | GET    | /index.html                               | 0.000 | 0.000 | 0.000 | 0.000    | 0.000 | 1      | 0   | 0   | 0   |
| 1      | GET    | /api/organizer/competitions               | 0.000 | 0.000 | 0.000 | 0.000    | 0.000 | 1      | 0   | 0   | 0   |
+--------+--------+-------------------------------------------+-------+-------+-------+----------+-------+--------+-----+-----+-----+
