procs -----------memory---------- ---swap-- -----io---- -system-- ------cpu----- -----timestamp-----
 r  b   swpd   free   buff  cache   si   so    bi    bo   in   cs us sy id wa st                 UTC
 0  0      0 2285100  30424 1232652    0    0   522   172  294  434  1  1 92  5  0 2026-10-01 07:23:37
 0  0      0 2277288  30424 1232660    0    0     0     0  790 1211  5  2 93  0  0 2026-10-01 07:23:38
 2  0      0 2275524  30424 1232660    0    0     0     0  618  508  2  1 97  0  0 2026-10-01 07:23:39
 0  0      0 2275524  30432 1232660    0    0     0   176  980  777 14  0 86  0  0 2026-10-01 07:23:40
 0  0      0 2275524  30432 1232660    0    0     0     4   97  160  0  0 100  0  0 2026-10-01 07:23:41
 0  0      0 2275524  30432 1232660    0    0     0     0   71  126  0  0 100  0  0 2026-10-01 07:23:42
 2  0      0 2251584  30432 1232660    0    0     0     0 11255 5685 64  6 30  0  0 2026-10-01 07:23:43
 2  0      0 2223120  30432 1232852    0    0     0     0 14104 11011 65  5 30  0  0 2026-10-01 07:23:44
 2  0      0 2184592  30440 1233300    0    0     0    20 14369 8131 71  9 21  0  0 2026-10-01 07:23:45
 2  0      0 2123452  30440 1233604    0    0     0     0 14114 5560 79  8 13  0  0 2026-10-01 07:23:46
 2  0      0 2081268  30440 1233892    0    0     0     4 14621 2804 85  7  8  0  0 2026-10-01 07:23:47
 2  0      0 2009264  30440 1234004    0    0     0     0 14988 1767 86  8  6  0  0 2026-10-01 07:23:48
 0  0      0 1981148  30440 1234324    0    0     0     0 15190 2563 86  6  8  0  0 2026-10-01 07:23:49
 2  0      0 1954520  30448 1234452    0    0     0    12 16018 2088 85 10  5  0  0 2026-10-01 07:23:50
 2  0      0 1911988  30448 1234660    0    0     0     0 15928 1569 88  8  5  0  0 2026-10-01 07:23:51
 2  0      0 1887372  30448 1234820    0    0     0     0 17500 2680 89  7  4  0  0 2026-10-01 07:23:52
 2  0      0 1847360  30448 1234964    0    0     0     4 17049 1321 90  8  2  0  0 2026-10-01 07:23:53
 2  0      0 1818436  30448 1235192    0    0     0  1044 18252  913 90 11  0  0  0 2026-10-01 07:23:54
 2  0      0 1797852  30456 1235280    0    0     0    44 18342 1364 90  9  2  0  0 2026-10-01 07:23:55
 2  0      0 1776712  30456 1235436    0    0     0     0 17462  643 91  9  0  0  0 2026-10-01 07:23:56
 2  0      0 1764140  30456 1235696    0    0     0     0 20033 2983 86  8  7  0  0 2026-10-01 07:23:57
procs -----------memory---------- ---swap-- -----io---- -system-- ------cpu----- -----timestamp-----
 r  b   swpd   free   buff  cache   si   so    bi    bo   in   cs us sy id wa st                 UTC
 2  0      0 1695652  30456 1235792    0    0     0     0 18829  702 89 11  0  0  0 2026-10-01 07:23:58
 2  0      0 1694696  30456 1235928    0    0     0     4 18484  627 94  6  0  0  0 2026-10-01 07:23:59
 2  0      0 1671224  30456 1236088    0    0     0     0 18340 1507 90  7  4  0  0 2026-10-01 07:24:00
 2  0      0 1639528  30464 1236188    0    0     0    12 20680 1139 90  8  2  0  0 2026-10-01 07:24:01
 2  0      0 1623960  30472 1236428    0    0     0    52 20481  654 92  8  0  0  0 2026-10-01 07:24:02
 2  0      0 1610404  30472 1236500    0    0     0     0 20782  618 92  8  0  0  0 2026-10-01 07:24:03
 2  0      0 1604132  30472 1236676    0    0     0     0 18747  611 94  6  0  0  0 2026-10-01 07:24:04
 2  0      0 1579716  30472 1236776    0    0     0     4 19721  605 91  9  0  0  0 2026-10-01 07:24:05
 2  0      0 1533152  30472 1236912    0    0     0     0 21074  609 87 13  0  0  0 2026-10-01 07:24:06
 2  0      0 1520088  30472 1237048    0    0     0     0 23375  618 91  9  0  0  0 2026-10-01 07:24:07
 2  0      0 1504280  30480 1237248    0    0     0    36 19886  630 92  8  0  0  0 2026-10-01 07:24:08
 2  0      0 1490924  30480 1237284    0    0     0     0 19649  629 93  7  0  0  0 2026-10-01 07:24:09
 2  0      0 1486696  30480 1237476    0    0     0     0 20834  598 92  8  0  0  0 2026-10-01 07:24:10
 2  0      0 1446124  30480 1237576    0    0     0     4 22115  551 91  9  0  0  0 2026-10-01 07:24:11
 2  0      0 1429056  30480 1237656    0    0     0     0 19518  613 93  8  0  0  0 2026-10-01 07:24:12
 2  0      0 1415740  30488 1237760    0    0     0    12 22020  682 90 10  0  0  0 2026-10-01 07:24:13
 2  0      0 1399892  30488 1237940    0    0     0     0 20220  619 93  7  0  0  0 2026-10-01 07:24:14
 2  0      0 1325832  30488 1238016    0    0     0    48 21210  679 89 11  0  0  0 2026-10-01 07:24:15
 2  0      0 1303724  30488 1238132    0    0     0     0 24614  681 88 12  0  0  0 2026-10-01 07:24:16
 2  0      0 1298472  30488 1238212    0    0     0     8 18440  619 90 11  0  0  0 2026-10-01 07:24:17
 2  0      0 1297492  30496 1238328    0    0     0    20 23899  673 90 10  0  0  0 2026-10-01 07:24:18
procs -----------memory---------- ---swap-- -----io---- -system-- ------cpu----- -----timestamp-----
 r  b   swpd   free   buff  cache   si   so    bi    bo   in   cs us sy id wa st                 UTC
 2  0      0 1248632  30496 1238468    0    0     0     0 22455  667 90 10  0  0  0 2026-10-01 07:24:19
 2  0      0 1246416  30496 1238544    0    0     0     0 21188  624 91  9  0  0  0 2026-10-01 07:24:20
 2  0      0 1244148  30496 1238676    0    0     0     0 22439  689 90 10  0  0  0 2026-10-01 07:24:21
 2  0      0 1213432  30496 1238720    0    0     0     0 19619  587 91  9  0  0  0 2026-10-01 07:24:22
 2  0      0 1205436  30504 1238872    0    0     0    16 25655  681 89 12  0  0  0 2026-10-01 07:24:23
 2  0      0 1172452  30504 1239016    0    0     0     0 17555  581 92  8  0  0  0 2026-10-01 07:24:24
 2  0      0 1163420  30504 1239112    0    0     0     0 26591  726 88 11  0  0  0 2026-10-01 07:24:25
 2  0      0 1106496  30504 1239172    0    0     0     0 23147  668 90 10  0  0  0 2026-10-01 07:24:26
 2  0      0 1105024  30504 1239232    0    0     0     0 27452  554 88 12  0  0  0 2026-10-01 07:24:27
 2  0      0 1099732  30512 1239404    0    0     0    12 20251  712 90  9  0  0  0 2026-10-01 07:24:28
 2  0      0 1099032  30512 1239404    0    0     0     4 23232  549 88 13  0  0  0 2026-10-01 07:24:29
 2  0      0 1039628  30512 1239624    0    0     0     0 22329  700 88 12  0  0  0 2026-10-01 07:24:30
 2  0      0 1027292  30512 1239700    0    0     0     0 26159  575 89 11  0  0  0 2026-10-01 07:24:31
 2  0      0 1027040  30512 1239704    0    0     0     0 17043  657 93  8  0  0  0 2026-10-01 07:24:32
 2  0      0 1022544  30520 1239744    0    0     0   176 27723  677 89 11  0  0  0 2026-10-01 07:24:33
 2  0      0 952236  30520 1239856    0    0     0     0 21643  626 88 12  0  0  0 2026-10-01 07:24:34
 2  0      0 947476  30520 1239920    0    0     0     4 27164  632 88 13  0  0  0 2026-10-01 07:24:35
 2  0      0 946020  30520 1240076    0    0     0     0 20082  629 91  9  0  0  0 2026-10-01 07:24:36
 2  0      0 930688  30520 1240156    0    0     0     0 25422  563 91  9  0  0  0 2026-10-01 07:24:37
 2  0      0 919844  30528 1240352    0    0     0    20 20557  726 87 12  2  0  0 2026-10-01 07:24:38
 2  0      0 906992  30528 1240376    0    0     0     0 23894  624 88 12  0  0  0 2026-10-01 07:24:39
procs -----------memory---------- ---swap-- -----io---- -system-- ------cpu----- -----timestamp-----
 r  b   swpd   free   buff  cache   si   so    bi    bo   in   cs us sy id wa st                 UTC
 2  0      0 906276  30528 1240376    0    0     0     0 21588  589 75 25  0  0  0 2026-10-01 07:24:40
 2  0      0 877044  30528 1240532    0    0     0     4 20583  645 79 21  0  0  0 2026-10-01 07:24:41
 2  0      0 851592  30528 1240568    0    0     0     0 21189  563 86 15  0  0  0 2026-10-01 07:24:42
 0  0      0 851592  30536 1240572    0    0     0    12 2955 2765 20  2 79  0  0 2026-10-01 07:24:43
 0  0      0 2242908  30544 1232640    0    0     0    24 17741  455  0  9 91  0  0 2026-10-01 07:24:44
 0  0      0 2242908  30544 1232640    0    0     0     0   80  137  0  0 100  0  0 2026-10-01 07:24:45
 0  0      0 2242908  30544 1232640    0    0     0     0   72  133  0  0 100  0  0 2026-10-01 07:24:46
 1  0      0 2217960  30544 1232644    0    0     0     4  406  601  8  2 90  0  0 2026-10-01 07:24:47
