procs -----------memory---------- ---swap-- -----io---- -system-- ------cpu----- -----timestamp-----
 r  b   swpd   free   buff  cache   si   so    bi    bo   in   cs us sy id wa st                 UTC
 1  0      0 506060 106932 2291932    0    0   972  2086  863 1558 18  3 68 11  0 2026-10-01 07:23:37
 1  1      0 504548 106976 2274812    0    0     0 27064 3690 7506  3  3 70 25  0 2026-10-01 07:23:38
 0  0      0 519932 107000 2273116    0    0     0 32776 8452 14427 56  8 11 25  0 2026-10-01 07:23:39
 0  0      0 519932 107004 2273336    0    0     0   532  852 1240  0  0 98  1  0 2026-10-01 07:23:40
 0  0      0 519932 107004 2273336    0    0     0    32  428  651  0  0 100  0  0 2026-10-01 07:23:41
 0  0      0 519932 107008 2273336    0    0     0   156  705  957  1  1 98  1  0 2026-10-01 07:23:42
 2  0      0 519932 107012 2279532    0    0     0  3420 15706 17586 47 13 38  3  0 2026-10-01 07:23:43
 3  0      0 519932 107016 2285816    0    0     0  2932 17132 19666 48 11 35  7  0 2026-10-01 07:23:44
 0  1      0 515464 107024 2292268    0    0     0  2328 17830 19005 52 14 31  4  0 2026-10-01 07:23:45
 1  0      0 494364 107040 2298644    0    0     0  1512 18145 18255 54 13 30  3  0 2026-10-01 07:23:46
 6  0      0 477872 107044 2305268    0    0     0  1312 20633 21030 56 15 27  2  0 2026-10-01 07:23:47
 0  0      0 455292 107048 2311500    0    0     0   828 20357 19527 54 15 30  0  0 2026-10-01 07:23:48
 4  0      0 440060 107048 2317968    0    0     0   868 21054 19681 53 17 31  1  0 2026-10-01 07:23:49
 0  0      0 420796 107052 2324356    0    0     0  2552 21364 18350 55 17 28  1  0 2026-10-01 07:23:50
 1  0      0 408536 107052 2330364    0    0     0   576 22777 21147 53 19 28  0  0 2026-10-01 07:23:51
 6  0      0 387056 107060 2336060    0    0     0   564 22725 19343 57 15 27  1  1 2026-10-01 07:23:52
 7  0      0 376780 107060 2341968    0    0     0   640 23569 21276 54 15 31  0  0 2026-10-01 07:23:53
 1  0      0 358920 107060 2348188    0    0     0   532 24745 20349 57 19 24  1  0 2026-10-01 07:23:54
 3  0      0 345140 107060 2353908    0    0     0   336 24919 20133 59 16 26  0  0 2026-10-01 07:23:55
 5  0      0 336320 107060 2359460    0    0     0   548 25707 23096 50 22 27  0  0 2026-10-01 07:23:56
 4  0      0 305608 107064 2365908    0    0     0   452 26598 19848 64 20 16  0  0 2026-10-01 07:23:57
procs -----------memory---------- ---swap-- -----io---- -system-- ------cpu----- -----timestamp-----
 r  b   swpd   free   buff  cache   si   so    bi    bo   in   cs us sy id wa st                 UTC
 4  0      0 299320 107064 2371372    0    0     0   532 26278 22914 49 22 30  0  0 2026-10-01 07:23:58
 7  0      0 288232 107064 2376608    0    0     0   420 26676 22337 53 19 28  0  0 2026-10-01 07:23:59
 6  0      0 273700 107064 2381136    0    0     0 81600 25474 19577 51 20 29  0  0 2026-10-01 07:24:00
 6  0      0 265680 107064 2386524    0    0     0   652 28744 23614 56 17 26  1  0 2026-10-01 07:24:01
 3  0      0 246568 107064 2391884    0    0     0   528 26090 18750 57 19 24  0  0 2026-10-01 07:24:02
 1  0      0 235764 107064 2397860    0    0     0   404 28739 21037 58 21 20  1  0 2026-10-01 07:24:03
 5  0      0 229240 107072 2402216    0    0     0   640 26539 21899 51 18 31  0  0 2026-10-01 07:24:04
 6  0      0 209372 107072 2406836    0    0     0 24508 27075 20059 53 21 25  0  0 2026-10-01 07:24:05
 1  0      0 198720 107072 2411772    0    0     0   536 28762 22772 52 20 28  0  0 2026-10-01 07:24:06
 1  0      0 184216 107072 2417344    0    0     0   684 30313 20267 57 25 18  0  1 2026-10-01 07:24:07
 6  0      0 170608 107072 2421856    0    0     0   616 27426 18514 53 23 24  0  0 2026-10-01 07:24:08
 4  0      0 164080 107072 2426052    0    0     0   444 28058 22590 47 20 32  1  0 2026-10-01 07:24:09
 6  0      0 155288 107072 2431092    0    0     0   356 28475 21610 55 21 24  0  0 2026-10-01 07:24:10
 7  0      0 146020 107072 2435292    0    0     0   340 30693 26511 48 22 30  0  0 2026-10-01 07:24:11
 6  0      0 130904 107072 2439572    0    0     0   340 28356 24558 55 21 24  0  0 2026-10-01 07:24:12
 0  0      0 124116 107072 2444492    0    0     0   636 29680 22101 51 23 26  1  0 2026-10-01 07:24:13
 7  0      0 113852 107072 2448800    0    0     0   612 29004 21709 55 20 26  0  0 2026-10-01 07:24:14
 2  0      0 108056 107072 2453028    0    0     0   532 27115 20500 47 21 32  1  0 2026-10-01 07:24:15
 8  0      0 107868 106980 2453824    0    0     0   724 33563 22442 63 22 15  0  0 2026-10-01 07:24:16
 1  0      0 107664 106816 2450636    0    0     0   576 28714 25326 47 20 32  0  0 2026-10-01 07:24:17
 6  0      0 118592 105208 2434260    0    0   184   816 30409 18443 62 21 17  0  0 2026-10-01 07:24:18
procs -----------memory---------- ---swap-- -----io---- -system-- ------cpu----- -----timestamp-----
 r  b   swpd   free   buff  cache   si   so    bi    bo   in   cs us sy id wa st                 UTC
 0  0      0 109536 105208 2437648    0    0     0   640 30482 25414 39 26 34  1  0 2026-10-01 07:24:19
 5  0      0 120408 104480 2424952    0    0     0 13424 28503 19176 56 20 23  1  0 2026-10-01 07:24:20
 5  0      0 109072 104484 2429000    0    0     4 61560 32847 24198 49 27 23  1  0 2026-10-01 07:24:21
 3  0      0 119380 103980 2415412    0    0     0   780 26893 23102 47 19 33  0  0 2026-10-01 07:24:22
 3  0      0 107584 103984 2419932    0    0     8   640 34272 21927 60 29 11  1  0 2026-10-01 07:24:23
 4  0      0 102124 103984 2423572    0    0     0   780 25138 22371 35 18 46  1  0 2026-10-01 07:24:24
 4  0      0 118840 101556 2366756    0    0    64   660 31199 11332 69 31  0  0  0 2026-10-01 07:24:25
 5  0      0 108464 101560 2371252    0    0    12 10360 29665 20744 45 24 27  4  0 2026-10-01 07:24:26
 5  0      0 103172 101564 2374836    0    0     0   868 35051 22598 55 24 21  0  0 2026-10-01 07:24:27
 3  0      0 118980 101484 2365480    0    0     0   604 31363 27645 45 24 30  1  0 2026-10-01 07:24:28
 3  0      0 120792 101384 2354144    0    0     4   596 30582 20853 51 26 23  0  0 2026-10-01 07:24:29
 5  0      0 108856 101384 2356672    0    0     0   592 30342 24620 61 23 16  0  0 2026-10-01 07:24:30
 1  0      0 103396 101388 2361616    0    0     4   696 36346 27253 55 24 21  0  0 2026-10-01 07:24:31
 6  0      0 117244 101292 2351640    0    0     0   560 25675 21469 35 16 49  1  0 2026-10-01 07:24:32
 7  0      0 113592 100908 2328364    0    0   124  2796 31905 13667 71 28  0  0  0 2026-10-01 07:24:33
 2  0      0 109540 100872 2328932    0    0    28  2764 28618 21564 43 20 34  4  0 2026-10-01 07:24:34
 4  0      0 105312 100872 2332188    0    0     4   672 35773 19985 57 28 16  0  0 2026-10-01 07:24:35
 2  0      0 121736 100728 2321640    0    0    92 22332 27275 22388 51 21 25  3  0 2026-10-01 07:24:36
 3  0      0 115144 100728 2324140    0    0   144   208 33616 22589 43 27 29  1  0 2026-10-01 07:24:37
 2  0      0 102876 100740 2327156    0    0     8  7236 28278 20743 68 19 11  1  1 2026-10-01 07:24:38
 3  0      0 117960 100568 2315368    0    0   244   604 35011 28241 42 27 31  0  0 2026-10-01 07:24:39
procs -----------memory---------- ---swap-- -----io---- -system-- ------cpu----- -----timestamp-----
 r  b   swpd   free   buff  cache   si   so    bi    bo   in   cs us sy id wa st                 UTC
 4  0      0 114240 100568 2317724    0    0    52   624 30432 25327 41 21 38  1  0 2026-10-01 07:24:40
 0  0      0 107600 100576 2319492    0    0     8 48208 31155 29667 52 21 25  2  0 2026-10-01 07:24:41
 0  0      0 102924 100576 2322940    0    0     8   752 28564 22290 51 18 30  1  0 2026-10-01 07:24:42
 0  0      0 102924 100576 2323064    0    0     0   624 1583 1277  1  1 97  1  0 2026-10-01 07:24:43
 2  0      0 105416 100536 2303424    0    0  6472  3872 20105 3446 34 18 30 18  0 2026-10-01 07:24:44
 2  0      0 113984 100536 2308680    0    0  6092    96 1785 2008 50  1 37 12  0 2026-10-01 07:24:45
 0  0      0 127864 100536 2308696    0    0    12     0 2015 2888 51  4 46  0  0 2026-10-01 07:24:46
