+--------+--------+-------------------------------------------+-------+-------+-------+---------+-------+--------+-----+-----+-----+
| COUNT  | METHOD |                    URI                    |  MIN  |  AVG  |  MAX  |   SUM   |  P99  |  2XX   | 3XX | 4XX | 5XX |
+--------+--------+-------------------------------------------+-------+-------+-------+---------+-------+--------+-----+-----+-----+
| 139430 | GET    | ^/api/player/player/[^/]+                 | 0.000 | 0.004 | 0.216 | 517.836 | 0.048 | 139420 | 0   | 10  | 0   |
| 59066  | GET    | ^/api/player/competition/[^/]+/ranking    | 0.000 | 0.004 | 0.216 | 229.924 | 0.052 | 59055  | 0   | 11  | 0   |
| 7709   | GET    | /api/player/competitions                  | 0.000 | 0.007 | 0.164 | 54.656  | 0.072 | 7699   | 0   | 10  | 0   |
| 1280   | POST   | ^/api/organizer/competition/[^/]+/finish  | 0.000 | 0.006 | 0.136 | 8.044   | 0.064 | 1279   | 0   | 1   | 0   |
| 1351   | GET    | /api/organizer/players                    | 0.000 | 0.004 | 0.136 | 5.468   | 0.044 | 1351   | 0   | 0   | 0   |
| 1259   | GET    | /api/organizer/billing                    | 0.004 | 0.004 | 0.072 | 5.204   | 0.056 | 1259   | 0   | 0   | 0   |
| 1352   | POST   | /api/organizer/competitions/add           | 0.000 | 0.004 | 0.084 | 4.992   | 0.044 | 1351   | 0   | 1   | 0   |
| 1357   | POST   | ^/api/organizer/competition/[^/]+/score   | 0.000 | 0.003 | 0.092 | 4.624   | 0.036 | 1352   | 0   | 5   | 0   |
| 1237   | GET    | /api/admin/tenants/billing?before=xxx     | 0.000 | 0.002 | 0.068 | 2.524   | 0.024 | 1237   | 0   | 0   | 0   |
| 117    | POST   | /api/organizer/players/add                | 0.004 | 0.014 | 0.040 | 1.696   | 0.036 | 117    | 0   | 0   | 0   |
| 1      | POST   | /initialize                               | 0.896 | 0.896 | 0.896 | 0.896   | 0.896 | 1      | 0   | 0   | 0   |
| 81     | GET    | /api/admin/tenants/billing                | 0.004 | 0.002 | 0.020 | 0.176   | 0.020 | 81     | 0   | 0   | 0   |
| 91     | POST   | /api/admin/tenants/add                    | 0.000 | 0.001 | 0.016 | 0.100   | 0.016 | 86     | 0   | 5   | 0   |
| 12     | POST   | ^/api/organizer/player/[^/]+/disqualified | 0.004 | 0.002 | 0.004 | 0.020   | 0.004 | 11     | 0   | 1   | 0   |
| 2      | GET    | /api/me                                   | 0.004 | 0.002 | 0.004 | 0.004   | 0.004 | 2      | 0   | 0   | 0   |
| 1      | GET    | ^/css/                                    | 0.000 | 0.000 | 0.000 | 0.000   | 0.000 | 1      | 0   | 0   | 0   |
| 1      | GET    | ^/js/                                     | 0.000 | 0.000 | 0.000 | 0.000   | 0.000 | 1      | 0   | 0   | 0   |
| 1      | GET    | /index.html                               | 0.000 | 0.000 | 0.000 | 0.000   | 0.000 | 1      | 0   | 0   | 0   |
| 1      | GET    | /api/organizer/competitions               | 0.000 | 0.000 | 0.000 | 0.000   | 0.000 | 1      | 0   | 0   | 0   |
+--------+--------+-------------------------------------------+-------+-------+-------+---------+-------+--------+-----+-----+-----+
