procs -----------memory---------- ---swap-- -----io---- -system-- ------cpu----- -----timestamp-----
 r  b   swpd   free   buff  cache   si   so    bi    bo   in   cs us sy id wa st                 UTC
 0  0      0 2270892  30832 1233176    0    0   369   125 1167  389  9  1 85  4  0 2026-10-01 07:29:55
 0  0      0 2261568  30832 1233228    0    0     0     0  805 1213  6  2 93  0  0 2026-10-01 07:29:56
 0  0      0 2258292  30832 1233228    0    0     0     0 1452 1136 11  1 88  0  0 2026-10-01 07:29:57
 0  0      0 2258292  30840 1233228    0    0     0    44   98  167  0  0 100  0  0 2026-10-01 07:29:58
 0  0      0 2258292  30840 1233228    0    0     0     0   84  159  0  0 100  0  0 2026-10-01 07:29:59
 2  0      0 2239896  30840 1233228    0    0     0     0 7068 4572 39  3 58  0  0 2026-10-01 07:30:00
 2  0      0 2204180  30840 1233436    0    0     0     4 12751 7537 66  6 28  0  0 2026-10-01 07:30:01
 2  0      0 2148516  30840 1233708    0    0     0     0 14143 6465 79  6 16  0  0 2026-10-01 07:30:02
 2  0      0 2109272  30840 1234012    0    0     0     0 14233 2858 84  7  9  0  0 2026-10-01 07:30:03
 2  0      0 2055160  30848 1234348    0    0     0    40 14459 2904 87  7  6  0  0 2026-10-01 07:30:04
 2  0      0 2006580  30848 1234684    0    0     0     0 14483 1544 88  7  5  0  0 2026-10-01 07:30:05
 2  0      0 1939868  30848 1234940    0    0     0     0 15369 1185 91  7  3  0  0 2026-10-01 07:30:06
 2  0      0 1931076  30848 1235164    0    0     0     4 15562 1074 89  8  2  0  0 2026-10-01 07:30:07
 2  0      0 1871896  30848 1235372    0    0     0     0 17076 1464 91  8  2  0  0 2026-10-01 07:30:08
 2  0      0 1854536  30856 1235532    0    0     0    12 17507  878 92  7  1  0  0 2026-10-01 07:30:09
 2  0      0 1818540  30856 1235692    0    0     0     0 16877 1161 90  8  2  0  0 2026-10-01 07:30:10
 2  0      0 1789840  30856 1235864    0    0     0     0 17669  661 91  9  0  0  0 2026-10-01 07:30:11
 2  0      0 1783316  30856 1236000    0    0     0     0 17012  683 94  6  0  0  0 2026-10-01 07:30:12
 2  0      0 1734960  30856 1236192    0    0     0   660 18585  745 91 10  0  0  0 2026-10-01 07:30:13
 2  0      0 1715596  30864 1236332    0    0     0    40 18879  645 90 10  0  0  0 2026-10-01 07:30:14
 2  0      0 1696472  30864 1236512    0    0     0     0 19245  621 92  8  0  0  0 2026-10-01 07:30:15
procs -----------memory---------- ---swap-- -----io---- -system-- ------cpu----- -----timestamp-----
 r  b   swpd   free   buff  cache   si   so    bi    bo   in   cs us sy id wa st                 UTC
 2  0      0 1641976  30864 1236648    0    0     0     0 19047  786 90  9  1  0  0 2026-10-01 07:30:16
 2  0      0 1640744  30864 1236808    0    0     0     0 18334  642 93  8  0  0  0 2026-10-01 07:30:17
 2  0      0 1634736  30864 1236964    0    0     0     0 18582  675 93  7  0  0  0 2026-10-01 07:30:18
 2  0      0 1614352  30872 1237104    0    0     0    16 20242  621 93  7  0  0  0 2026-10-01 07:30:19
 2  0      0 1602788  30872 1237236    0    0     0     0 17891  591 90 10  0  0  0 2026-10-01 07:30:20
 2  0      0 1562748  30872 1237316    0    0     0     0 20026  636 90 10  0  0  0 2026-10-01 07:30:21
 2  0      0 1536552  30872 1237492    0    0     0     0 21661  599 92  8  0  0  0 2026-10-01 07:30:22
 2  0      0 1508608  30872 1237592    0    0     0   604 21460  651 92  8  0  0  0 2026-10-01 07:30:23
 2  0      0 1475860  30880 1237728    0    0     0    16 21009  639 91  9  0  0  0 2026-10-01 07:30:24
 2  0      0 1474628  30880 1237888    0    0     0     4 16059  617 94  6  0  0  0 2026-10-01 07:30:25
 2  0      0 1444640  30880 1238020    0    0     0     0 24234  585 87 13  0  0  0 2026-10-01 07:30:26
 2  0      0 1409372  30880 1238064    0    0     0     0 19805  554 90 10  0  0  0 2026-10-01 07:30:27
 2  0      0 1404612  30880 1238236    0    0     0    52 20832  612 92  8  0  0  0 2026-10-01 07:30:28
 2  0      0 1404136  30888 1238392    0    0     0    12 19944  605 91  9  0  0  0 2026-10-01 07:30:29
 2  0      0 1353008  30888 1238492    0    0     0     0 22649  617 91  9  0  0  0 2026-10-01 07:30:30
 2  0      0 1338420  30888 1238576    0    0     0     8 17953  679 92  8  0  0  0 2026-10-01 07:30:31
 2  0      0 1337956  30888 1238732    0    0     0     0 25379  658 92  9  0  0  0 2026-10-01 07:30:32
 2  0      0 1270952  30888 1238848    0    0     0     0 15286  652 93  8  0  0  0 2026-10-01 07:30:33
 2  0      0 1268936  30896 1238904    0    0     0    20 27696  696 90 11  0  0  0 2026-10-01 07:30:34
 2  0      0 1243524  30896 1239068    0    0     0     0 18680  594 90 10  0  0  0 2026-10-01 07:30:35
 2  0      0 1230448  30896 1239148    0    0     0     0 24684  640 88 12  0  0  0 2026-10-01 07:30:36
procs -----------memory---------- ---swap-- -----io---- -system-- ------cpu----- -----timestamp-----
 r  b   swpd   free   buff  cache   si   so    bi    bo   in   cs us sy id wa st                 UTC
 2  0      0 1203484  30896 1239184    0    0     0     4 18785  662 91  9  0  0  0 2026-10-01 07:30:37
 2  0      0 1200500  30896 1239400    0    0     0     0 22984  583 90 11  0  0  0 2026-10-01 07:30:38
 2  0      0 1185660  30904 1239420    0    0     0    12 21937  684 92  8  0  0  0 2026-10-01 07:30:39
 2  0      0 1170568  30904 1239556    0    0     0     0 18273  542 91  8  0  0  0 2026-10-01 07:30:40
 2  0      0 1167544  30904 1239616    0    0     0     0 24507  675 90 10  0  0  0 2026-10-01 07:30:41
 2  0      0 1119944  30904 1239752    0    0     0     0 19731  630 89 12  0  0  0 2026-10-01 07:30:42
 2  0      0 1108100  30904 1239872    0    0     0     4 24752  675 88 12  0  0  0 2026-10-01 07:30:43
 2  0      0 1106628  30912 1239984    0    0     0    12 16941  643 94  7  0  0  0 2026-10-01 07:30:44
 2  0      0 1100076  30912 1240008    0    0     0     0 25520  629 86 14  0  0  0 2026-10-01 07:30:45
 2  0      0 1050180  30912 1240084    0    0     0     0 19622  633 91  9  0  0  0 2026-10-01 07:30:46
 2  0      0 1047688  30912 1240220    0    0     0     0 24940  587 89 11  0  0  0 2026-10-01 07:30:47
 2  0      0 1028312  30912 1240364    0    0     0     0 19096  694 92  9  0  0  0 2026-10-01 07:30:48
 2  0      0 1024796  30920 1240364    0    0     0    16 23991  596 89 11  0  0  0 2026-10-01 07:30:49
 2  0      0 1010432  30920 1240536    0    0     0     0 19298  645 90 10  0  0  1 2026-10-01 07:30:50
 2  0      0 995340  30920 1240664    0    0   128     0 26163  627 91 10  0  0  0 2026-10-01 07:30:51
 2  0      0 985260  30920 1240820    0    0     0     0 16717  639 94  7  0  0  0 2026-10-01 07:30:52
 2  0      0 972912  30920 1240864    0    0     0     0 26783  616 89 12  0  0  0 2026-10-01 07:30:53
 2  0      0 947740  30928 1240996    0    0     0    12 20007  620 89 11  0  0  0 2026-10-01 07:30:54
 2  0      0 927276  30928 1241000    0    0     0     4 24884  607 90  9  1  0  0 2026-10-01 07:30:55
 2  0      0 923244  30928 1241096    0    0     0     0 20302  664 87 13  0  0  0 2026-10-01 07:30:56
 2  0      0 918960  30928 1241096    0    0     0     0 22128  634 79 21  0  0  0 2026-10-01 07:30:57
procs -----------memory---------- ---swap-- -----io---- -system-- ------cpu----- -----timestamp-----
 r  b   swpd   free   buff  cache   si   so    bi    bo   in   cs us sy id wa st                 UTC
 2  1      0 917952  30936 1241188    0    0     0    12 20525  627 79 22  0  0  0 2026-10-01 07:30:58
 2  0      0 849184  30936 1241256    0    0     0     0 18347  545 83 17  0  0  0 2026-10-01 07:30:59
 0  0      0 836344  30936 1241248    0    0     0     0 12536 1455 52 12 36  0  0 2026-10-01 07:31:00
 0  0      0 2297464  30936 1233412    0    0     0     4 20228 1955  1 10 89  0  0 2026-10-01 07:31:01
 0  0      0 2296212  30936 1233408    0    0     0     0  124  180  0  1 100  0  0 2026-10-01 07:31:02
 0  0      0 2296212  30936 1233408    0    0     0     0   80  144  0  0 100  0  0 2026-10-01 07:31:03
 0  0      0 2296212  30944 1233408    0    0     0    76   95  142  0  0 100  0  0 2026-10-01 07:31:04
 0  0      0 2296212  30944 1233408    0    0     0     0   71  132  0  0 100  0  0 2026-10-01 07:31:05
 0  0      0 2296212  30944 1233408    0    0     0     0   68  125  0  0 100  0  0 2026-10-01 07:31:06
