procs -----------memory---------- ---swap-- -----io---- -system-- ------cpu----- -----timestamp-----
 r  b   swpd   free   buff  cache   si   so    bi    bo   in   cs us sy id wa st                 UTC
 1  0      0 1214416  59200 2324596    0    0   376   681  513  758  5  1 90  4  0 2026-10-01 07:29:55
 4  1      0 1246400  60024 2263304    0    0     0 16548 2717 4900 26  6 59 10  0 2026-10-01 07:29:56
 0  0      0 1208292  60968 2265512    0    0     0 13180 3669 6971 19  4 62 15  0 2026-10-01 07:29:57
 0  0      0 1208292  60968 2265512    0    0     0     0   26   34  0  0 100  0  0 2026-10-01 07:29:58
 0  0      0 1208292  60968 2265512    0    0     0  1096   73   72  0  0 100  0  0 2026-10-01 07:29:59
 0  0      0 1199976  61148 2267108    0    0     0   724 2296 3231  3  1 94  3  0 2026-10-01 07:30:00
 0  0      0 1194208  61368 2269152    0    0     0   896 3259 4507  5  2 91  4  0 2026-10-01 07:30:01
 0  0      0 1190940  61492 2270932    0    0     0   548 3719 4887  3  1 94  3  0 2026-10-01 07:30:02
 0  0      0 1181896  61580 2273156    0    0     0   472 4608 5959  3  2 93  2  0 2026-10-01 07:30:03
 0  0      0 1168820  61676 2275964    0    0     0   540 5822 7394  5  1 92  2  0 2026-10-01 07:30:04
 0  0      0 1164032  61708 2277752    0    0     0   152 4998 6301  4  2 94  1  0 2026-10-01 07:30:05
 0  0      0 1161064  61744 2279744    0    0     0   140 5978 7539  4  2 94  1  0 2026-10-01 07:30:06
 0  0      0 1158572  61744 2281724    0    0     0     8 5496 6830  3  2 95  0  0 2026-10-01 07:30:07
 0  0      0 1153812  61772 2283996    0    0     0   180 7445 9281  5  3 91  0  0 2026-10-01 07:30:08
 0  0      0 1146504  61772 2285728    0    0     0     0 6243 7924  6  3 92  0  0 2026-10-01 07:30:09
 2  0      0 1144012  61772 2287712    0    0     0     0 7340 9130  4  3 94  0  0 2026-10-01 07:30:10
 0  0      0 1141996  61804 2289420    0    0     0   144 6688 8365  4  2 94  1  0 2026-10-01 07:30:11
 1  0      0 1140232  61804 2291076    0    0     0     0 7357 9112  6  2 92  0  0 2026-10-01 07:30:12
 3  0      0 1133176  61804 2292880    0    0     0     8 7848 9781  5  3 92  0  1 2026-10-01 07:30:13
 1  0      0 1130908  61804 2294516    0    0     0    20 8071 10195  6  3 91  0  0 2026-10-01 07:30:14
 3  0      0 1128904  61804 2296100    0    0     0     0 8586 10530  5  3 92  0  0 2026-10-01 07:30:15
procs -----------memory---------- ---swap-- -----io---- -system-- ------cpu----- -----timestamp-----
 r  b   swpd   free   buff  cache   si   so    bi    bo   in   cs us sy id wa st                 UTC
 1  0      0 1127140  61812 2297668    0    0     0    56 8206 10529  4  4 92  0  0 2026-10-01 07:30:16
 4  0      0 1125880  61812 2298772    0    0     0     0 7882 9923  3  3 94  0  0 2026-10-01 07:30:17
 1  0      0 1117564  61840 2300564    0    0     0   172 8428 10569  4  4 91  1  0 2026-10-01 07:30:18
 1  0      0 1113784  61840 2302324    0    0     0    12 9225 11707  9  3 89  0  0 2026-10-01 07:30:19
 1  0      0 1112524  61840 2303368    0    0     0  1544 8190 10618  5  3 91  1  0 2026-10-01 07:30:20
 2  0      0 1111012  61840 2304780    0    0     0     4 9071 11111  5  3 92  0  0 2026-10-01 07:30:21
 1  0      0 1108996  61840 2306404    0    0     0 41900 10401 12877  5  5 87  4  0 2026-10-01 07:30:22
 3  0      0 1103452  61848 2307664    0    0     0   184 9942 12247  6  5 89  0  0 2026-10-01 07:30:23
 1  0      0 1100176  61848 2308940    0    0     0     0 9638 12359  7  3 90  0  0 2026-10-01 07:30:24
 1  0      0 1098916  61848 2310152    0    0     0     8 7791 10082  4  4 92  0  0 2026-10-01 07:30:25
 1  0      0 1095708  61872 2312128    0    0     0   160 12645 15117  7  5 88  0  0 2026-10-01 07:30:26
 4  0      0 1094700  61880 2313072    0    0     0    64 9654 12352  6  3 90  0  0 2026-10-01 07:30:27
 0  0      0 1092936  61880 2314428    0    0     0     0 10304 13242  5  2 93  0  0 2026-10-01 07:30:28
 0  0      0 1086636  61880 2315656    0    0     0     0 9946 12770  8  2 90  0  0 2026-10-01 07:30:29
 0  0      0 1085376  61880 2316860    0    0     0     0 11326 14509  6  6 88  0  0 2026-10-01 07:30:30
 0  0      0 1083864  61880 2317956    0    0     0   124 9177 11810  4  2 94  0  0 2026-10-01 07:30:31
 0  0      0 1082604  61884 2319284    0    0     0    56 12587 15914  5  4 91  0  0 2026-10-01 07:30:32
 0  0      0 1081596  61884 2320160    0    0     0     0 7363 9305  4  3 93  0  0 2026-10-01 07:30:33
 2  0      0 1076052  61884 2321572    0    0     0     0 14520 17697  8  6 85  0  0 2026-10-01 07:30:34
 0  0      0 1072776  61892 2322416    0    0     0    56 8574 10777  5  3 92  0  0 2026-10-01 07:30:35
 0  0      0 1071264  61892 2323972    0    0     0     0 13360 17018  8  4 88  0  0 2026-10-01 07:30:36
procs -----------memory---------- ---swap-- -----io---- -system-- ------cpu----- -----timestamp-----
 r  b   swpd   free   buff  cache   si   so    bi    bo   in   cs us sy id wa st                 UTC
 0  0      0 1070004  61892 2324972    0    0     0    12 9036 11659  5  3 93  0  0 2026-10-01 07:30:37
 0  0      0 1068996  61892 2326044    0    0     0     0 11793 14968  6  3 90  0  1 2026-10-01 07:30:38
 0  0      0 1067232  61916 2327184    0    0     0   156 11528 14928  6  4 91  0  0 2026-10-01 07:30:39
 3  0      0 1063704  61916 2328260    0    0     0     0 10219 12968  5  4 91  0  0 2026-10-01 07:30:40
 0  0      0 1062192  61916 2329204    0    0     0     0 12405 15597  7  6 87  0  0 2026-10-01 07:30:41
 0  0      0 1060680  61916 2330480    0    0     0     0 10253 12887  7  4 89  0  0 2026-10-01 07:30:42
 0  0      0 1059700  61916 2331208    0    0     0     8 13141 16969  7  4 89  0  0 2026-10-01 07:30:43
 0  0      0 1058720  61924 2332096    0    0     0    44 8655 11146  4  3 93  0  0 2026-10-01 07:30:44
 0  0      0 1057012  61924 2333088    0    0     0     0 13889 17743  8  5 87  0  0 2026-10-01 07:30:45
 0  0      0 1052560  61924 2334212    0    0     0     0 9544 12295  6  2 92  0  0 2026-10-01 07:30:46
 0  0      0 1050068  61924 2334876    0    0     0     0 13405 16490 10  4 85  0  0 2026-10-01 07:30:47
 0  0      0 1048612  61924 2335600    0    0     0     0 9717 12613  4  2 94  0  0 2026-10-01 07:30:48
 0  0      0 1047408  61928 2336528    0    0     0    48 13697 17634  8  4 88  1  0 2026-10-01 07:30:49
 0  0      0 1046148  61952 2337564    0    0     0   132 9766 12558  6  3 91  0  0 2026-10-01 07:30:50
 0  0      0 1044888  61952 2338660    0    0     0     0 14327 18379  8  4 88  0  0 2026-10-01 07:30:51
 3  0      0 1043880  61952 2339404    0    0     0 22696 9086 11664  5  2 91  2  0 2026-10-01 07:30:52
 0  0      0 1037580  61952 2340320    0    0     0     0 14524 17748  9  7 85  0  0 2026-10-01 07:30:53
 0  0      0 1036376  61952 2341152    0    0     0     0 9746 12669  4  3 93  0  0 2026-10-01 07:30:54
 0  0      0 1035144  61960 2341848    0    0     0    64 13888 17867  8  4 88  0  0 2026-10-01 07:30:55
 0  0      0 1033884  61960 2342872    0    0     0     0 10802 13924  6  5 89  0  0 2026-10-01 07:30:56
 0  0      0 1031896  61980 2344632    0    0     0  1516 12908 16432  7  3 89  1  0 2026-10-01 07:30:57
procs -----------memory---------- ---swap-- -----io---- -system-- ------cpu----- -----timestamp-----
 r  b   swpd   free   buff  cache   si   so    bi    bo   in   cs us sy id wa st                 UTC
 0  0      0 1030888  61980 2345484    0    0     0 11708 11485 14840  4  5 91  1  0 2026-10-01 07:30:58
 2  0      0 1028116  61980 2346064    0    0     0     0 9952 12781  7  2 91  0  0 2026-10-01 07:30:59
 0  0      0 1027136  61980 2346400    0    0     0     0 7787 9903  4  1 95  0  0 2026-10-01 07:31:00
 0  0      0 1027136  61980 2346400    0    0     0    12   42   40  0  0 100  0  0 2026-10-01 07:31:01
 0  0      0 1026128  61984 2346404    0    0     0   100   83  109  1  0 99  0  0 2026-10-01 07:31:02
 0  0      0 1026128  61984 2346404    0    0     0   112   45   42  0  0 100  0  0 2026-10-01 07:31:03
 0  0      0 1026128  61984 2346404    0    0     0     0   26   30  0  0 100  0  0 2026-10-01 07:31:04
 0  0      0 1026128  61984 2346404    0    0     0     0   31   38  0  0 100  0  0 2026-10-01 07:31:05
 0  0      0 995384  61984 2346412    0    0     0     4  635 1008 13  3 84  0  0 2026-10-01 07:31:06
