procs -----------memory---------- ---swap-- -----io---- -system-- ------cpu----- -----timestamp-----
 r  b   swpd   free   buff  cache   si   so    bi    bo   in   cs us sy id wa st                 UTC
 1  0      0 886800  96596 2066188    0    0   724  1740 2079 2128 19  4 69  8  0 2026-10-01 07:29:55
 4  0      0 920008  96604 2016560    0    0     0 19772 4433 8091 33  9 48 10  0 2026-10-01 07:29:56
 0  0      0 889320  96612 2018324    0    0     0 12868 4909 7733 23  5 59 13  0 2026-10-01 07:29:57
 0  0      0 889320  96612 2018336    0    0     0   152  328  535  0  0 99  1  0 2026-10-01 07:29:58
 0  0      0 889320  96612 2018336    0    0     0   132  256  431  0  0 100  1  0 2026-10-01 07:29:59
 1  0      0 880336  96620 2019044    0    0     0   652 8322 6905 21  5 73  2  0 2026-10-01 07:30:00
 3  0      0 859836  96620 2021432    0    0     0  1304 17037 15395 39  9 48  3  0 2026-10-01 07:30:01
 0  0      0 845532  96620 2022980    0    0     0   540 18652 14032 40  9 50  1  0 2026-10-01 07:30:02
 1  0      0 833320  96620 2025492    0    0     0  2108 19732 11655 40 11 47  2  0 2026-10-01 07:30:03
 1  0      0 818432  96620 2027336    0    0     0   532 19796 11105 41 12 46  1  0 2026-10-01 07:30:04
 0  0      0 806152  96620 2029672    0    0     0   428 20709 11043 44 10 45  1  0 2026-10-01 07:30:05
 4  0      0 789224  96620 2031708    0    0     0   540 22596 11878 41 13 46  1  0 2026-10-01 07:30:06
 3  0      0 778468  96620 2033908    0    0     0   536 22867 11915 42 16 41  1  0 2026-10-01 07:30:07
 3  0      0 768724  96620 2035960    0    0     0   448 24479 11415 41 12 46  1  0 2026-10-01 07:30:08
 4  0      0 761724  96620 2038316    0    0     0   444 25299 11925 42 14 43  1  0 2026-10-01 07:30:09
 1  0      0 754468  96620 2039944    0    0     0   516 25117 11645 38 12 49  1  1 2026-10-01 07:30:10
 4  0      0 749456  96620 2042252    0    0     0   496 26454 13390 43 15 42  0  0 2026-10-01 07:30:11
 3  0      0 742188  96620 2044044    0    0     0   500 25976 12804 40 13 47  1  0 2026-10-01 07:30:12
 5  0      0 726548  96620 2046192    0    0     0   668 27305 13055 41 18 42  0  0 2026-10-01 07:30:13
 3  0      0 722780  96620 2048596    0    0     0   484 29102 15339 35 18 46  1  0 2026-10-01 07:30:14
 3  0      0 712480  96620 2050252    0    0     0   492 29194 13063 43 15 41  0  0 2026-10-01 07:30:15
procs -----------memory---------- ---swap-- -----io---- -system-- ------cpu----- -----timestamp-----
 r  b   swpd   free   buff  cache   si   so    bi    bo   in   cs us sy id wa st                 UTC
 5  0      0 709552  96620 2052352    0    0     0   500 28692 13971 37 13 49  1  0 2026-10-01 07:30:16
 1  0      0 700072  96620 2054492    0    0     0   452 28999 14575 37 17 46  0  0 2026-10-01 07:30:17
 3  0      0 696824  96620 2056264    0    0     0   508 28547 12937 36 18 46  1  0 2026-10-01 07:30:18
 2  0      0 686912  96620 2058348    0    0     0   540 31503 14533 41 19 40  0  0 2026-10-01 07:30:19
 5  0      0 679616  96620 2060432    0    0     0   536 28477 15096 36 14 49  0  0 2026-10-01 07:30:20
 6  0      0 666892  96620 2062376    0    0     0   500 30739 14605 35 17 46  1  0 2026-10-01 07:30:21
 3  0      0 661936  96620 2064308    0    0     0 25228 33401 16715 37 18 44  1  0 2026-10-01 07:30:22
 4  0      0 654096  96620 2066720    0    0     0   532 33591 15548 42 19 40  0  0 2026-10-01 07:30:23
 2  0      0 648676  96620 2068600    0    0     0   504 32600 15816 38 15 47  0  0 2026-10-01 07:30:24
 4  0      0 645164  96620 2069976    0    0     0   764 25657 12606 33 11 55  1  0 2026-10-01 07:30:25
 6  0      0 631460  96624 2072420    0    0     0 18224 38916 16420 42 23 34  1  1 2026-10-01 07:30:26
 0  0      0 629444  96628 2074280    0    0     0   672 31004 16884 30 18 53  1  0 2026-10-01 07:30:27
 3  0      0 623144  96628 2076264    0    0     0   656 33773 16534 37 19 43  1  0 2026-10-01 07:30:28
 4  0      0 616844  96628 2077976    0    0     0   668 31948 15068 39 18 42  0  0 2026-10-01 07:30:29
 6  0      0 611048  96632 2079944    0    0     0   648 35473 17738 35 19 45  1  0 2026-10-01 07:30:30
 0  0      0 608792  96632 2081772    0    0     0   708 30139 16588 32 14 54  1  0 2026-10-01 07:30:31
 2  0      0 597716  96632 2084316    0    0     0   672 40145 18015 46 21 32  1  0 2026-10-01 07:30:32
 2  0      0 596460  96636 2085504    0    0     0   540 23259 12317 25 13 60  1  0 2026-10-01 07:30:33
 0  0      0 586128  96636 2088108    0    0     0   584 44989 20095 46 23 31  0  0 2026-10-01 07:30:34
 4  0      0 581872  96636 2089792    0    0     0   636 28765 13968 33 14 52  1  0 2026-10-01 07:30:35
 1  0      0 578360  96636 2092124    0    0     0   620 40282 19359 37 23 39  1  0 2026-10-01 07:30:36
procs -----------memory---------- ---swap-- -----io---- -system-- ------cpu----- -----timestamp-----
 r  b   swpd   free   buff  cache   si   so    bi    bo   in   cs us sy id wa st                 UTC
 1  0      0 575096  96636 2093400    0    0     0  8820 29628 15383 26 16 57  1  0 2026-10-01 07:30:37
 0  0      0 568796  96644 2095648    0    0     0   636 37259 16693 42 20 38  0  0 2026-10-01 07:30:38
 5  0      0 566024  96648 2097580    0    0     0   612 35141 17579 28 20 51  0  0 2026-10-01 07:30:39
 3  0      0 563756  96648 2099248    0    0     0   724 30191 15204 27 14 58  1  0 2026-10-01 07:30:40
 5  0      0 557456  96648 2101400    0    0     0   668 39828 18411 40 24 35  1  0 2026-10-01 07:30:41
 2  0      0 553652  96652 2103064    0    0     0 21880 31942 17863 26 18 55  2  0 2026-10-01 07:30:42
 1  0      0 545096  96652 2105316    0    0     0   640 40046 18541 41 23 35  0  1 2026-10-01 07:30:43
 2  0      0 542356  96652 2106808    0    0     0   560 27848 15248 26 12 61  1  0 2026-10-01 07:30:44
 0  2      0 536900  96668 2108880    0    0     0   576 42511 19679 37 27 37  1  0 2026-10-01 07:30:45
 5  0      0 531104  96672 2110528    0    0     0   492 30358 16112 25 17 57  1  0 2026-10-01 07:30:46
 2  0      0 526132  96672 2112648    0    0     0   448 40367 18044 36 25 38  1  0 2026-10-01 07:30:47
 3  0      0 519384  96676 2114364    0    0     0   428 31084 16504 31 14 54  1  0 2026-10-01 07:30:48
 0  0      0 516176  96676 2116368    0    0     0   392 40397 20147 28 24 48  1  0 2026-10-01 07:30:49
 6  0      0 510380  96676 2118220    0    0     0   372 31745 16484 30 16 53  1  0 2026-10-01 07:30:50
 4  0      0 505592  96676 2120312    0    0     0   336 43285 20448 43 22 35  0  0 2026-10-01 07:30:51
 3  0      0 504584  96676 2121540    0    0     0   312 27427 14619 24 16 60  0  0 2026-10-01 07:30:52
 0  0      0 493300  96676 2123808    0    0     0   340 43774 19289 37 25 38  1  0 2026-10-01 07:30:53
 0  0      0 490064  96684 2126908    0    0     0  2220 32824 17580 29 20 51  1  0 2026-10-01 07:30:54
 0  0      0 486396  96688 2128796    0    0     0   352 40164 18929 32 22 45  0  0 2026-10-01 07:30:55
 0  0      0 481876  96692 2130528    0    0     0   412 34440 18189 31 15 54  1  0 2026-10-01 07:30:56
 4  0      0 478600  96692 2132076    0    0     0   348 37298 19440 29 18 53  1  0 2026-10-01 07:30:57
procs -----------memory---------- ---swap-- -----io---- -system-- ------cpu----- -----timestamp-----
 r  b   swpd   free   buff  cache   si   so    bi    bo   in   cs us sy id wa st                 UTC
 5  0      0 475324  96692 2133640    0    0     0   300 34023 17755 27 17 54  0  0 2026-10-01 07:30:58
 3  0      0 473560  96692 2135108    0    0     0   276 29712 17077 21 16 63  0  0 2026-10-01 07:30:59
 0  0      0 467764  96700 2136068    0    0     0   268 21278 10244 17 11 71  1  0 2026-10-01 07:31:00
 0  0      0 460288  96700 2130696    0    0     0   220 19252 1231 18 12 70  1  0 2026-10-01 07:31:01
 1  0      0 455908  96700 2130900    0    0     0 15540 2403 3433 51  7 37  5  0 2026-10-01 07:31:02
 1  0      0 453388  96704 2131032    0    0     0  7232 2406 3081 68  1 25  5  0 2026-10-01 07:31:03
 0  0      0 493412  96712 2131164    0    0     0  1800 2256 3614 51  5 43  2  0 2026-10-01 07:31:04
