procs -----------memory---------- ---swap-- -----io---- -system-- ------cpu----- -----timestamp-----
 r  b   swpd   free   buff  cache   si   so    bi    bo   in   cs us sy id wa st                 UTC
 1  0      0 1130560  60524 2407208    0    0   402   827  627  885  7  1 88  4  0 2026-10-01 07:29:55
 5  1      0 1211388  61320 2293668    0    0     0 17308 3333 6003 28  6 58  8  0 2026-10-01 07:29:56
 0  0      0 1173868  62428 2296008    0    0     0 12856 3821 6750 20  4 61 15  0 2026-10-01 07:29:57
 0  0      0 1173868  62428 2296008    0    0     0  1552  185  332  0  0 99  2  0 2026-10-01 07:29:58
 0  0      0 1173868  62428 2296008    0    0     0  1088   69   67  1  0 100  0  0 2026-10-01 07:29:59
 0  0      0 1172608  62476 2296608    0    0     0   292 1036 1436  1  1 98  1  0 2026-10-01 07:30:00
 0  0      0 1162808  62744 2299300    0    0     0  1392 3957 5587  3  1 90  6  0 2026-10-01 07:30:01
 0  0      0 1144700  63032 2302936    0    0     0  1592 5933 8257  5  3 86  7  0 2026-10-01 07:30:02
 3  0      0 1140668  63056 2305116    0    0     0   216 5238 6645  5  3 92  1  0 2026-10-01 07:30:03
 0  0      0 1137672  63112 2307476    0    0     0   224 5519 6997  3  2 94  1  0 2026-10-01 07:30:04
 0  0      0 1131652  63196 2310020    0    0     0   384 6415 8023  3  3 92  2  0 2026-10-01 07:30:05
 2  0      0 1121600  63228 2312504    0    0     0   164 7248 8871  7  2 90  1  0 2026-10-01 07:30:06
 0  0      0 1118604  63244 2315112    0    0     0   148 7033 8669  4  4 91  0  0 2026-10-01 07:30:07
 0  0      0 1115860  63244 2317332    0    0     0     0 7657 9396  5  3 92  0  0 2026-10-01 07:30:08
 3  0      0 1110316  63268 2319748    0    0     0   148 7843 9746  7  3 90  0  0 2026-10-01 07:30:09
 2  0      0 1102504  63304 2322252    0    0     0   260 9179 11133  9  3 88  1  0 2026-10-01 07:30:10
 1  0      0 1100236  63304 2324396    0    0     0     0 8413 10508  6  2 92  0  0 2026-10-01 07:30:11
 1  0      0 1097968  63304 2326492    0    0     0     8 8465 10450  7  3 90  0  0 2026-10-01 07:30:12
 1  0      0 1094188  63304 2328360    0    0     0     0 8872 10726  4  2 93  0  1 2026-10-01 07:30:13
 1  0      0 1087188  63304 2330308    0    0     0    24 9762 12052  7  2 91  0  0 2026-10-01 07:30:14
 1  0      0 1083728  63336 2332884    0    0     0   244 10356 12596  6  4 89  1  0 2026-10-01 07:30:15
procs -----------memory---------- ---swap-- -----io---- -system-- ------cpu----- -----timestamp-----
 r  b   swpd   free   buff  cache   si   so    bi    bo   in   cs us sy id wa st                 UTC
 2  0      0 1081488  63336 2334496    0    0     0     0 9967 12319  3  1 96  0  0 2026-10-01 07:30:16
 1  0      0 1078212  63336 2336496    0    0     0    12 10012 12268  5  3 93  0  0 2026-10-01 07:30:17
 1  0      0 1071660  63336 2338400    0    0     0     0 9989 12260  8  3 90  0  0 2026-10-01 07:30:18
 5  0      0 1069896  63336 2339884    0    0     0     0 10690 13092  6  3 91  0  0 2026-10-01 07:30:19
 2  0      0 1067152  63344 2341756    0    0     0    60 10114 12740  6  5 89  0  0 2026-10-01 07:30:20
 4  0      0 1064912  63344 2343580    0    0     0     4 11095 13548  5  3 93  0  0 2026-10-01 07:30:21
 4  0      0 1055672  63388 2345492    0    0     0   200 11394 14283  5  3 92  1  0 2026-10-01 07:30:22
 1  0      0 1052172  63388 2347224    0    0     0     8 11662 14037 10  3 87  0  0 2026-10-01 07:30:23
 2  0      0 1049960  63388 2348744    0    0     0     0 11608 14508  5  4 91  0  0 2026-10-01 07:30:24
 4  0      0 1048700  63388 2349948    0    0     0     0 9535 11789  6  2 91  0  0 2026-10-01 07:30:25
 1  0      0 1045940  63388 2352156    0    0     0     4 14699 17138  7  5 88  0  0 2026-10-01 07:30:26
 0  0      0 1039388  63396 2353328    0    0     0  3160 11324 14221  8  5 86  0  0 2026-10-01 07:30:27
 0  0      0 1037876  63396 2354932    0    0     0     0 11924 15029  5  5 91  0  0 2026-10-01 07:30:28
 0  0      0 1035860  63396 2356624    0    0     0     8 12350 15612  7  3 90  0  0 2026-10-01 07:30:29
 0  0      0 1034600  63396 2358044    0    0     0     0 13149 16378  7  4 90  0  0 2026-10-01 07:30:30
 0  0      0 1033088  63396 2359336    0    0     0    60 11065 13833  7  3 90  0  0 2026-10-01 07:30:31
 0  0      0 1025780  63440 2360836    0    0     0 38688 15023 18426 10  7 81  2  0 2026-10-01 07:30:32
 0  0      0 1024520  63440 2362048    0    0     0     0 9014 11405  6  2 92  0  0 2026-10-01 07:30:33
 0  0      0 1021580  63440 2363860    0    0     0     0 17277 20518  9  5 86  0  0 2026-10-01 07:30:34
 0  0      0 1020572  63440 2364764    0    0     0    12 10437 12773  5  2 93  0  0 2026-10-01 07:30:35
 0  0      0 1018612  63440 2366356    0    0     0     0 15224 19170  8  4 88  0  0 2026-10-01 07:30:36
procs -----------memory---------- ---swap-- -----io---- -system-- ------cpu----- -----timestamp-----
 r  b   swpd   free   buff  cache   si   so    bi    bo   in   cs us sy id wa st                 UTC
 0  0      0 1013824  63448 2367724    0    0     0 22860 11234 13911  8  4 87  1  0 2026-10-01 07:30:37
 0  0      0 1012312  63448 2369340    0    0     0     0 14755 17848  7  4 89  0  1 2026-10-01 07:30:38
 0  0      0 1011304  63448 2370180    0    0     0     0 13451 17061  7  5 88  0  0 2026-10-01 07:30:39
 0  0      0 1010044  63448 2371364    0    0     0     0 12159 15213  3  4 93  0  0 2026-10-01 07:30:40
 0  0      0 1009036  63448 2372416    0    0     0    12 15180 18968  8  4 88  0  0 2026-10-01 07:30:41
 0  0      0 1003996  63456 2374240    0    0     0  3492 11901 15260  9  5 86  0  0 2026-10-01 07:30:42
 0  0      0 1003240  63456 2375024    0    0     0     0 15704 19838  8  6 85  0  0 2026-10-01 07:30:43
 0  0      0 1001308  63456 2376064    0    0     0     0 10481 13114  4  4 92  0  0 2026-10-01 07:30:44
 0  0      0 999376  63456 2377380    0    0     0     0 16993 21029  8  6 87  0  0 2026-10-01 07:30:45
 0  0      0 998144  63456 2378320    0    0     0     0 10990 13965  6  3 90  0  0 2026-10-01 07:30:46
 0  0      0 991648  63464 2379800    0    0     0  1592 16599 20312 10  6 84  1  0 2026-10-01 07:30:47
 0  0      0 990416  63464 2380784    0    0     0    28 12208 15494  6  4 90  0  0 2026-10-01 07:30:48
 0  0      0 989156  63464 2381824    0    0     0     0 15601 19890  9  3 88  0  0 2026-10-01 07:30:49
 0  0      0 987392  63464 2382976    0    0     0     0 12615 16047  5  5 91  0  0 2026-10-01 07:30:50
 3  0      0 986888  63472 2383696    0    0     0    76 16772 20740  7  5 88  0  0 2026-10-01 07:30:51
 0  0      0 985376  63472 2385016    0    0     0  1188 10851 13509  5  5 91  0  0 2026-10-01 07:30:52
 1  0      0 979832  63472 2386240    0    0     0     8 17509 21067 15  5 80  0  0 2026-10-01 07:30:53
 0  0      0 979076  63472 2387200    0    0     0     0 11727 14759  5  2 93  0  0 2026-10-01 07:30:54
 0  0      0 977844  63472 2387948    0    0     0     0 16674 20925  9  5 86  0  0 2026-10-01 07:30:55
 0  0      0 976584  63480 2389364    0    0     0    64 12794 16263  9  4 87  0  0 2026-10-01 07:30:56
 0  0      0 976080  63480 2389660    0    0     0     0 15713 19829  7  4 89  0  0 2026-10-01 07:30:57
procs -----------memory---------- ---swap-- -----io---- -system-- ------cpu----- -----timestamp-----
 r  b   swpd   free   buff  cache   si   so    bi    bo   in   cs us sy id wa st                 UTC
 0  0      0 970872  63488 2390772    0    0     0    60 12971 16372  9  4 87  1  0 2026-10-01 07:30:58
 0  0      0 969416  63488 2391528    0    0     0    12 12382 15962  3  4 93  0  1 2026-10-01 07:30:59
 0  0      0 968016  63488 2391804    0    0     0     0 8794 10836  4  4 92  0  0 2026-10-01 07:31:00
 0  0      0 968016  63488 2391804    0    0     0     0   50   42  0  0 100  0  0 2026-10-01 07:31:01
 0  0      0 967008  63488 2391804    0    0     0     0   83   88  1  0 100  0  0 2026-10-01 07:31:02
 0  0      0 967008  63496 2391796    0    0     0 13084  183  244  0  1 99  1  0 2026-10-01 07:31:03
 0  0      0 967008  63496 2391808    0    0     0     0   49   40  0  0 100  0  0 2026-10-01 07:31:04
 1  0      0 939540  63496 2391820    0    0     0     8  394  517 11  1 88  0  0 2026-10-01 07:31:05
