procs -----------memory---------- ---swap-- -----io---- -system-- ------cpu----- -----timestamp-----
 r  b   swpd   free   buff  cache   si   so    bi    bo   in   cs us sy id wa st                 UTC
 0  0      0 31163112  25572 476560    0    0     4     2   42   46 17  4 80  0  0 2026-10-01 10:13:57
 0  0      0 31162608  25572 476672    0    0     0     0  394  286  0  0 100  0  0 2026-10-01 10:13:58
 0  0      0 31162608  25572 476672    0    0     0     0   93  143  0  0 100  0  0 2026-10-01 10:13:59
 0  0      0 31147860  25572 476680    0    0     0     8 1595 1594  1  0 99  0  0 2026-10-01 10:14:00
 0  0      0 31147860  25572 476680    0    0     0     4   91  143  0  0 100  0  0 2026-10-01 10:14:01
 0  0      0 31142596  25588 476680    0    0     0   836 3057 2583  1  0 98  0  0 2026-10-01 10:14:02
 0  0      0 31142596  25588 476680    0    0     0     0   75  123  0  0 100  0  0 2026-10-01 10:14:03
 0  0      0 31142596  25588 476680    0    0     0     0   76  140  0  0 100  0  0 2026-10-01 10:14:04
 0  0      0 31099784  25588 476680    0    0     0     0 34843 38809 13  1 85  0  0 2026-10-01 10:14:05
 1  0      0 31044904  25588 476680    0    0     0     0 39692 48202 14  2 85  0  0 2026-10-01 10:14:06
11  0      0 30956424  25596 476680    0    0     0    28 51465 55154 20  2 78  0  0 2026-10-01 10:14:07
 1  0      0 30872844  25596 477192    0    0     0     0 50962 51875 21  2 77  0  0 2026-10-01 10:14:08
17  0      0 30762312  25596 478072    0    0     0     0 61534 59014 29  3 68  0  0 2026-10-01 10:14:09
 3  0      0 30653624  25596 478944    0    0     0     0 61335 56494 27  3 70  0  0 2026-10-01 10:14:10
 3  0      0 30537920  25596 480112    0    0     0     0 68973 59540 32  3 66  0  0 2026-10-01 10:14:11
12  0      0 30395260  25596 481008    0    0     0    12 73237 60131 34  3 63  0  0 2026-10-01 10:14:12
 4  0      0 30247084  25604 481964    0    0     0    32 76759 61536 34  4 62  0  0 2026-10-01 10:14:13
 4  0      0 30239264  25604 482812    0    0     0     0 72948 62585 33  3 64  0  0 2026-10-01 10:14:14
15  0      0 30112508  25604 483660    0    0     0     0 81980 60705 39  4 57  0  0 2026-10-01 10:14:15
 1  0      0 29908864  25604 484468    0    0     0     0 85406 63543 37  4 59  0  0 2026-10-01 10:14:16
 1  0      0 29872604  25604 485156    0    0     0     0 80197 58944 40  3 57  0  0 2026-10-01 10:14:17
procs -----------memory---------- ---swap-- -----io---- -system-- ------cpu----- -----timestamp-----
 r  b   swpd   free   buff  cache   si   so    bi    bo   in   cs us sy id wa st                 UTC
16  1      0 29722584  25612 485988    0    0     0    12 90965 63829 43  4 53  0  0 2026-10-01 10:14:18
16  0      0 29533192  25612 486940    0    0     0     4 94153 58064 48  4 48  0  0 2026-10-01 10:14:19
 1  0      0 29409240  25612 487564    0    0     0     0 93921 64673 39  4 57  0  0 2026-10-01 10:14:20
 3  0      0 29291248  25612 488548    0    0     0     0 101915 62474 49  4 46  0  0 2026-10-01 10:14:21
16  0      0 29147748  25612 489404    0    0     0     0 95844 63086 41  5 54  0  0 2026-10-01 10:14:22
10  0      0 29086152  25612 490316    0    0     0     0 97372 56468 52  5 44  0  0 2026-10-01 10:14:23
16  0      0 29048260  25620 490964    0    0     0    12 97030 71060 38  4 58  0  0 2026-10-01 10:14:24
16  0      0 28900032  25620 491940    0    0     0     4 100358 49749 51  5 45  0  0 2026-10-01 10:14:25
 6  0      0 28846144  25620 492652    0    0     0     0 101489 61116 50  5 45  0  0 2026-10-01 10:14:26
 5  0      0 28542492  25620 493260    0    0     0     0 112071 61198 51  6 43  0  0 2026-10-01 10:14:27
11  0      0 28539100  25620 494020    0    0     0   184 94585 58117 50  5 45  0  0 2026-10-01 10:14:28
 9  0      0 28279788  25620 494860    0    0     0     0 116044 52672 56  6 38  0  0 2026-10-01 10:14:29
16  0      0 28273672  25628 495612    0    0     0    12 105863 65065 46  5 49  0  0 2026-10-01 10:14:30
 1  0      0 28264720  25628 496404    0    0     0     4 99725 58787 48  5 47  0  0 2026-10-01 10:14:31
 9  0      0 28056664  25628 496868    0    0     0     0 117782 49940 57  6 38  0  0 2026-10-01 10:14:32
 0  0      0 28059688  25628 497536    0    0     0    52 106729 58145 53  5 42  0  0 2026-10-01 10:14:33
16  0      0 28053760  25628 497696    0    0     0     0 118575 68779 41  5 53  0  0 2026-10-01 10:14:34
 2  0      0 27965636  25628 498560    0    0     0     0 114906 55272 49  6 46  0  0 2026-10-01 10:14:35
 0  0      0 27911824  25636 499096    0    0     0    12 118276 56367 55  6 39  0  0 2026-10-01 10:14:36
16  0      0 27822264  25636 499168    0    0     0     8 121024 59279 48  6 46  0  0 2026-10-01 10:14:37
16  0      0 27797064  25636 499648    0    0     0     0 117703 68472 35  5 60  0  0 2026-10-01 10:14:38
procs -----------memory---------- ---swap-- -----io---- -system-- ------cpu----- -----timestamp-----
 r  b   swpd   free   buff  cache   si   so    bi    bo   in   cs us sy id wa st                 UTC
16  0      0 27707988  25636 499696    0    0     0     0 123083 52891 53  7 41  0  0 2026-10-01 10:14:39
16  0      0 27700212  25636 500560    0    0     0     0 114463 57916 49  5 45  0  0 2026-10-01 10:14:40
 6  0      0 27701700  25636 501152    0    0     0     0 116169 65302 39  6 55  0  0 2026-10-01 10:14:41
 7  0      0 27613052  25644 501152    0    0     0    20 125397 62771 50  6 45  0  0 2026-10-01 10:14:42
16  0      0 27619016  25644 501752    0    0     0     4 120730 68667 42  6 52  0  0 2026-10-01 10:14:43
 5  0      0 27548376  25644 502256    0    0     0     0 116064 59222 47  6 47  0  0 2026-10-01 10:14:44
 5  0      0 27479628  25644 502256    0    0     0     0 125869 64101 47  7 46  0  0 2026-10-01 10:14:45
 4  0      0 27474788  25644 502920    0    0     0     0 119530 66977 43  6 52  0  0 2026-10-01 10:14:46
16  0      0 27411368  25644 503464    0    0     0     0 122537 57481 50  7 43  0  0 2026-10-01 10:14:47
16  0      0 27407336  25652 503496    0    0     0    12 122714 83702 31  6 63  0  0 2026-10-01 10:14:48
 0  0      0 27283116  25652 503848    0    0     0     4 131867 62341 53  6 41  0  0 2026-10-01 10:14:49
 0  0      0 27205472  25652 504472    0    0     0     0 127603 58316 55  6 39  0  0 2026-10-01 10:14:50
 5  0      0 27203708  25652 504472    0    0     0     0 123693 79902 29  6 65  0  0 2026-10-01 10:14:51
 0  0      0 27127464  25652 504960    0    0     0     0 122743 60753 48  6 46  0  0 2026-10-01 10:14:52
 4  0      0 27120100  25660 505560    0    0     0    12 125356 76214 39  6 55  0  0 2026-10-01 10:14:53
 5  0      0 27071352  25660 506024    0    0     0     0 112817 49179 52  6 42  0  0 2026-10-01 10:14:54
 0  0      0 27071352  25660 506024    0    0     0     4 125955 83996 29  6 66  0  0 2026-10-01 10:14:55
 5  0      0 26939612  25660 506024    0    0     0     0 133837 67860 47  6 47  0  0 2026-10-01 10:14:56
 0  0      0 26938688  25660 506448    0    0     0     0 117070 66333 32 14 54  0  0 2026-10-01 10:14:57
 0  0      0 26866200  25660 506528    0    0     0     0 120080 49945 53 15 32  0  0 2026-10-01 10:14:58
16  0      0 26862692  25668 507264    0    0     0    12 111145 49310 43 26 32  0  0 2026-10-01 10:14:59
procs -----------memory---------- ---swap-- -----io---- -system-- ------cpu----- -----timestamp-----
 r  b   swpd   free   buff  cache   si   so    bi    bo   in   cs us sy id wa st                 UTC
 3  0      0 26826608  25668 507856    0    0     0     0 113584 35275 47 31 22  0  0 2026-10-01 10:15:00
16  0      0 26826608  25668 507856    0    0     0     4 114595 76117 25  6 70  0  0 2026-10-01 10:15:01
 4  0      0 26727572  25668 507856    0    0     0     0 130822 71555 42  7 52  0  0 2026-10-01 10:15:02
16  0      0 26727320  25668 507856    0    0     0     0 124818 68737 44 14 42  0  0 2026-10-01 10:15:03
16  0      0 26650464  25668 508864    0    0     0     0 95549 12720 50 42  8  0  0 2026-10-01 10:15:04
 0  0      0 26644800  25676 508540    0    0     0    32 136460 93136 17  8 75  0  0 2026-10-01 10:15:05
 0  0      0 31172924  25684 476616    0    0     0    56 60444 1780  0  3 97  0  0 2026-10-01 10:15:06
 0  0      0 31172924  25684 476616    0    0     0   660 10092  409  0  0 100  0  0 2026-10-01 10:15:07
 0  0      0 31172924  25684 476620    0    0     0     0   81  145  0  0 100  0  0 2026-10-01 10:15:08
 0  0      0 31172924  25684 476620    0    0     0     0   71  126  0  0 100  0  0 2026-10-01 10:15:09
 0  0      0 31172924  25684 476620    0    0     0     0   60   96  0  0 100  0  0 2026-10-01 10:15:10
 0  0      0 31172924  25684 476620    0    0     0     0   69  122  0  0 100  0  0 2026-10-01 10:15:11
 1  0      0 31144992  25692 476632    0    0     0    36  680  686  1  0 99  0  0 2026-10-01 10:15:12
