procs -----------memory---------- ---swap-- -----io---- -system-- ------cpu----- -----timestamp-----
 r  b   swpd   free   buff  cache   si   so    bi    bo   in   cs us sy id wa st                 UTC
 1  0      0 1177312  78748 910344    0    0   256  2918 11221 2783 39 10 49  2  0 2026-10-01 10:13:59
 0  1      0 1362120  78816 724932    0    0     0 28328 2360 5193  1  3 76 21  0 2026-10-01 10:14:00
 6  0      0 1532984  79016 584260    0    0     0 42376 5826 11697 46  7 19 27  0 2026-10-01 10:14:01
 0  0      0 1536128  79068 585428    0    0     0  4580 1833 3168  7  1 85  7  0 2026-10-01 10:14:02
 0  0      0 1830576  79068 585428    0    0     0     0  283  380  1  2 98  0  0 2026-10-01 10:14:03
 0  0      0 1830708  79068 585428    0    0     0   980  152  276  0  0 98  1  0 2026-10-01 10:14:04
 0  0      0 1881252  79100 589056    0    0     0  1848 7210 6411 18  4 71  7  1 2026-10-01 10:14:05
 0  0      0 1880040  79120 592492    0    0     0  1756 6421 6342 18  2 73  8  0 2026-10-01 10:14:06
 1  0      0 1877204  79136 597348    0    0     0  1276 11445 10919 30  5 61  5  0 2026-10-01 10:14:07
 0  0      0 1875020  79148 600924    0    0     0   712 10627 10862 25  4 69  3  0 2026-10-01 10:14:08
 0  0      0 1874084  79180 606820    0    0     0  1108 14522 13205 37  8 51  3  0 2026-10-01 10:14:09
 6  0      0 1872948  79192 611752    0    0     0   908 13874 12971 35  4 58  2  0 2026-10-01 10:14:10
 0  0      0 1966000  79212 618872    0    0     0  1284 18756 13797 52 10 34  3  0 2026-10-01 10:14:11
 0  0      0 1958004  79236 624824    0    0     0   740 19015 17486 42  8 49  2  0 2026-10-01 10:14:12
 0  0      0 2114696  79236 631348    0    0     0   524 24216 18100 47 11 41  2  0 2026-10-01 10:14:13
 9  0      0 2142392  79260 638124    0    0     0   828 22237 18947 50  6 42  2  0 2026-10-01 10:14:14
 4  0      0 2256160  79280 646460    0    0     0  1036 23564 11336 67  8 22  3  0 2026-10-01 10:14:15
 2  0      0 2253320  79312 654304    0    0     0  1132 25164 18568 58 10 30  1  0 2026-10-01 10:14:16
 7  1      0 2246948  79316 662308    0    0     0   564 24858 14689 61 10 28  1  0 2026-10-01 10:14:17
 2  0      0 2238712  79324 670892    0    0     0   852 27614 18542 63 10 25  1  0 2026-10-01 10:14:18
 3  0      0 2177656  79328 679152    0    0     0   384 28960 18144 64 12 23  1  0 2026-10-01 10:14:19
procs -----------memory---------- ---swap-- -----io---- -system-- ------cpu----- -----timestamp-----
 r  b   swpd   free   buff  cache   si   so    bi    bo   in   cs us sy id wa st                 UTC
 3  0      0 2107976  79332 686984    0    0     0   384 26720 12280 68 15 16  1  0 2026-10-01 10:14:20
 7  0      0 2095888  79332 696492    0    0     0   468 30503 14742 73 12 15  1  0 2026-10-01 10:14:21
 3  0      0 2086688  79340 704268    0    0     0   420 31734 19881 63 11 25  1  0 2026-10-01 10:14:22
 5  0      0 2073776  79340 713604    0    0     0     8 30396 11531 74 11 16  0  0 2026-10-01 10:14:23
 4  0      0 2049260  79352 721636    0    0     0   384 31599 13978 64 14 22  1  0 2026-10-01 10:14:24
 4  0      0 1959432  79352 730272    0    0     0     0 32895 12605 70 17 13  0  0 2026-10-01 10:14:25
 3  0      0 1901960  79356 738572    0    0     0   236 30066 4949 82 13  5  1  0 2026-10-01 10:14:26
 3  0      0 1891528  79364 747432    0    0     0   264 35084 13161 71 16 13  1  0 2026-10-01 10:14:27
 4  0      0 1882328  79368 754820    0    0     0   208 35032 17025 65 12 23  1  0 2026-10-01 10:14:28
 4  0      0 1870776  79368 763884    0    0     0   124 36028 11461 74 14 12  0  0 2026-10-01 10:14:29
 3  0      0 1860468  79368 772432    0    0     0     0 36577 11622 75 14 11  0  0 2026-10-01 10:14:30
 7  0      0 1780084  79368 780652    0    0     0   264 37137 12070 68 19 12  0  0 2026-10-01 10:14:31
 3  0      0 1688128  79372 788284    0    0     0   280 37253 11327 69 18 12  1  0 2026-10-01 10:14:32
 3  0      0 1642264  79372 795580    0    0     0     0 34996 2959 77 18  5  0  0 2026-10-01 10:14:33
 4  0      0 1633596  79372 801372    0    0     0  3640 39929 19105 56 17 26  0  0 2026-10-01 10:14:34
 0  0      0 1627840  79372 806448    0    0     0    16 39268 19399 47 18 34  0  0 2026-10-01 10:14:35
 0  0      0 1620280  79372 813620    0    0     0     0 38866 14167 64 17 18  0  0 2026-10-01 10:14:36
 3  0      0 1610660  79376 820820    0    0     0  5608 42002 18797 59 16 25  1  0 2026-10-01 10:14:37
 0  0      0 1605900  79376 825128    0    0     0     0 41034 21591 50 15 35  0  0 2026-10-01 10:14:38
 6  1      0 1600200  79376 829960    0    0     0  2076 40600 23715 54 16 31  0  0 2026-10-01 10:14:39
 7  0      0 1558368  79376 836696    0    0     0 125024 39252 9570 68 15 16  0  0 2026-10-01 10:14:40
procs -----------memory---------- ---swap-- -----io---- -system-- ------cpu----- -----timestamp-----
 r  b   swpd   free   buff  cache   si   so    bi    bo   in   cs us sy id wa st                 UTC
 3  0      0 1495380  79376 841268    0    0     0     8 39247 17984 47 20 34  0  0 2026-10-01 10:14:41
 2  0      0 1440948  79376 844964    0    0     0   232 41311 21553 47 21 32  0  0 2026-10-01 10:14:42
 6  0      0 1399588  79376 852048    0    0     0     0 39085 3435 82 15  4  0  0 2026-10-01 10:14:43
 0  0      0 1392068  79376 856772    0    0     0     0 38562 16537 60 15 25  0  0 2026-10-01 10:14:44
 3  0      0 1388580  79376 859904    0    0     0 66936 46111 25950 42 17 39  3  0 2026-10-01 10:14:45
 2  0      0 1382000  79376 864212    0    0     0     0 42460 24011 49 14 37  0  0 2026-10-01 10:14:46
 9  0      0 1376484  79376 869404    0    0     0   136 39005 17290 55 18 28  0  0 2026-10-01 10:14:47
 3  0      0 1373208  79376 872560    0    0     0     0 43599 27146 48 13 39  0  0 2026-10-01 10:14:48
 6  0      0 1367940  79376 877196    0    0     0     0 45014 27322 55 19 26  0  0 2026-10-01 10:14:49
 2  0      0 1362900  79376 882256    0    0     0 42160 43572 21486 59 17 23  1  0 2026-10-01 10:14:50
 3  0      0 1359876  79376 885252    0    0     0     0 45172 29091 35 16 49  0  0 2026-10-01 10:14:51
 1  0      0 1356852  79376 887784    0    0     0   216 44219 28903 40 17 43  0  0 2026-10-01 10:14:52
 2  0      0 1289468  79376 892776    0    0     0    12 41778 19462 55 20 25  0  0 2026-10-01 10:14:53
 2  0      0 1224296  79376 896964    0    0     0     0 39283 17173 50 22 28  0  0 2026-10-01 10:14:54
 2  0      0 1170872  79376 899640    0    0     0  9328 36859 13343 64 15 21  0  1 2026-10-01 10:14:55
 2  0      0 1167848  79376 902464    0    0     0     0 45038 27672 39 14 47  0  0 2026-10-01 10:14:56
 0  0      0 1165328  79376 904812    0    0     0   120 41170 29363 34 13 53  0  0 2026-10-01 10:14:57
 2  0      0 1160636  79376 908324    0    0     0     0 44896 25198 52 14 34  0  0 2026-10-01 10:14:58
 0  0      0 1155888  79376 912964    0    0     0     8 40584 18686 58 17 24  0  0 2026-10-01 10:14:59
 2  0      0 1153116  79376 916884    0    0     0  5156 47788 31647 41 20 39  0  0 2026-10-01 10:15:00
 0  0      0 1148832  79376 919584    0    0     0     0 41698 23624 41 16 44  0  0 2026-10-01 10:15:01
procs -----------memory---------- ---swap-- -----io---- -system-- ------cpu----- -----timestamp-----
 r  b   swpd   free   buff  cache   si   so    bi    bo   in   cs us sy id wa st                 UTC
 3  0      0 1148076  79380 921252    0    0     0   144 45399 33479 28 15 56  0  0 2026-10-01 10:15:02
 2  0      0 1146312  79380 923728    0    0     0     0 46413 32475 44 17 39  0  0 2026-10-01 10:15:03
 6  0      0 1141044  79380 928260    0    0     0     0 40484 24142 41 17 41  0  0 2026-10-01 10:15:04
 0  0      0 1139308  79380 929608    0    0    68     8 42571 25491 46 14 40  0  0 2026-10-01 10:15:05
 3  0      0 1139308  79380 926108    0    0     0  3048 45207 31121  9 17 74  0  0 2026-10-01 10:15:06
 0  0      0 1175644  79380 917724    0    0     0  2188 13941 9852  1  7 92  1  0 2026-10-01 10:15:07
 0  0      0 1175644  79380 917724    0    0     0     0   34   37  0  0 100  0  0 2026-10-01 10:15:08
 0  0      0 1175644  79380 917724    0    0     0     0   27   29  0  0 100  0  0 2026-10-01 10:15:09
 0  0      0 1175644  79380 917724    0    0     0     0   39   35  0  0 100  0  0 2026-10-01 10:15:10
 1  0      0 1197416  79380 917740    0    0     0 38140  818 1182 12  4 80  3  0 2026-10-01 10:15:11
