procs -----------memory---------- ---swap-- -----io---- -system-- ------cpu----- -----timestamp-----
 r  b   swpd   free   buff  cache   si   so    bi    bo   in   cs us sy id wa st                 UTC
 1  0      0 542188  76908 877844    0    0   262   873 5899 6711 18 31 50  1  0 2026-10-01 10:13:57
 0  0      0 542188  76908 877848    0    0     0     0  312  527  0  1 99  0  0 2026-10-01 10:13:58
 0  0      0 540676  76908 877848    0    0     0     0  296  464  1  0 99  0  0 2026-10-01 10:13:59
 0  1      0 609636  76976 750768    0    0  3496 27656 3655 7282  3  7 67 23  0 2026-10-01 10:14:00
 0  1      0 1018708  77444 720032    0    0   776 35996 14669 13548 55 11 11 22  0 2026-10-01 10:14:01
 0  1      0 1018788  77516 720136    0    0     0  3860 1949 2078  1  1 92  5  0 2026-10-01 10:14:02
 0  0      0 1018788  77552 720232    0    0     0  3596  561  940  0  1 95  5  0 2026-10-01 10:14:03
 0  0      0 1018788  77564 720220    0    0     0   848  289  508  0  0 99  1  0 2026-10-01 10:14:04
 0  1      0 1011164  77648 723940    0    0     0  3692 24440 20294 28 13 51  7  0 2026-10-01 10:14:05
 0  0      0 1005624  77704 730852    0    0     0  3564 27294 25430 48 12 32  8  0 2026-10-01 10:14:06
 8  0      0 997796  77744 738280    0    0     0  3064 39207 30812 55 22 19  5  0 2026-10-01 10:14:07
 9  0      0 1024020  77792 745736    0    0     0  2948 40021 31909 57 29 10  4  1 2026-10-01 10:14:08
12  0      0 1007960  77824 755116    0    0     0  3244 47281 32300 65 34  0  0  0 2026-10-01 10:14:09
 2  0      0 1074060  77856 764264    0    0     0  3144 48918 32092 67 30  2  1  0 2026-10-01 10:14:10
 3  0      0 1049636  77872 772268    0    0     0  3676 53024 30093 64 34  2  0  0 2026-10-01 10:14:11
15  0      0 1038224  77936 780028    0    0     0  3176 55865 31929 71 29  0  1  0 2026-10-01 10:14:12
 9  0      0 1027136  78044 786460    0    0     0  2772 61029 32630 62 37  0  0  0 2026-10-01 10:14:13
 3  0      0 999248  78168 793744    0    0     0  3132 60823 30572 60 39  1  1  0 2026-10-01 10:14:14
 6  0      0 958996  78260 800848    0    0     0  3056 65602 29251 59 40  0  1  0 2026-10-01 10:14:15
 8  0      0 876056  78292 807588    0    0     0  1656 63967 26442 57 43  0  0  0 2026-10-01 10:14:16
 4  0      0 865480  78352 811960    0    0     0 53360 69750 24704 53 47  0  0  0 2026-10-01 10:14:17
procs -----------memory---------- ---swap-- -----io---- -system-- ------cpu----- -----timestamp-----
 r  b   swpd   free   buff  cache   si   so    bi    bo   in   cs us sy id wa st                 UTC
 4  1      0 857656  78396 818756    0    0     0  2096 71065 29536 50 49  1  0  0 2026-10-01 10:14:18
 8  0      0 841572  78436 823628    0    0     0  1652 74300 26899 52 48  0  0  0 2026-10-01 10:14:19
 7  0      0 833636  78480 828620    0    0     0  1976 75504 32576 54 46  0  0  0 2026-10-01 10:14:20
 6  0      0 821636  78512 835784    0    0     0  2184 78512 27491 49 51  0  0  0 2026-10-01 10:14:21
12  0      0 812932  78536 839832    0    0     0 24228 76668 26709 57 43  0  0  0 2026-10-01 10:14:22
 7  0      0 795388  78540 845444    0    0     0  1572 78159 18818 51 49  0  1  0 2026-10-01 10:14:23
 7  0      0 771520  78552 851176    0    0     0  1908 76329 24715 48 52  0  0  0 2026-10-01 10:14:24
 5  0      0 719980  78552 855400    0    0     0  1416 76239 12048 51 50  0  0  0 2026-10-01 10:14:25
 4  0      0 682096  78576 861272    0    0     0  1640 77598 16661 45 55  0  0  0 2026-10-01 10:14:26
 7  0      0 650824  78588 864620    0    0     0  1188 83446 26216 46 54  0  0  0 2026-10-01 10:14:27
 6  0      0 618028  78608 868052    0    0     0  1652 79562 17255 43 57  0  0  0 2026-10-01 10:14:28
10  0      0 609052  78636 874672    0    0     0  1292 81695 14075 44 56  0  0  0 2026-10-01 10:14:29
 6  0      0 594536  78636 878100    0    0     0  1036 83509 18389 53 47  0  0  0 2026-10-01 10:14:30
 5  0      0 574600  78648 880444    0    0     0  1192 81023 9027 50 51  0  0  0 2026-10-01 10:14:31
14  0      0 569688  78656 885328    0    0     0  1336 84147 15129 48 53  0  0  0 2026-10-01 10:14:32
 7  0      0 561144  78660 889128    0    0     0  1344 84682 15371 44 56  0  0  0 2026-10-01 10:14:33
 6  0      0 551340  78660 894216    0    0     0  1228 77956 5342 41 60  0  0  0 2026-10-01 10:14:34
 5  0      0 540564  78668 898408    0    0     0  1016 78363 5038 45 55  0  0  0 2026-10-01 10:14:35
 5  0      0 533608  78676 902324    0    0     0   940 82558 3938 43 57  0  0  0 2026-10-01 10:14:36
 4  0      0 527332  78684 906308    0    0     0   892 82332 4468 42 59  0  0  0 2026-10-01 10:14:37
 5  0      0 510220  78684 909716    0    0     0 51060 81554 7522 42 58  0  0  0 2026-10-01 10:14:38
procs -----------memory---------- ---swap-- -----io---- -system-- ------cpu----- -----timestamp-----
 r  b   swpd   free   buff  cache   si   so    bi    bo   in   cs us sy id wa st                 UTC
 5  0      0 474712  78684 914140    0    0     0   844 80320 4541 41 58  0  0  0 2026-10-01 10:14:39
 4  0      0 446800  78688 917468    0    0     0   896 84191 6494 43 58  0  0  0 2026-10-01 10:14:40
 6  0      0 403156  78692 920684    0    0     0   804 77465 4831 43 57  0  0  0 2026-10-01 10:14:41
 5  0      0 369356  78692 923716    0    0     0   944 84000 5667 39 62  0  0  0 2026-10-01 10:14:42
 8  0      0 319492  78692 926452    0    0     0 12564 88281 6142 44 56  0  0  0 2026-10-01 10:14:43
 4  0      0 303192  78696 929680    0    0     0   812 78335 5293 45 55  0  0  0 2026-10-01 10:14:44
 5  0      0 356712  78712 934176    0    0     0   812 82664 5486 43 58  0  0  0 2026-10-01 10:14:45
 5  0      0 324896  78720 938460    0    0     0   752 82158 4072 47 54  0  0  0 2026-10-01 10:14:46
 5  0      0 307228  78724 941772    0    0     0   916 83251 3699 37 64  0  0  0 2026-10-01 10:14:47
 4  0      0 311080  78724 945576    0    0     0   644 87724 5677 44 56  0  0  0 2026-10-01 10:14:48
 5  0      0 270420  78724 948540    0    0     0   740 93047 4586 43 57  0  0  0 2026-10-01 10:14:49
 4  0      0 285732  78732 952104    0    0     0   768 91695 3913 39 61  0  0  0 2026-10-01 10:14:50
 8  0      0 276312  78736 955504    0    0     0   736 80008 5986 43 57  0  0  0 2026-10-01 10:14:51
10  0      0 266132  78736 958372    0    0     0   760 84205 6861 42 59  0  0  0 2026-10-01 10:14:52
 4  0      0 229996  78740 961356    0    0     0   884 93345 12412 36 64  0  0  0 2026-10-01 10:14:53
 4  0      0 220280  78748 964536    0    0     0   740 85023 4567 42 58  0  0  0 2026-10-01 10:14:54
 4  0      0 197836  78752 967668    0    0     0   568 81631 3351 44 57  0  0  0 2026-10-01 10:14:55
 4  0      0 219804  78760 971232    0    0     0   720 79855 3833 40 60  0  0  0 2026-10-01 10:14:56
 4  0      0 180012  78780 974672    0    0     0   724 76899 4903 45 55  0  0  0 2026-10-01 10:14:57
 4  0      0 115932  78784 976904    0    0     0 38776 90119 4941 38 62  0  0  0 2026-10-01 10:14:58
 4  0      0 123652  78776 977900    0    0    20   716 91357 3306 36 64  0  0  0 2026-10-01 10:14:59
procs -----------memory---------- ---swap-- -----io---- -system-- ------cpu----- -----timestamp-----
 r  b   swpd   free   buff  cache   si   so    bi    bo   in   cs us sy id wa st                 UTC
 6  0      0 105680  78788 952772    0    0   200   644 92024 3358 38 62  0  0  0 2026-10-01 10:15:00
 4  0      0 105444  77292 900156    0    0   468 19872 76435 5939 46 54  0  0  0 2026-10-01 10:15:01
 4  0      0 121188  76744 893304    0    0     0  3360 83454 4411 41 59  0  0  0 2026-10-01 10:15:02
 4  0      0 151156  76748 896900    0    0     0   720 90516 5083 38 62  0  0  0 2026-10-01 10:15:03
 4  0      0 119396  76748 887792    0    0     4   672 82754 4209 44 57  0  0  0 2026-10-01 10:15:04
 5  0      0 164400  76796 881052    0    0    52 10700 76773 4189 43 58  0  0  0 2026-10-01 10:15:05
 5  0      0 375596  76800 845932    0    0  1336   536 63255 15749 41 59  0  0  0 2026-10-01 10:15:06
 0  2      0 573560  76932 817116    0    0  6704  3440 11331 6177  8 14 70  8  0 2026-10-01 10:15:07
