procs -----------memory---------- ---swap-- -----io---- -system-- ------cpu----- -----timestamp-----
 r  b   swpd   free   buff  cache   si   so    bi    bo   in   cs us sy id wa st                 UTC
 1  0      0 1234224  82812 946256    0    0   222  2882 11371 2990 39 10 49  2  0 2026-10-01 10:13:57
 0  0      0 1234224  82812 946356    0    0     0   108  128  174  0  0 99  0  0 2026-10-01 10:13:58
 0  0      0 1234224  82812 946368    0    0     0     0   81  103  0  0 100  0  0 2026-10-01 10:13:59
 0  1      0 1440956  82888 691528    0    0     0 41220 3601 7853  1  5 63 32  0 2026-10-01 10:14:00
 0  0      0 1514920  83068 644620    0    0     0 33204 6271 12613 46  6 25 23  0 2026-10-01 10:14:01
 0  0      0 1513916  83068 644620    0    0     0     0   96   90  0  0 100  0  0 2026-10-01 10:14:02
 0  0      0 1513916  83068 644620    0    0     0     0   39   40  1  0 100  0  0 2026-10-01 10:14:03
 5  0      0 1513664  83072 644816    0    0     0   192  994 1350  2  1 96  1  0 2026-10-01 10:14:04
 0  0      0 1511704  83088 647000    0    0     0  2052 14301 19646 16  4 75  5  0 2026-10-01 10:14:05
 0  0      0 1510024  83100 649120    0    0     0   816 14942 19963 17  4 76  3  0 2026-10-01 10:14:06
 3  0      0 1507332  83108 652092    0    0     0  1124 15717 20354 22  5 69  4  0 2026-10-01 10:14:07
 3  0      0 1504896  83156 656404    0    0     0  1424 17699 21089 29  6 61  5  0 2026-10-01 10:14:08
 2  0      0 1501728  83156 659912    0    0     0   688 16971 20153 27  6 65  3  0 2026-10-01 10:14:09
10  0      0 1498296  83168 664516    0    0     0   852 20449 22713 37  7 53  3  0 2026-10-01 10:14:10
 0  0      0 1494360  83192 670068    0    0     0  1360 20712 21630 39  7 51  4  0 2026-10-01 10:14:11
 2  0      0 1491432  83204 674468    0    0     0   292 21502 22503 38  6 56  1  0 2026-10-01 10:14:12
 2  1      0 1482316  83216 680656    0    0     0  1124 23802 23078 49  8 40  3  0 2026-10-01 10:14:13
 1  0      0 1498412  83220 685508    0    0     0   164 22211 20000 49  7 43  1  0 2026-10-01 10:14:14
 1  0      0 1495260  83228 692196    0    0     0  1000 25723 23724 53  9 37  2  0 2026-10-01 10:14:15
 6  0      0 1492052  83232 697320    0    0     0   504 24672 23984 41  8 51  1  0 2026-10-01 10:14:16
10  0      0 1486448  83236 705332    0    0     0   888 27882 22172 62 10 26  2  0 2026-10-01 10:14:17
procs -----------memory---------- ---swap-- -----io---- -system-- ------cpu----- -----timestamp-----
 r  b   swpd   free   buff  cache   si   so    bi    bo   in   cs us sy id wa st                 UTC
 9  0      0 1483704  83244 710732    0    0     0   324 27873 25935 46  9 44  1  0 2026-10-01 10:14:18
 6  0      0 1477344  83256 719012    0    0     0   740 28253 19441 62 10 27  2  1 2026-10-01 10:14:19
 7  0      0 1472432  83272 726376    0    0     0   748 29533 21942 58 12 29  1  0 2026-10-01 10:14:20
 4  0      0 1485032  83276 733836    0    0     0   460 28770 16341 70 11 19  1  0 2026-10-01 10:14:21
 4  0      0 1630504  83288 741060    0    0     0   212 32789 19440 59 13 28  1  0 2026-10-01 10:14:22
 4  0      0 1623404  83292 748312    0    0     0   408 31194 20827 60 12 27  1  0 2026-10-01 10:14:23
 4  0      0 1741400  83296 755152    0    0     0   244 34680 18801 58 12 30  0  0 2026-10-01 10:14:24
 1  0      0 1797444  83300 762892    0    0     0   248 32734 16719 58 17 25  1  0 2026-10-01 10:14:25
 9  0      0 1799996  83300 770080    0    0     0   220 32060 17877 59 13 27  1  0 2026-10-01 10:14:26
 3  0      0 1838492  83304 778080    0    0     0   332 30739 7776 77 14  9  0  0 2026-10-01 10:14:27
 5  0      0 1833632  83308 785144    0    0     0   208 32889 18736 59 13 28  0  0 2026-10-01 10:14:28
 5  0      0 1826376  83308 792548    0    0     0     0 34807 19016 62 16 22  0  0 2026-10-01 10:14:29
 4  0      0 1821252  83312 800580    0    0     0   244 34967 15156 67 13 19  1  0 2026-10-01 10:14:30
 5  0      0 1816040  83316 808444    0    0     0   320 34858 13647 67 13 20  0  0 2026-10-01 10:14:31
 3  0      0 1808056  83324 816800    0    0     0   176 35347 12551 72 12 17  0  0 2026-10-01 10:14:32
 1  0      0 1763716  83324 821756    0    0     0  3364 37047 25519 45 14 41  0  0 2026-10-01 10:14:33
 2  0      0 1696656  83324 826808    0    0     0     0 33989 17026 60 12 28  0  0 2026-10-01 10:14:34
 2  0      0 1678764  83324 832948    0    0     0     0 34798 13987 66 15 19  0  0 2026-10-01 10:14:35
 0  0      0 1673724  83324 838052    0    0     0   220 37832 22784 53 13 33  0  0 2026-10-01 10:14:36
 2  0      0 1667756  83324 843344    0    0     0   268 39301 22992 53 16 31  0  0 2026-10-01 10:14:37
 0  0      0 1661316  83324 848188    0    0     0     0 37785 21809 48 15 37  0  0 2026-10-01 10:14:38
procs -----------memory---------- ---swap-- -----io---- -system-- ------cpu----- -----timestamp-----
 r  b   swpd   free   buff  cache   si   so    bi    bo   in   cs us sy id wa st                 UTC
 0  0      0 1656136  83324 852656    0    0     0 83924 38748 24687 46 16 35  4  0 2026-10-01 10:14:39
 3  0      0 1649708  83324 857744    0    0     0     0 38630 23131 50 15 35  0  0 2026-10-01 10:14:40
 4  0      0 1643800  83324 862612    0    0     0    76 36715 20130 49 15 36  0  0 2026-10-01 10:14:41
 2  0      0 1616992  83324 867408    0    0     0   136 39822 22275 51 14 35  0  0 2026-10-01 10:14:42
 3  0      0 1543968  83324 873520    0    0     0     0 38277 15367 59 16 24  0  0 2026-10-01 10:14:43
 0  0      0 1497708  83324 876472    0    0     0 69700 39720 27446 36 17 44  3  0 2026-10-01 10:14:44
 0  0      0 1470324  83324 879148    0    0     0     0 37130 19763 49 15 36  0  0 2026-10-01 10:14:45
 2  0      0 1462764  83324 884724    0    0     0     0 35778 12709 68 11 21  0  0 2026-10-01 10:14:46
 2  0      0 1457344  83324 889136    0    0     0   124 39739 27182 38 13 49  0  0 2026-10-01 10:14:47
 0  0      0 1454460  83328 890824    0    0     0   112 45144 35509 33 11 56  0  0 2026-10-01 10:14:48
 2  0      0 1447276  83328 896920    0    0     0 39080 39958 22402 52 18 29  1  0 2026-10-01 10:14:49
 3  0      0 1440752  83328 901928    0    0     0     0 41395 20597 55 16 29  0  0 2026-10-01 10:14:50
 7  0      0 1439744  83328 903220    0    0     0     0 38351 30941 24 11 65  0  0 2026-10-01 10:14:51
 2  0      0 1436972  83328 905788    0    0     0    32 43203 31220 36 13 51  0  0 2026-10-01 10:14:52
 4  0      0 1432952  83332 909696    0    0     0   104 39633 27665 44 14 42  0  0 2026-10-01 10:14:53
 2  0      0 1428204  83332 913884    0    0     0 19696 37436 17287 59 15 26  0  0 2026-10-01 10:14:54
 0  0      0 1410312  83332 917336    0    0     0     0 40415 30542 27 15 59  0  0 2026-10-01 10:14:55
 2  0      0 1378644  83332 918528    0    0     0     0 41721 32614 23 15 62  0  1 2026-10-01 10:14:56
 3  0      0 1343140  83332 920512    0    0     0     0 36872 26240 36 12 52  0  0 2026-10-01 10:14:57
 6  0      0 1297276  83336 923152    0    0     0   104 42492 30611 39 18 44  0  0 2026-10-01 10:14:58
 0  0      0 1267860  83336 927588    0    0     0     0 34443 9554 73 14 13  0  0 2026-10-01 10:14:59
procs -----------memory---------- ---swap-- -----io---- -system-- ------cpu----- -----timestamp-----
 r  b   swpd   free   buff  cache   si   so    bi    bo   in   cs us sy id wa st                 UTC
 0  0      0 1263592  83336 931700    0    0     0  7208 42941 27014 41 18 41  0  0 2026-10-01 10:15:00
 0  0      0 1261604  83336 933448    0    0     0     0 41731 30261 25 15 60  0  0 2026-10-01 10:15:01
 2  0      0 1259364  83336 935096    0    0     0     0 42787 34780 32 13 55  0  0 2026-10-01 10:15:02
 1  0      0 1256648  83336 937564    0    0     0   132 41503 30768 39 15 46  0  0 2026-10-01 10:15:03
 5  0      0 1252432  83336 940988    0    0     0     0 39051 29373 31 15 54  0  0 2026-10-01 10:15:04
 0  0      0 1251676  83336 941656    0    0    68  3632 36834 24926 37 12 51  1  0 2026-10-01 10:15:05
 0  0      0 1290236  83336 931428    0    0     0     8 47186 33726 10 17 73  0  0 2026-10-01 10:15:06
 0  0      0 1289984  83336 931428    0    0     0  2204  285  464  0  0 98  2  0 2026-10-01 10:15:07
 1  0      0 1262296  83336 931440    0    0     0     0  361  498  9  2 89  0  0 2026-10-01 10:15:08
 0  0      0 1307432  83336 931436    0    0     0    12  434  661  5  2 93  0  0 2026-10-01 10:15:09
