procs -----------memory---------- ---swap-- -----io---- -system-- ------cpu----- -----timestamp-----
 r  b   swpd   free   buff  cache   si   so    bi    bo   in   cs us sy id wa st                 UTC
 0  0      0 31233400  16008 431404    0    0    58     3  737  578  3  1 96  0  0 2026-10-01 08:34:15
 3  0      0 31238456  16008 431408    0    0     0     4  979  981  0  0 100  0  0 2026-10-01 08:34:16
 2  0      0 31226396  16008 431412    0    0     0     0 2392 2198  1  0 99  0  0 2026-10-01 08:34:17
 0  0      0 31223932  16016 431412    0    0     0    40 1247 1167  0  0 100  0  0 2026-10-01 08:34:18
 0  0      0 31223932  16016 431412    0    0     0     0  108  187  0  0 100  0  0 2026-10-01 08:34:19
 0  0      0 31223932  16016 431412    0    0     0     0   64  110  0  0 100  0  0 2026-10-01 08:34:20
 0  0      0 31169028  16016 431412    0    0     0   420 40984 42369 11  2 87  0  0 2026-10-01 08:34:21
11  0      0 31111348  16016 431412    0    0     0     4 43219 46307 12  1 87  0  0 2026-10-01 08:34:22
 0  0      0 31028388  16016 431380    0    0     0     0 56124 55425 18  2 80  0  0 2026-10-01 08:34:23
 1  0      0 30915744  16024 431516    0    0     0    20 63028 56644 23  3 75  0  0 2026-10-01 08:34:24
 4  0      0 30820472  16024 432292    0    0     0     0 63524 57832 21  2 76  0  0 2026-10-01 08:34:25
 0  0      0 30714388  16024 433092    0    0     0     0 69474 58841 24  3 73  0  0 2026-10-01 08:34:26
14  0      0 30578844  16024 433876    0    0     0     0 71754 52855 26 16 57  0  0 2026-10-01 08:34:27
16  0      0 30519556  16024 434580    0    0     0     4 75569 57134 24 16 60  0  0 2026-10-01 08:34:28
 1  0      0 30397148  16024 435228    0    0     0     0 72140 49292 25 18 57  0  0 2026-10-01 08:34:29
15  0      0 30290444  16032 435884    0    0     0    12 80852 50570 31 18 51  0  0 2026-10-01 08:34:30
 1  0      0 30180044  16032 436444    0    0     0     0 78631 50529 28 21 50  0  0 2026-10-01 08:34:31
 4  0      0 30156112  16032 437012    0    0     0     0 83312 58437 30 19 51  0  0 2026-10-01 08:34:32
 3  0      0 29991748  16032 437652    0    0     0     0 81888 47472 32 20 48  0  0 2026-10-01 08:34:33
16  0      0 29985088  16032 438268    0    0     0     4 82378 53384 34 19 47  0  0 2026-10-01 08:34:34
16  0      0 29796608  16032 438812    0    0     0     0 92644 54514 31 18 51  0  0 2026-10-01 08:34:35
procs -----------memory---------- ---swap-- -----io---- -system-- ------cpu----- -----timestamp-----
 r  b   swpd   free   buff  cache   si   so    bi    bo   in   cs us sy id wa st                 UTC
16  0      0 29772704  16040 439468    0    0     0    12 85078 50591 36 21 44  0  0 2026-10-01 08:34:36
 7  0      0 29625468  16040 440060    0    0     0     0 95166 58710 33 18 49  0  0 2026-10-01 08:34:37
16  0      0 29610312  16040 440516    0    0     0     0 97735 64662 35 14 51  0  0 2026-10-01 08:34:38
11  0      0 29438724  16040 441052    0    0     0     0 99486 48663 38 22 40  0  0 2026-10-01 08:34:39
 0  0      0 29354616  16040 441676    0    0     0     4 103653 61673 39  9 51  0  0 2026-10-01 08:34:40
16  0      0 29176116  16040 442036    0    0     0     0 106115 66789 32 19 49  0  0 2026-10-01 08:34:41
 6  0      0 29124116  16048 442516    0    0     0    12 102969 68006 36  5 59  0  0 2026-10-01 08:34:42
16  0      0 29119832  16048 443140    0    0     0     0 107419 70454 41  5 54  0  0 2026-10-01 08:34:44
16  0      0 28968436  16048 443708    0    0     0     0 113253 64456 42  5 52  0  0 2026-10-01 08:34:45
16  0      0 28963620  16048 444404    0    0     0     0 108674 71469 38  5 56  0  0 2026-10-01 08:34:46
16  0      0 28849268  16048 444516    0    0     0   252 114604 68687 36  5 59  0  0 2026-10-01 08:34:47
 0  0      0 28772044  16056 445276    0    0     0    20 115273 68363 39  5 56  0  0 2026-10-01 08:34:48
 2  0      0 28765828  16056 445612    0    0     0    36 112032 64196 46  4 49  0  0 2026-10-01 08:34:49
16  0      0 28456444  16056 445964    0    0     0     0 118484 69296 36  6 57  0  0 2026-10-01 08:34:50
 2  0      0 28446564  16056 446364    0    0     0     0 114839 70083 36  8 56  0  0 2026-10-01 08:34:51
 0  0      0 28442424  16056 446888    0    0     0     0 105942 48414 46 19 35  0  0 2026-10-01 08:34:52
21  0      0 28176828  16064 447344    0    0     0    20 122599 44517 38 37 25  0  0 2026-10-01 08:34:53
 0  0      0 28122928  16064 447504    0    0     0     0 45778 35990 14 12 74  0  0 2026-10-01 08:34:54
 0  0      0 31242780  16064 431752    0    0    24     0 49225 1904  0  3 97  0  0 2026-10-01 08:34:55
 0  0      0 31242780  16064 431752    0    0     0     0 7000  166  0  0 100  0  0 2026-10-01 08:34:56
 0  0      0 31242780  16064 431752    0    0     0     0   81  138  0  0 100  0  0 2026-10-01 08:34:57
procs -----------memory---------- ---swap-- -----io---- -system-- ------cpu----- -----timestamp-----
 r  b   swpd   free   buff  cache   si   so    bi    bo   in   cs us sy id wa st                 UTC
 1  0      0 31224928  16072 431744    0    0     0    36  637  624  0  0 99  0  0 2026-10-01 08:34:58
