procs -----------memory---------- ---swap-- -----io---- -system-- ------cpu----- -----timestamp-----
 r  b   swpd   free   buff  cache   si   so    bi    bo   in   cs us sy id wa st                 UTC
 1  0      0 2886196  37664 681384    0    0    67    66  238  267  1  0 99  0  0 2026-10-01 08:34:16
 2  1      0 2943900  37792 622708    0    0     0  8152  935 1560  2  4 93  2  0 2026-10-01 08:34:17
 0  0      0 2875680  39704 625692    0    0     0 21408 5859 10710 49  5 27 19  0 2026-10-01 08:34:18
 0  0      0 2875680  39704 625692    0    0     0     0   27   34  0  0 100  0  0 2026-10-01 08:34:19
 0  0      0 2875680  39704 625692    0    0     0  1752  233  398  0  0 98  2  0 2026-10-01 08:34:20
 0  0      0 2873916  39748 626064    0    0     0   212 2249 2386  4  2 94  1  0 2026-10-01 08:34:21
 0  1      0 2842668  40032 628936    0    0     0  1748 16082 17064 34  4 56  6  0 2026-10-01 08:34:22
 3  0      0 2825348  40268 631952    0    0     0  1204 18658 20111 35  6 55  5  0 2026-10-01 08:34:23
 2  0      0 2809024  40364 634576    0    0     0   532 18010 18753 36  7 56  2  0 2026-10-01 08:34:24
 2  0      0 2778852  40476 638684    0    0     0   784 18674 16093 46  7 44  3  0 2026-10-01 08:34:25
 2  0      0 2764040  40616 642468    0    0     0   800 19873 18273 44  7 47  3  0 2026-10-01 08:34:26
 2  0      0 2741204  40744 647684    0    0     0   860 19697 13194 59  8 29  3  0 2026-10-01 08:34:27
 2  0      0 2712236  40872 652848    0    0     0   768 21063 14533 54  9 34  3  0 2026-10-01 08:34:28
 3  0      0 2690904  40964 657744    0    0     0   520 20861 12820 61  8 29  2  0 2026-10-01 08:34:29
 2  0      0 2662188  41056 662992    0    0     0   488 21223 11687 62  8 29  2  0 2026-10-01 08:34:30
 3  0      0 2633012  41084 668116    0    0     0   228 21737 10548 65  9 26  1  0 2026-10-01 08:34:31
 3  0      0 2619992  41112 673428    0    0     0   176 23640 11947 64  9 27  1  0 2026-10-01 08:34:32
 2  0      0 2574000  41128 678460    0    0     0   200 22647 9961 72  7 22  0  0 2026-10-01 08:34:33
 3  0      0 2565488  41204 684112    0    0     0   452 24282 11479 68  7 23  2  1 2026-10-01 08:34:34
 4  0      0 2545144  41260 689740    0    0     0   340 25075 11051 69  8 22  1  0 2026-10-01 08:34:35
 3  0      0 2504164  41320 695344    0    0     0   356 24074 8172 76 10 14  1  0 2026-10-01 08:34:36
procs -----------memory---------- ---swap-- -----io---- -system-- ------cpu----- -----timestamp-----
 r  b   swpd   free   buff  cache   si   so    bi    bo   in   cs us sy id wa st                 UTC
 3  0      0 2491572  41348 701236    0    0     0   184 26119 8106 74 11 15  1  0 2026-10-01 08:34:37
 4  0      0 2463180  41348 706824    0    0     0     0 27051 9333 71  9 19  0  0 2026-10-01 08:34:38
 3  0      0 2421136  41392 712464    0    0     0   256 24797 2925 87  8  5  1  0 2026-10-01 08:34:39
 3  0      0 2409724  41392 718592    0    0     0     4 27060 7183 77  9 14  0  0 2026-10-01 08:34:40
 4  0      0 2394884  41420 723980    0    0     0   212 29458 11051 72 11 17  0  0 2026-10-01 08:34:41
 3  0      0 2333784  41484 729456    0    0     0   352 26470 3128 83 11  5  2  0 2026-10-01 08:34:42
 5  0      0 2324668  41484 735740    0    0     0     0 27259 3992 85  8  7  0  0 2026-10-01 08:34:43
 3  0      0 2312892  41484 741152    0    0     0     0 29981 7328 76 12 13  0  0 2026-10-01 08:34:44
 3  0      0 2270008  41536 747460    0    0     0   368 29743 3596 82 13  5  1  0 2026-10-01 08:34:45
 3  0      0 2235636  41536 752436    0    0     0     8 27559 2308 88  9  4  0  0 2026-10-01 08:34:46
 4  0      0 2226720  41564 758488    0    0     0   228 30093 4109 83 11  6  1  0 2026-10-01 08:34:47
 5  0      0 2214636  41564 764176    0    0     0  3104 32614 4490 82 11  7  0  0 2026-10-01 08:34:48
 4  0      0 2166768  41592 770172    0    0     0   272 31259 1872 86 12  3  1  0 2026-10-01 08:34:49
 4  0      0 2135716  41592 774616    0    0     0     0 30420  966 85 15  1  0  0 2026-10-01 08:34:50
 2  0      0 2128200  41592 780836    0    0     0     0 31810 1707 86 12  2  0  0 2026-10-01 08:34:51
 2  0      0 2117924  41592 785872    0    0     0     8 34584 4523 83 11  7  0  0 2026-10-01 08:34:52
 0  0      0 2105112  41592 789664    0    0     0 54232 37877 19605 57 15 27  1  1 2026-10-01 08:34:53
 0  1      0 2105112  41600 789808    0    0     0   104 2181 1739  1  1 99  0  0 2026-10-01 08:34:54
 3  0      0 2105112  41600 785508    0    0     0     0 39556 32217  9 17 75  0  0 2026-10-01 08:34:55
 0  0      0 2105112  41600 783472    0    0     0     0 1946 1823  0  1 99  0  0 2026-10-01 08:34:56
