procs -----------memory---------- ---swap-- -----io---- -system-- ------cpu----- -----timestamp-----
 r  b   swpd   free   buff  cache   si   so    bi    bo   in   cs us sy id wa st                 UTC
 4  0      0 2240392  44876 784732    0    0    80    97  824  524  2  1 96  0  0 2026-10-01 08:34:16
 0  0      0 2235128  44884 784692    0    0     0   360  899 1386  3  2 95  0  0 2026-10-01 08:34:17
 2  0      0 2214968  46232 741772    0    0     0 32300 8381 14169 56 10 19 16  0 2026-10-01 08:34:18
 0  0      0 2214716  46272 741968    0    0     0   260  734 1175  1  0 98  1  0 2026-10-01 08:34:19
 0  0      0 2214716  46280 741968    0    0     0    96  259  438  0  0 99  1  0 2026-10-01 08:34:20
 1  0      0 2214464  46312 741940    0    0     0   300  881 1020  0  1 99  1  0 2026-10-01 08:34:21
 2  0      0 2170272  46784 747364    0    0     0  3792 31442 23106 48 20 25  7  0 2026-10-01 08:34:22
 0  0      0 2128864  47116 751824    0    0     0  1980 34809 23498 39 20 35  5  0 2026-10-01 08:34:23
 5  0      0 2083112  47524 758580    0    0     0  2232 41556 24577 62 27  8  4  0 2026-10-01 08:34:24
 4  0      0 2032952  47772 765116    0    0     0  1692 48069 26960 71 26  2  2  0 2026-10-01 08:34:25
 3  0      0 1972596  47988 771728    0    0     0  1436 50102 26079 67 30  1  1  0 2026-10-01 08:34:26
 2  0      0 1925344  48168 777772    0    0     0  1336 55045 26497 65 33  0  1  0 2026-10-01 08:34:27
 4  0      0 1872220  48292 784204    0    0     0   896 58701 28406 67 32  1  1  0 2026-10-01 08:34:28
 6  0      0 1818180  48424 789848    0    0     0  1092 59834 24500 60 39  0  0  0 2026-10-01 08:34:29
 5  0      0 1784376  48568 795136    0    0     0   872 62628 25340 66 33  1  1  0 2026-10-01 08:34:30
 4  0      0 1743964  48656 800192    0    0     0   708 67460 31262 62 37  0  1  0 2026-10-01 08:34:31
 5  0      0 1688864  48716 804608    0    0     0   576 70363 28325 59 41  0  1  0 2026-10-01 08:34:32
 7  0      0 1656588  48772 808812    0    0     0   428 71907 31082 59 40  0  0  0 2026-10-01 08:34:33
 8  0      0 1624344  48888 813876    0    0     0  2684 71471 25565 56 44  1  0  0 2026-10-01 08:34:34
 5  0      0 1592064  48968 818176    0    0     0   664 73782 26884 57 43  0  1  0 2026-10-01 08:34:35
 6  0      0 1552968  49172 822380    0    0    92   760 74441 24582 53 47  1  1  0 2026-10-01 08:34:36
procs -----------memory---------- ---swap-- -----io---- -system-- ------cpu----- -----timestamp-----
 r  b   swpd   free   buff  cache   si   so    bi    bo   in   cs us sy id wa st                 UTC
 6  0      0 1509600  49236 826096    0    0     0   512 78607 23498 58 42  0  0  0 2026-10-01 08:34:37
 6  0      0 1486840  49264 828908    0    0     0   360 79243 31933 58 42  0  0  0 2026-10-01 08:34:38
 5  0      0 1457924  49384 834032    0    0     0  1012 81889 25879 47 53  1  1  0 2026-10-01 08:34:39
 6  0      0 1430868  49396 837532    0    0     0   224 80979 28975 52 48  0  0  0 2026-10-01 08:34:40
 8  0      0 1399316  49436 840832    0    0     0   436 83619 26218 51 48  0  1  0 2026-10-01 08:34:41
 8  0      0 1363148  49528 844264    0    0     0  1252 81949 26397 53 47  0  0  0 2026-10-01 08:34:42
 9  0      0 1326628  49564 847148    0    0     0 69784 83812 15641 49 51  0  0  0 2026-10-01 08:34:43
 9  0      0 1308112  49592 850336    0    0     0   912 86663 23502 45 55  0  0  0 2026-10-01 08:34:44
 8  0      0 1281320  49704 853848    0    0     0  1372 86676 17983 47 53  0  0  0 2026-10-01 08:34:45
 7  0      0 1258044  49760 857688    0    0     0   928 86101 25116 48 52  0  0  0 2026-10-01 08:34:46
 7  0      0 1233924  49844 859660    0    0     0  1020 86539 15326 46 54  1  1  0 2026-10-01 08:34:47
 7  0      0 1210036  49908 863380    0    0     0  9492 87741 15179 49 51  0  0  0 2026-10-01 08:34:48
 5  0      0 1174112  49964 866484    0    0     0   940 88447 18507 49 51  0  0  0 2026-10-01 08:34:49
 4  0      0 1142380  50024 868172    0    0     0   980 84422 20702 56 45  0  0  0 2026-10-01 08:34:50
 8  0      0 1113656  50080 870712    0    0     0   932 88233 11309 51 50  0  0  0 2026-10-01 08:34:51
 6  0      0 1089528  50140 873464    0    0     0   940 89875 12852 48 53  0  0  0 2026-10-01 08:34:52
 5  0      0 1072780  50196 876632    0    0     0   900 86153 20338 51 49  0  0  0 2026-10-01 08:34:53
 0  0      0 1069000  50268 879200    0    0   160  1008 25718 9528 21 22 57  2  0 2026-10-01 08:34:54
 3  0      0 1107668  50304 865080    0    0     0   628 49173 16657 22 45 34  0  0 2026-10-01 08:34:55
