procs -----------memory---------- ---swap-- -----io---- -system-- ------cpu----- -----timestamp-----
 r  b   swpd   free   buff  cache   si   so    bi    bo   in   cs us sy id wa st                 UTC
 1  0      0 2898936  38220 680128    0    0    67    69  269  301  1  0 99  0  0 2026-10-01 08:34:16
 0  0      0 2898936  38220 680080    0    0     0     0  130  189  0  1 100  0  0 2026-10-01 08:34:17
 0  0      0 2889228  40248 626884    0    0     0 30448 6601 11920 49  8 20 23  0 2026-10-01 08:34:18
 0  0      0 2889228  40248 626908    0    0     0     8   52   53  0  0 100  0  0 2026-10-01 08:34:19
 0  0      0 2889228  40248 626908    0    0     0  2096  234  388  0  0 98  2  0 2026-10-01 08:34:20
 2  0      0 2889228  40248 626908    0    0     0    12   56   73  0  0 100  0  0 2026-10-01 08:34:21
 0  0      0 2870104  40424 628904    0    0     0   928 5864 5172 17  3 75  4  0 2026-10-01 08:34:22
 0  0      0 2849692  40772 632608    0    0     0  1696 8546 6703 31  3 58  8  0 2026-10-01 08:34:23
 0  0      0 2833060  41008 636708    0    0     0  1348 11170 8269 39  3 51  6  0 2026-10-01 08:34:24
 2  0      0 2803796  41216 641532    0    0     0  1228 12942 7471 46  7 42  5  0 2026-10-01 08:34:25
 2  0      0 2780164  41352 645968    0    0     0   844 14750 10663 45  5 47  3  0 2026-10-01 08:34:26
 1  1      0 2748076  41444 650880    0    0     0   616 15917 9015 57  6 36  2  0 2026-10-01 08:34:27
 0  0      0 2719472  41500 655848    0    0     0   420 17421 10642 51  9 40  1  0 2026-10-01 08:34:28
 1  0      0 2685072  41616 661304    0    0     0   648 17571 8387 64  6 28  3  0 2026-10-01 08:34:29
 4  0      0 2670764  41660 666304    0    0     0   348 19508 12476 58  6 36  1  0 2026-10-01 08:34:30
 2  0      0 2623524  41740 672148    0    0     0   488 20611 8063 67  9 22  1  0 2026-10-01 08:34:31
 3  0      0 2611216  41912 678720    0    0     0   972 21430 7157 72  8 17  4  0 2026-10-01 08:34:32
 3  0      0 2556444  42048 685308    0    0     0   784 21636 4790 72 11 14  3  1 2026-10-01 08:34:33
 3  0      0 2542680  42100 692096    0    0     0   368 22623 3842 84  6 10  1  0 2026-10-01 08:34:34
 3  0      0 2509260  42128 698128    0    0     0   200 24177 7495 74  8 17  1  0 2026-10-01 08:34:35
 3  0      0 2463960  42128 703916    0    0     0     0 22667 2051 86 10  5  0  0 2026-10-01 08:34:36
procs -----------memory---------- ---swap-- -----io---- -system-- ------cpu----- -----timestamp-----
 r  b   swpd   free   buff  cache   si   so    bi    bo   in   cs us sy id wa st                 UTC
 2  0      0 2450676  42152 711256    0    0     0   224 25968 3061 83  9  7  0  0 2026-10-01 08:34:37
 3  0      0 2413508  42236 717752    0    0     0   532 27228 6802 74 12 13  2  0 2026-10-01 08:34:38
 3  0      0 2372096  42236 723760    0    0     0     0 25270  593 87 13  1  0  0 2026-10-01 08:34:39
 3  0      0 2361116  42352 730604    0    0     0   664 27086 2053 88  9  2  1  0 2026-10-01 08:34:40
 4  0      0 2322732  42416 737624    0    0     0   400 29501 2273 85 11  2  1  0 2026-10-01 08:34:41
 3  0      0 2268072  42416 742848    0    0     0    36 27563 1392 88 11  2  0  0 2026-10-01 08:34:42
 3  0      0 2258032  42416 749352    0    0     0     8 28266  682 89 11  1  0  0 2026-10-01 08:34:43
 3  0      0 2243096  42440 755912    0    0     0   224 29819  553 86 13  0  0  0 2026-10-01 08:34:44
 3  0      0 2190248  42492 762540    0    0     0   288 31788 1015 87 11  1  1  0 2026-10-01 08:34:45
 3  0      0 2156480  42492 767364    0    0     0     0 29498 1107 86 13  1  0  0 2026-10-01 08:34:46
 3  0      0 2148748  42492 773720    0    0     0     4 33399 1320 85 12  2  0  0 2026-10-01 08:34:47
 3  0      0 2137432  42492 779472    0    0     0  2880 33104 1148 87 12  1  0  0 2026-10-01 08:34:48
 3  0      0 2094996  42492 785664    0    0     0    40 33078 1339 87 12  1  0  0 2026-10-01 08:34:49
 3  0      0 2050392  42500 790056    0    0     0   144 33363  628 84 16  0  0  0 2026-10-01 08:34:50
 3  0      0 2040868  42500 795480    0    0     0     0 33475  559 88 12  0  0  0 2026-10-01 08:34:51
 3  0      0 2027764  42500 801328    0    0     0     0 36071  521 87 13  0  0  0 2026-10-01 08:34:52
 4  1      0 2020288  42500 806028    0    0     0 16420 39824 15877 65 12 23  1  0 2026-10-01 08:34:53
 1  0      0 2019532  42500 806800    0    0     0 38540 10023 4775  8  4 88  1  0 2026-10-01 08:34:54
 2  0      0 2019532  42504 804300    0    0     0   124 35107 26089  9 13 77  0  0 2026-10-01 08:34:55
 1  0      0 2019532  42504 799840    0    0     0     0 8088 7376  1  3 95  0  0 2026-10-01 08:34:56
 1  0      0 2016508  42504 799840    0    0     0     0  151  205  1  1 99  0  0 2026-10-01 08:34:57
