procs -----------memory---------- ---swap-- -----io---- -system-- ------cpu----- -----timestamp-----
 r  b   swpd   free   buff  cache   si   so    bi    bo   in   cs us sy id wa st                 UTC
 1  0      0 2498820  66084 1048364    0    0    88   435 2355  876  9  2 89  0  0 2026-10-01 08:58:17
 2  0      0 2506500  66232 1015756    0    0   980 12344 1874 3335 14  4 77  5  0 2026-10-01 08:58:18
 0  0      0 2438740  66712 1018844    0    0    84 18588 6168 10162 37  5 37 21  0 2026-10-01 08:58:19
 0  0      0 2438740  66712 1018844    0    0     0     0   34   34  0  0 100  0  0 2026-10-01 08:58:20
 0  0      0 2438740  66712 1018844    0    0     0     0   26   34  0  0 100  0  0 2026-10-01 08:58:21
 0  0      0 2430004  66752 1020004    0    0     0   708 5978 5967 10  1 87  3  0 2026-10-01 08:58:22
 0  1      0 2391740  66852 1022672    0    0     0  1732 18247 20949 24  6 64  6  0 2026-10-01 08:58:23
 1  0      0 2336604  66964 1027168    0    0     0  1880 23973 24935 35 10 48  7  0 2026-10-01 08:58:24
 0  0      0 2306768  67088 1031104    0    0     0  1480 22432 22672 39  6 51  5  0 2026-10-01 08:58:25
 5  0      0 2291184  67144 1035916    0    0     0   928 25177 22825 43 10 44  3  0 2026-10-01 08:58:26
 5  0      0 2234416  67248 1040700    0    0     0  1296 26741 24817 43  9 46  3  0 2026-10-01 08:58:27
 2  0      0 2153940  67300 1046696    0    0     0  1036 29508 23138 55 12 31  3  0 2026-10-01 08:58:28
 6  0      0 2095308  67336 1051808    0    0     0   876 29529 22783 55 13 30  2  0 2026-10-01 08:58:29
 7  0      0 2083884  67396 1058196    0    0     0  1048 31532 23400 60 12 26  2  0 2026-10-01 08:58:30
 3  0      0 2062348  67448 1064236    0    0     0   836 32733 24351 59 13 26  3  0 2026-10-01 08:58:31
 8  0      0 1997496  67492 1071040    0    0     0   844 32245 17377 68  9 20  3  0 2026-10-01 08:58:32
 4  0      0 1912408  67528 1077352    0    0     0   600 33453 17737 60 18 22  1  0 2026-10-01 08:58:33
 3  0      0 1825060  67532 1083868    0    0     0   220 35962 19569 71 13 16  0  0 2026-10-01 08:58:34
 3  0      0 1799716  67560 1090276    0    0     0   432 31882 8785 82 11  7  1  0 2026-10-01 08:58:35
 4  0      0 1791272  67568 1096136    0    0     0   392 36138 19604 64 13 23  1  0 2026-10-01 08:58:36
 3  0      0 1772004  67588 1103364    0    0     0   248 36619 12033 77 13 10  1  0 2026-10-01 08:58:37
procs -----------memory---------- ---swap-- -----io---- -system-- ------cpu----- -----timestamp-----
 r  b   swpd   free   buff  cache   si   so    bi    bo   in   cs us sy id wa st                 UTC
 4  0      0 1743652  67620 1109488    0    0     0   568 37696 18694 68 15 17  1  0 2026-10-01 08:58:38
 3  0      0 1646784  67624 1116532    0    0     0   216 36389 6837 74 17  7  1  0 2026-10-01 08:58:39
 3  0      0 1556188  67636 1122892    0    0     0   408 39347 15653 70 18 11  0  0 2026-10-01 08:58:40
 3  0      0 1453228  67636 1129600    0    0     0    12 37542 7903 78 16  6  0  0 2026-10-01 08:58:41
 3  0      0 1429944  67640 1134856    0    0     0   212 32501  758 84 15  0  1  0 2026-10-01 08:58:42
 5  0      0 1420508  67640 1141612    0    0     0  1196 38506 7763 82 11  8  0  0 2026-10-01 08:58:43
 3  0      0 1412724  67640 1148076    0    0     0 57748 39989 10494 75 14 10  0  0 2026-10-01 08:58:44
 4  0      0 1398820  67640 1154308    0    0     0     0 38733 7918 79 13  8  0  0 2026-10-01 08:58:45
 4  0      0 1383072  67640 1160252    0    0     0   340 39829 11491 75 17  8  0  0 2026-10-01 08:58:46
 8  0      0 1327644  67640 1166476    0    0     0     8 40916 8589 74 17  8  0  0 2026-10-01 08:58:47
 4  0      0 1242368  67652 1172404    0    0     0   388 41559 11489 70 17 12  1  0 2026-10-01 08:58:48
 4  0      0 1147880  67652 1177876    0    0     0 82628 43538 5098 72 22  6  0  0 2026-10-01 08:58:49
 4  0      0 1055056  67652 1183636    0    0     0     0 43545 6743 71 20  9  0  0 2026-10-01 08:58:50
 3  0      0 1012756  67652 1186232    0    0     0     0 40649 4730 79 17  4  0  0 2026-10-01 08:58:51
 2  0      0 998340  67652 1192036    0    0     0     0 43457 6800 76 17  7  0  0 2026-10-01 08:58:52
 4  0      0 992128  67652 1196780    0    0     0   172 49374 9610 72 17 11  0  0 2026-10-01 08:58:53
 3  0      0 986344  67652 1201436    0    0     0     0 49283 16051 67 16 16  0  0 2026-10-01 08:58:54
 0  0      0 979048  67652 1206184    0    0     0     0 47702 8363 71 18 12  0  0 2026-10-01 08:58:55
 0  0      0 973532  67672 1210700    0    0     0   412 47556 11440 66 19 14  1  0 2026-10-01 08:58:56
 3  0      0 967120  67672 1215268    0    0     0     0 49377 12701 63 20 17  0  0 2026-10-01 08:58:57
 7  0      0 957232  67672 1220048    0    0     0     0 50067 12334 70 18 12  0  0 2026-10-01 08:58:58
procs -----------memory---------- ---swap-- -----io---- -system-- ------cpu----- -----timestamp-----
 r  b   swpd   free   buff  cache   si   so    bi    bo   in   cs us sy id wa st                 UTC
 0  0      0 912472  67684 1225440    0    0     0  3080 50152 8886 69 19 11  1  0 2026-10-01 08:58:59
 3  0      0 843184  67684 1229252    0    0     0     0 51692 13666 69 19 13  0  0 2026-10-01 08:59:00
 2  0      0 764420  67684 1234044    0    0     0     0 50950 10475 66 20 14  0  0 2026-10-01 08:59:01
 2  0      0 685192  67684 1237812    0    0     0     0 49742 9546 65 20 15  0  0 2026-10-01 08:59:02
 2  0      0 602564  67688 1242200    0    0     0   164 49779 8977 67 23 10  0  0 2026-10-01 08:59:03
 2  0      0 537680  67688 1244940    0    0     0     0 37990 3270 79 16  5  0  0 2026-10-01 08:59:04
 0  0      0 517040  67688 1247900    0    0     0     8 53755 3396 74 22  5  0  0 2026-10-01 08:59:05
 2  0      0 511760  67688 1252100    0    0     0    12 44894 17687 62 15 23  0  0 2026-10-01 08:59:06
 2  0      0 506984  67688 1255792    0    0     0     0 56899 5642 74 20  5  0  0 2026-10-01 08:59:07
 2  0      0 503736  67688 1258896    0    0     0   136 50167 19692 55 17 28  0  0 2026-10-01 08:59:08
 0  0      0 499984  67688 1262056    0    0     0     0 55345 19511 58 20 22  0  0 2026-10-01 08:59:09
 0  0      0 496288  67688 1264892    0    0     0     0 53307 25751 48 21 31  0  0 2026-10-01 08:59:10
 0  0      0 490896  67688 1268528    0    0     0    12 47998 6304 76 17  7  0  0 2026-10-01 08:59:11
 0  0      0 486696  67688 1271276    0    0     0     0 52542 24592 54 20 26  0  0 2026-10-01 08:59:12
 2  0      0 483224  67688 1273896    0    0     0   108 52519 19135 57 18 25  0  0 2026-10-01 08:59:13
 4  0      0 479192  67696 1277688    0    0     0   208 54318 18751 58 18 24  1  0 2026-10-01 08:59:14
 2  0      0 472468  67696 1280732    0    0     0 29848 49604 14432 63 19 17  1  0 2026-10-01 08:59:15
 4  0      0 459288  67696 1284496    0    0     0     0 56467 13908 66 22 12  0  0 2026-10-01 08:59:16
 0  0      0 414796  67696 1286140    0    0     0     8 56151 22300 54 19 28  0  0 2026-10-01 08:59:17
 2  0      0 352844  67696 1289092    0    0     0     0 52188 14527 64 18 18  0  0 2026-10-01 08:59:18
 2  0      0 291104  67700 1291744    0    0     0   216 51943 17649 52 21 26  0  0 2026-10-01 08:59:19
procs -----------memory---------- ---swap-- -----io---- -system-- ------cpu----- -----timestamp-----
 r  b   swpd   free   buff  cache   si   so    bi    bo   in   cs us sy id wa st                 UTC
 2  0      0 225600  67700 1294532    0    0     0 61452 48542 17228 63 21 17  0  0 2026-10-01 08:59:20
 3  0      0 144776  67700 1297772    0    0     0   164 57189 12648 61 25 14  0  0 2026-10-01 08:59:21
 0  0      0 113684  67700 1299920    0    0     0   196 49029 27356 51 19 31  0  0 2026-10-01 08:59:22
 0  0      0 113684  67700 1300068    0    0     0     8 4803 5114  3  2 96  0  0 2026-10-01 08:59:23
 1  0      0 113684  67700 1296080    0    0     0     0 61372 46728 13 20 67  0  0 2026-10-01 08:59:24
 0  0      0 113684  67700 1287560    0    0     0 27500 16733 13252  4  7 88  2  0 2026-10-01 08:59:25
 0  0      0 113684  67700 1287564    0    0     0   160   56   54  0  0 100  0  0 2026-10-01 08:59:26
