procs -----------memory---------- ---swap-- -----io---- -system-- ------cpu----- -----timestamp-----
 r  b   swpd   free   buff  cache   si   so    bi    bo   in   cs us sy id wa st                 UTC
 0  0      0 31214252  18032 440288    0    0    12     2  871 1383 13  2 85  0  0 2026-10-01 08:58:17
 0  0      0 31201656  18032 440296    0    0     0     0 1869 1743  1  0 99  0  0 2026-10-01 08:58:18
 0  0      0 31197428  18032 440296    0    0     0    12 3367 2316  2  0 98  0  0 2026-10-01 08:58:19
 0  0      0 31196448  18032 440296    0    0     0     0   84  139  0  0 100  0  0 2026-10-01 08:58:20
 0  0      0 31202336  18032 440296    0    0     0     0  126  122  0  0 100  0  0 2026-10-01 08:58:21
 1  0      0 31181168  18040 440296    0    0     0  1124 20660 18144  6  1 93  0  0 2026-10-01 08:58:22
14  0      0 31125560  18040 440296    0    0     0     4 40913 42468 11  2 87  0  0 2026-10-01 08:58:23
 0  0      0 31063372  18040 440232    0    0     0     0 47101 47385 14  2 84  0  0 2026-10-01 08:58:24
 0  0      0 30968144  18040 440328    0    0     0     0 56697 55329 19  2 79  0  0 2026-10-01 08:58:25
16  0      0 30854912  18040 440840    0    0     0     0 62214 54080 22  3 75  0  0 2026-10-01 08:58:26
 1  0      0 30756440  18040 441416    0    0     0     0 65242 56291 24  3 74  0  0 2026-10-01 08:58:27
 1  0      0 30644488  18048 442152    0    0     0    36 73711 59715 28  4 69  0  0 2026-10-01 08:58:28
 2  0      0 30485104  18048 442904    0    0     0    52 82549 66398 30  3 67  0  0 2026-10-01 08:58:29
 5  0      0 30378792  18048 443656    0    0     0     0 86767 69883 31  4 65  0  0 2026-10-01 08:58:30
 2  0      0 30197332  18048 444536    0    0     0     0 90925 64285 35  4 61  0  0 2026-10-01 08:58:31
 5  0      0 30128372  18048 445336    0    0     0     0 92886 68373 36  4 61  0  0 2026-10-01 08:58:32
 1  0      0 30004832  18048 446304    0    0     0     0 96829 66537 37  4 59  0  0 2026-10-01 08:58:33
 3  0      0 29821236  18056 447080    0    0     0    12 103677 63316 44  5 51  0  0 2026-10-01 08:58:34
 4  0      0 29712988  18056 447968    0    0     0     4 104363 68019 41  4 55  0  0 2026-10-01 08:58:35
 0  0      0 29537260  18056 448640    0    0     0     0 110173 69851 42  5 54  0  0 2026-10-01 08:58:36
16  0      0 29503996  18056 449576    0    0     0     0 109772 71843 42  4 54  0  0 2026-10-01 08:58:37
procs -----------memory---------- ---swap-- -----io---- -system-- ------cpu----- -----timestamp-----
 r  b   swpd   free   buff  cache   si   so    bi    bo   in   cs us sy id wa st                 UTC
16  0      0 29351228  18056 450232    0    0     0     0 112224 66975 43  6 51  0  0 2026-10-01 08:58:38
 3  0      0 29290976  18056 451024    0    0     0     0 113725 70336 46  6 49  0  0 2026-10-01 08:58:39
 6  0      0 29071376  18064 451592    0    0     0    12 114286 60666 49  6 46  0  0 2026-10-01 08:58:40
16  0      0 28990068  18064 452528    0    0     0     4 112980 60382 51  6 43  0  0 2026-10-01 08:58:41
 0  0      0 28737212  18064 452928    0    0     0     0 121720 60204 47  7 46  0  0 2026-10-01 08:58:42
16  0      0 28674612  18064 453912    0    0     0     0 114915 54363 53  6 40  0  0 2026-10-01 08:58:43
 5  0      0 28662476  18064 454608    0    0     0     0 115184 71762 42  5 52  0  0 2026-10-01 08:58:44
 2  0      0 28435968  18064 455216    0    0     0     0 125261 53922 54  7 39  0  0 2026-10-01 08:58:45
11  0      0 28431012  18072 455792    0    0     0    12 110468 54149 53  5 42  0  0 2026-10-01 08:58:46
 4  0      0 28212004  18072 456552    0    0     0     4 126510 58393 49  6 45  0  0 2026-10-01 08:58:47
16  0      0 28101432  18072 457144    0    0     0     0 121485 52762 54  5 40  0  0 2026-10-01 08:58:48
 4  0      0 28092808  18072 457600    0    0     0     0 120891 68390 39  6 55  0  0 2026-10-01 08:58:49
 6  0      0 27943596  18072 457912    0    0     0     0 125015 50392 55  6 39  0  0 2026-10-01 08:58:50
 0  0      0 27931000  18072 458456    0    0     0     0 117814 56189 48  5 46  0  0 2026-10-01 08:58:51
16  0      0 27922684  18080 459024    0    0     0    12 115666 61608 45  6 49  0  0 2026-10-01 08:58:52
 2  0      0 27846300  18080 459468    0    0     0     8 130268 65704 46  7 48  0  0 2026-10-01 08:58:53
13  0      0 27670576  18080 459548    0    0     0     0 127471 52689 54  6 40  0  0 2026-10-01 08:58:54
16  0      0 27637712  18080 460052    0    0     0     0 118140 55614 52  6 43  0  0 2026-10-01 08:58:55
16  0      0 27602572  18080 460748    0    0     0     0 125076 66178 39  6 55  0  0 2026-10-01 08:58:56
 6  0      0 27570260  18080 460996    0    0     0     0 117453 52024 54  5 41  0  0 2026-10-01 08:58:57
 5  0      0 27485228  18088 461660    0    0     0    20 123634 51382 53  7 40  0  0 2026-10-01 08:58:58
procs -----------memory---------- ---swap-- -----io---- -system-- ------cpu----- -----timestamp-----
 r  b   swpd   free   buff  cache   si   so    bi    bo   in   cs us sy id wa st                 UTC
 0  0      0 27480192  18088 461860    0    0     0     4 125589 75866 32  5 62  0  0 2026-10-01 08:58:59
16  0      0 27326164  18088 461948    0    0     0     0 129488 47927 58  6 36  0  0 2026-10-01 08:59:00
16  0      0 27322412  18104 462568    0    0     0    64 119611 62886 43  6 51  0  0 2026-10-01 08:59:01
 0  0      0 27240240  18104 462804    0    0     0     0 127658 61578 47  7 46  0  0 2026-10-01 08:59:02
 0  0      0 27137068  18104 463340    0    0     0     0 126934 49752 57  8 36  0  0 2026-10-01 08:59:03
 2  0      0 27136088  18104 463908    0    0     0     8 125580 76029 30  6 64  0  0 2026-10-01 08:59:04
 3  0      0 27050584  18104 464116    0    0     0     4 124855 54016 53  7 40  0  0 2026-10-01 08:59:05
16  0      0 26958240  18112 464372    0    0     0   220 124214 59978 48  5 47  0  0 2026-10-01 08:59:06
 4  0      0 26876872  18112 464932    0    0     0     0 137113 66538 47  6 47  0  0 2026-10-01 08:59:07
 1  0      0 26823060  18112 465228    0    0     0     0 116596 50812 55  5 39  0  0 2026-10-01 08:59:08
 5  0      0 26820792  18112 465372    0    0     0     0 128832 81555 30  5 65  0  0 2026-10-01 08:59:09
 4  0      0 26704396  18112 465372    0    0     0     0 130337 59179 52  6 42  0  0 2026-10-01 08:59:10
 0  0      0 26696472  18112 465964    0    0     0     4 120951 63439 39  6 55  0  0 2026-10-01 08:59:11
 5  0      0 26600800  18120 466516    0    0     0    20 126453 54918 54  6 40  0  0 2026-10-01 08:59:12
16  0      0 26599288  18120 466516    0    0     0     0 127132 75376 37  6 57  0  0 2026-10-01 08:59:13
16  0      0 26469620  18120 466748    0    0     0     0 131920 53496 54  7 39  0  0 2026-10-01 08:59:14
15  0      0 26465204  18120 467220    0    0     0     0 121983 65268 38  5 56  0  0 2026-10-01 08:59:15
 8  0      0 26331140  18120 467460    0    0     0     0 134043 68039 48  7 45  0  0 2026-10-01 08:59:16
16  0      0 26329408  18128 467468    0    0     0    16 123550 79867 29  5 66  0  0 2026-10-01 08:59:17
 1  0      0 26172332  18128 467868    0    0     0     0 130289 44442 63  6 31  0  0 2026-10-01 08:59:18
16  0      0 26171156  18128 468060    0    0     0     0 124645 71956 36  6 58  0  0 2026-10-01 08:59:19
procs -----------memory---------- ---swap-- -----io---- -system-- ------cpu----- -----timestamp-----
 r  b   swpd   free   buff  cache   si   so    bi    bo   in   cs us sy id wa st                 UTC
 9  0      0 26135708  18128 468636    0    0     0     0 117235 52306 53  6 41  0  0 2026-10-01 08:59:20
16  0      0 26134980  18128 468812    0    0     0     0 135502 90285 28  6 66  0  0 2026-10-01 08:59:21
 2  0      0 25992380  18128 468812    0    0     0     0 129688 56701 60  7 33  0  0 2026-10-01 08:59:22
 1  0      0 31092212  18136 468812    0    0     0    16 9699 4567  0  2 98  0  0 2026-10-01 08:59:23
 0  0      0 31228096  18144 440560    0    0     0    24 78511  795  0  5 95  0  0 2026-10-01 08:59:24
 0  0      0 31228096  18144 440560    0    0     0     0 11303  103  0  0 100  0  0 2026-10-01 08:59:25
 0  0      0 31228096  18144 440560    0    0     0     0   96  157  0  0 100  0  0 2026-10-01 08:59:26
 0  0      0 31228104  18144 440564    0    0     0     0   86  149  0  0 100  0  0 2026-10-01 08:59:27
