procs -----------memory---------- ---swap-- -----io---- -system-- ------cpu----- -----timestamp-----
 r  b   swpd   free   buff  cache   si   so    bi    bo   in   cs us sy id wa st                 UTC
 1  0      0 1228004  39320 574988    0    0   144   370 1077 1372  7  7 85  0  0 2026-10-01 08:58:17
 0  3      0 1205724  39636 567344    0    0   412 13120 2603 4814 16  5 73  6  0 2026-10-01 08:58:18
 0  0      0 1138580  40396 569872    0    0     0 17944 6407 9727 41  5 42 12  0 2026-10-01 08:58:19
 0  0      0 1138580  40408 569860    0    0     0   124  297  470  0  1 100  0  0 2026-10-01 08:58:20
 0  0      0 1138580  40424 569872    0    0     0   164  258  433  0  0 100  1  0 2026-10-01 08:58:21
 0  1      0 1129000  40508 570088    0    0     0  1516 12616 8233  6  4 88  3  0 2026-10-01 08:58:22
 0  0      0 1101136  40764 573804    0    0     0  1920 32932 21948 28 17 51  5  0 2026-10-01 08:58:23
 6  0      0 1091500  40904 576520    0    0     0  1548 39191 25396 21 17 58  4  0 2026-10-01 08:58:24
 1  0      0 1064092  41040 580108    0    0     0  1384 48280 31394 33 23 42  2  0 2026-10-01 08:58:25
10  0      0 1028952  41180 583984    0    0     0  1372 55394 33318 32 25 40  3  0 2026-10-01 08:58:26
 7  0      0 989472  41288 588096    0    0     0  1104 59665 36160 34 33 31  2  0 2026-10-01 08:58:27
 3  0      0 943872  41368 592376    0    0     0  2040 65894 36780 35 38 26  1  0 2026-10-01 08:58:28
11  0      0 898640  41480 596604    0    0     0  1088 70212 38043 44 37 18  2  0 2026-10-01 08:58:29
 4  0      0 866160  41536 601360    0    0     0   816 73671 36383 55 37  9  1  0 2026-10-01 08:58:30
13  0      0 854400  41572 605664    0    0     0   632 79117 39439 48 38 13  0  1 2026-10-01 08:58:31
 5  0      0 840668  41592 610188    0    0     0   468 80221 38060 50 41  9  0  0 2026-10-01 08:58:32
 5  0      0 825004  41632 614404    0    0     0   556 83159 36501 48 45  7  1  0 2026-10-01 08:58:33
13  0      0 781896  41708 619616    0    0     0 31556 82421 30143 51 49  0  0  0 2026-10-01 08:58:34
 9  0      0 737852  41752 623560    0    0     0   544 85284 29909 50 46  4  0  0 2026-10-01 08:58:35
 8  0      0 694064  41836 627652    0    0     0   972 88781 31949 51 48  0  0  0 2026-10-01 08:58:36
 5  0      0 650892  41868 631064    0    0     0  1072 89619 31799 47 53  0  0  0 2026-10-01 08:58:37
procs -----------memory---------- ---swap-- -----io---- -system-- ------cpu----- -----timestamp-----
 r  b   swpd   free   buff  cache   si   so    bi    bo   in   cs us sy id wa st                 UTC
 6  0      0 606948  41944 634764    0    0     0  3224 89596 26033 45 56  0  0  0 2026-10-01 08:58:38
 9  0      0 586916  42028 637632    0    0     0  1384 88368 25040 49 52  0  0  0 2026-10-01 08:58:39
 7  0      0 569348  42080 641168    0    0     0  1140 87826 19186 50 51  0  0  0 2026-10-01 08:58:40
 6  0      0 556544  42140 644444    0    0     0   952 88415 11797 47 53  0  0  0 2026-10-01 08:58:41
 9  0      0 544408  42176 648056    0    0     0   932 88563 17147 48 52  0  0  0 2026-10-01 08:58:42
10  0      0 531280  42212 651320    0    0     0   900 90115 8184 46 54  0  0  0 2026-10-01 08:58:43
 5  0      0 516736  42252 654832    0    0     0   920 88838 14329 50 50  0  0  0 2026-10-01 08:58:44
 7  0      0 501772  42292 657940    0    0     0  1000 89967 7409 47 54  0  0  0 2026-10-01 08:58:45
 9  0      0 482876  42336 660776    0    0     0   952 89818 6816 47 53  0  0  1 2026-10-01 08:58:46
 8  0      0 449676  42360 663716    0    0     0   964 89353 9597 43 57  0  0  0 2026-10-01 08:58:47
10  0      0 405172  42396 666256    0    0     0   956 91760 5493 46 54  0  0  0 2026-10-01 08:58:48
 6  0      0 367388  42460 668752    0    0     0 30520 88533 4622 43 57  0  0  0 2026-10-01 08:58:49
 5  0      0 335952  42500 671004    0    0     0  1240 89990 4326 43 58  0  0  0 2026-10-01 08:58:50
 7  0      0 303336  42564 673392    0    0     0  1360 91281 6556 40 61  0  0  0 2026-10-01 08:58:51
 4  0      0 277224  42632 674752    0    0     0  1188 87645 5199 44 57  0  0  0 2026-10-01 08:58:52
 7  0      0 245348  42684 676344    0    0     0  1176 93225 4987 40 60  0  0  0 2026-10-01 08:58:53
 7  0      0 240860  42736 678984    0    0     0   996 88216 4671 35 66  0  0  0 2026-10-01 08:58:54
 8  0      0 232780  42788 681284    0    0     0   932 88157 4169 45 55  0  0  0 2026-10-01 08:58:55
 5  0      0 226268  42836 683212    0    0     0   948 88192 4369 36 64  0  0  0 2026-10-01 08:58:56
 9  0      0 221012  42880 685372    0    0     0   852 88063 4190 39 61  0  0  0 2026-10-01 08:58:57
 8  0      0 216272  42936 688052    0    0     0   816 90564 4462 42 58  0  0  0 2026-10-01 08:58:58
procs -----------memory---------- ---swap-- -----io---- -system-- ------cpu----- -----timestamp-----
 r  b   swpd   free   buff  cache   si   so    bi    bo   in   cs us sy id wa st                 UTC
 4  0      0 209504  42980 689504    0    0     0   792 87668 4080 38 62  0  0  0 2026-10-01 08:58:59
 4  0      0 205532  43024 692344    0    0     0   772 91367 6299 41 59  0  0  0 2026-10-01 08:59:00
 4  0      0 195288  43044 693988    0    0     0   684 86900 4219 42 58  0  0  1 2026-10-01 08:59:01
 4  0      0 192048  43068 696120    0    0     0   648 88372 4636 41 59  0  0  0 2026-10-01 08:59:02
 4  0      0 185460  43100 698040    0    0     0   680 91082 6269 43 58  0  0  0 2026-10-01 08:59:03
 5  0      0 174728  43136 699972    0    0     0   592 86332 4213 38 63  0  0  0 2026-10-01 08:59:04
14  0      0 164936  43156 701908    0    0     0   556 91103 5281 46 54  0  0  0 2026-10-01 08:59:05
 5  0      0 126316  43172 704084    0    0     0   520 86339 5057 39 61  0  0  0 2026-10-01 08:59:06
 7  0      0 110976  42924 702792    0    0    40 23388 91532 6174 32 68  0  0  0 2026-10-01 08:59:07
 6  0      0 112648  41644 675400    0    0   132   424 89347 7214 38 62  0  0  0 2026-10-01 08:59:08
 4  0      0 117400  39976 634056    0    0     0   368 87640 3996 34 66  0  0  0 2026-10-01 08:59:09
 5  0      0 114256  40000 632796    0    0     0   388 88483 4539 37 63  0  0  0 2026-10-01 08:59:10
 5  0      0 126520  36784 579936    0    0     0   376 88659 5810 37 64  0  0  0 2026-10-01 08:59:11
 4  0      0 119368  36028 553276    0    0     0   348 88706 3504 35 65  0  0  0 2026-10-01 08:59:12
 4  0      0 121328  35428 542720    0    0     4   396 87801 6312 40 60  0  0  0 2026-10-01 08:59:13
 4  0      0 116904  32904 512748    0    0     0   344 86828 5524 38 63  0  0  0 2026-10-01 08:59:14
 4  0      0 117544  30456 483740    0    0     0   312 88244 5267 45 56  0  0  0 2026-10-01 08:59:15
10  0      0 117648  29540 469620    0    0     0   296 93654 3993 39 61  0  0  1 2026-10-01 08:59:16
 5  0      0 110284  29572 470784    0    0     0   316 85038 4468 43 57  0  0  0 2026-10-01 08:59:17
 4  0      0 116564  28688 462384    0    0     0   300 88888 5733 31 70  0  0  0 2026-10-01 08:59:18
 6  0      0 104280  28080 455132    0    0     0   328 81857 3304 40 61  0  0  0 2026-10-01 08:59:19
procs -----------memory---------- ---swap-- -----io---- -system-- ------cpu----- -----timestamp-----
 r  b   swpd   free   buff  cache   si   so    bi    bo   in   cs us sy id wa st                 UTC
 4  0      0 114632  27204 444656    0    0    60   416 84633 4132 40 60  0  0  0 2026-10-01 08:59:20
 4  0      0 117820  26708 438104    0    0    16   328 88159 6599 33 68  0  0  0 2026-10-01 08:59:21
 3  0      0 121244  26732 439928    0    0  1104   372 81850 6064 40 61  0  0  0 2026-10-01 08:59:22
 0  0      0 120292  26752 440112    0    0     8   276 7948 2997  4  5 90  1  0 2026-10-01 08:59:23
 3  0      0 197016  26852 432884    0    0 14148   256 78012 21659 22 78  1  0  0 2026-10-01 08:59:24
