procs -----------memory---------- ---swap-- -----io---- -system-- ------cpu----- -----timestamp-----
 r  b   swpd   free   buff  cache   si   so    bi    bo   in   cs us sy id wa st                 UTC
 1  0      0 2494964  66372 1055388    0    0    87   416 2330  946  8  2 89  0  0 2026-10-01 08:58:17
 4  1      0 2479540  66516 1040508    0    0  1648 12620 1932 3679 14  4 77  5  0 2026-10-01 08:58:18
 0  0      0 2415080  67104 1043104    0    0     0 18472 4478 8461 32  4 45 18  0 2026-10-01 08:58:19
 0  0      0 2415080  67104 1043104    0    0     0     0   34   38  0  0 100  0  0 2026-10-01 08:58:20
 0  0      0 2415080  67104 1043104    0    0     0     0   27   30  0  0 100  0  0 2026-10-01 08:58:21
 2  0      0 2399708  67184 1044324    0    0     0   612 4892 5288  9  2 87  2  0 2026-10-01 08:58:22
 0  0      0 2386432  67396 1047628    0    0     0  1828 9433 9303 20  3 70  7  0 2026-10-01 08:58:23
 5  0      0 2360000  67468 1050300    0    0     0  1208 9219 8177 17  5 73  4  0 2026-10-01 08:58:24
 0  0      0 2313252  67608 1054584    0    0     0  1436 14913 12147 29  6 61  4  0 2026-10-01 08:58:25
 7  0      0 2261352  67744 1059080    0    0     0  1572 18654 17433 34  8 54  4  0 2026-10-01 08:58:26
 0  0      0 2208544  67816 1063744    0    0     0   916 20407 16042 44  7 46  3  0 2026-10-01 08:58:27
 6  0      0 2199360  67844 1068576    0    0     0   600 21326 18480 42  7 49  1  0 2026-10-01 08:58:28
 0  0      0 2182868  67888 1073560    0    0     0   880 23801 18723 44  9 44  3  0 2026-10-01 08:58:29
 2  0      0 2128292  67916 1078624    0    0     0   656 25393 19325 44 13 41  1  0 2026-10-01 08:58:30
 2  0      0 2057580  67968 1084432    0    0     0   932 30710 23669 53 13 31  2  0 2026-10-01 08:58:31
 3  0      0 1986920  67996 1090036    0    0     0   532 30485 23741 54 12 33  1  0 2026-10-01 08:58:32
 3  0      0 1960024  68048 1096164    0    0     0   856 29124 17661 66 13 20  2  0 2026-10-01 08:58:33
 8  0      0 1947064  68104 1102908    0    0     0   892 29990 16516 59 12 27  2  0 2026-10-01 08:58:34
 5  0      0 1928244  68120 1108468    0    0     0   232 32903 22797 58 12 29  0  0 2026-10-01 08:58:35
 3  0      0 1870408  68168 1114988    0    0     0   604 34183 17669 62 15 21  2  0 2026-10-01 08:58:36
 1  0      0 1789904  68204 1120844    0    0     0   816 34328 16864 65 10 23  2  0 2026-10-01 08:58:37
procs -----------memory---------- ---swap-- -----io---- -system-- ------cpu----- -----timestamp-----
 r  b   swpd   free   buff  cache   si   so    bi    bo   in   cs us sy id wa st                 UTC
 3  0      0 1699028  68204 1127676    0    0     0     0 36696 16236 70 15 16  0  0 2026-10-01 08:58:38
 3  0      0 1631896  68212 1133472    0    0     0   240 32958 8118 79 15  5  0  0 2026-10-01 08:58:39
 3  0      0 1622696  68212 1140236    0    0     0   216 35232 13320 72 12 16  1  0 2026-10-01 08:58:40
 7  0      0 1612500  68240 1147276    0    0     0   464 36226 10771 71 15 13  1  0 2026-10-01 08:58:41
 1  0      0 1600556  68240 1152980    0    0     0     0 37147 19164 60 14 26  0  0 2026-10-01 08:58:42
 8  0      0 1578788  68240 1160268    0    0     0  1384 37075 8830 79 15  5  1  0 2026-10-01 08:58:43
 3  0      0 1491088  68268 1166440    0    0     0 83800 38502 10380 70 18 12  1  0 2026-10-01 08:58:44
 4  0      0 1393784  68280 1172852    0    0     0   380 38307 9234 72 17 11  1  0 2026-10-01 08:58:45
 6  0      0 1295980  68280 1179292    0    0     0     0 39049 5593 75 17  8  0  0 2026-10-01 08:58:46
 3  0      0 1220676  68292 1183504    0    0     0   224 34565 6441 78 15  7  1  0 2026-10-01 08:58:47
 3  0      0 1208480  68292 1189576    0    0     0   120 40702 9546 78 15  7  0  0 2026-10-01 08:58:48
 0  0      0 1199348  68296 1195628    0    0     0 44124 43986 6794 77 16  8  0  0 2026-10-01 08:58:49
 6  0      0 1192880  68296 1200776    0    0     0     0 44972 15923 68 13 19  0  0 2026-10-01 08:58:50
 4  0      0 1184540  68296 1206316    0    0     0     0 45169 10525 75 15 10  0  0 2026-10-01 08:58:51
 0  0      0 1176952  68296 1210728    0    0     0     0 46488 15791 61 16 23  0  0 2026-10-01 08:58:52
 0  0      0 1165836  68296 1216424    0    0     0    16 46917 11805 71 18 11  0  0 2026-10-01 08:58:53
 5  0      0 1111164  68300 1221872    0    0     0   108 46640 6792 74 19  7  0  1 2026-10-01 08:58:54
 3  0      0 1034820  68300 1227132    0    0     0     0 49560 14753 64 20 16  0  0 2026-10-01 08:58:55
 2  0      0 952416  68300 1231736    0    0     0     0 48523 9000 64 22 15  0  0 2026-10-01 08:58:56
 5  0      0 871832  68300 1236152    0    0     0     0 48489 10986 64 20 15  0  0 2026-10-01 08:58:57
 3  0      0 783676  68300 1241036    0    0     0     0 49122 11584 64 21 15  0  0 2026-10-01 08:58:58
procs -----------memory---------- ---swap-- -----io---- -system-- ------cpu----- -----timestamp-----
 r  b   swpd   free   buff  cache   si   so    bi    bo   in   cs us sy id wa st                 UTC
 2  0      0 743912  68300 1243720    0    0     0   104 41564 1901 81 17  3  0  0 2026-10-01 08:58:59
 2  0      0 737696  68300 1248320    0    0     0     0 45164 12335 66 19 14  0  0 2026-10-01 08:59:00
 2  0      0 732404  68300 1252224    0    0     0     0 53837 12440 60 22 18  0  0 2026-10-01 08:59:01
 7  0      0 727908  68300 1256252    0    0     0     0 49037 16530 60 17 23  0  0 2026-10-01 08:59:02
 5  0      0 721200  68304 1261104    0    0     0   256 49879 11934 64 18 17  1  0 2026-10-01 08:59:03
 2  0      0 715516  68304 1265176    0    0     0     0 49734 11294 65 20 15  0  0 2026-10-01 08:59:04
 2  0      0 708332  68308 1270400    0    0     0  3320 49410 14277 64 19 17  1  0 2026-10-01 08:59:05
 3  0      0 705056  68308 1273536    0    0     0     0 52338 19292 51 19 30  0  0 2026-10-01 08:59:06
 2  0      0 697508  68308 1277868    0    0     0     0 47515 14095 65 17 18  0  0 2026-10-01 08:59:07
 2  0      0 692972  68308 1282028    0    0     0     0 53188 11896 63 21 15  0  0 2026-10-01 08:59:08
 3  0      0 673580  68308 1284600    0    0     0     0 51490 26285 52 18 30  0  0 2026-10-01 08:59:09
 2  0      0 612848  68308 1287344    0    0     0   100 54872 19270 56 21 23  0  0 2026-10-01 08:59:10
 3  0      0 542132  68320 1291256    0    0     0   212 49656 18544 62 19 18  0  1 2026-10-01 08:59:11
 2  0      0 470228  68320 1294360    0    0     0     0 51125 17205 60 20 20  0  0 2026-10-01 08:59:12
 2  0      0 401472  68320 1297752    0    0     0     0 50808 19299 56 19 26  0  0 2026-10-01 08:59:13
 8  0      0 331164  68320 1301156    0    0     0     0 53192 18868 57 19 24  0  0 2026-10-01 08:59:14
 2  0      0 276820  68324 1303108    0    0     4 32152 39027 6280 78 15  7  0  0 2026-10-01 08:59:15
 3  0      0 258768  68324 1305844    0    0     0   248 54516 6945 72 21  7  0  0 2026-10-01 08:59:16
 3  0      0 254400  68324 1308016    0    0     0     8 53957 29780 47 20 34  0  0 2026-10-01 08:59:17
 2  0      0 250144  68324 1311168    0    0     0     0 53775 14466 63 19 18  0  0 2026-10-01 08:59:18
 0  0      0 245496  68324 1314524    0    0     0     0 52015 15624 62 17 21  0  0 2026-10-01 08:59:19
procs -----------memory---------- ---swap-- -----io---- -system-- ------cpu----- -----timestamp-----
 r  b   swpd   free   buff  cache   si   so    bi    bo   in   cs us sy id wa st                 UTC
 1  0      0 241856  68324 1316780    0    0     0 70528 51926 22704 47 19 31  3  0 2026-10-01 08:59:20
 0  0      0 236844  68324 1319408    0    0     0   164 54637 23193 55 19 25  0  0 2026-10-01 08:59:21
 0  0      0 233876  68324 1321828    0    0     4   200 47394 29198 50 16 34  0  0 2026-10-01 08:59:22
 0  0      0 233876  68324 1322016    0    0     0     8 3922 4502  1  1 97  0  0 2026-10-01 08:59:23
 0  0      0 233876  68324 1318260    0    0     0     0 60526 46252 12 23 65  0  0 2026-10-01 08:59:24
 0  0      0 279836  68328 1309988    0    0     4 25328 15387 12776  4  6 88  2  0 2026-10-01 08:59:25
