procs -----------memory---------- ---swap-- -----io---- -system-- ------cpu----- -----timestamp-----
 r  b   swpd   free   buff  cache   si   so    bi    bo   in   cs us sy id wa st                 UTC
 1  0      0 2426680  75764 1080688    0    0    70   493 2748 1130 10  2 88  0  0 2026-10-01 09:22:44
 3  1      0 2472988  75836 1041512    0    0     0 11980 1577 2797 13  3 80  5  0 2026-10-01 09:22:45
 0  0      0 2403212  76112 1044804    0    0     4 18316 5474 9806 37  6 37 20  0 2026-10-01 09:22:46
 0  0      0 2403212  76112 1044804    0    0     0  1948  267  445  0  0 98  2  0 2026-10-01 09:22:47
 0  0      0 2403212  76112 1044804    0    0     0    20   50   49  0  0 100  0  0 2026-10-01 09:22:48
 0  0      0 2399936  76124 1045112    0    0     0   328 1002 1417  2  0 96  1  0 2026-10-01 09:22:49
 0  0      0 2368544  76252 1050212    0    0     0  2984 9422 10168 25  6 59 10  0 2026-10-01 09:22:50
 0  0      0 2350204  76336 1053624    0    0     0  1532 7277 7267 19  2 72  6  0 2026-10-01 09:22:51
 0  0      0 2294884  76388 1059820    0    0     0  1820 14602 14559 36  8 50  5  0 2026-10-01 09:22:52
 0  0      0 2264504  76412 1063188    0    0     0   428 10970 11222 21  5 72  2  0 2026-10-01 09:22:53
 0  0      0 2213376  76472 1069912    0    0     0  1044 15980 13029 47  8 42  3  0 2026-10-01 09:22:54
 1  0      0 2205952  76488 1074572    0    0     0   756 14581 14037 31  5 62  3  0 2026-10-01 09:22:55
 7  0      0 2180400  76572 1082988    0    0     0  1548 21324 17488 56  9 32  4  0 2026-10-01 09:22:56
 5  0      0 2122060  76632 1089340    0    0     0  1232 19543 16646 41 10 45  4  0 2026-10-01 09:22:57
 4  0      0 2039876  76704 1098040    0    0     0  1180 23041 15914 61 10 26  3  0 2026-10-01 09:22:58
 3  0      0 2000940  76760 1104820    0    0     0   816 22131 16354 55  9 34  2  1 2026-10-01 09:22:59
 1  1      0 1988428  76796 1113992    0    0     0   720 25287 15713 66  9 25  1  0 2026-10-01 09:23:00
12  0      0 1979968  76796 1120336    0    0     0    88 25585 20440 51  9 40  0  0 2026-10-01 09:23:01
 1  0      0 1926792  76804 1129992    0    0     0   204 27161 13041 68 14 18  1  0 2026-10-01 09:23:02
 4  0      0 1850772  76816 1137508    0    0     0   564 28417 19292 57 14 29  1  0 2026-10-01 09:23:03
 9  0      0 1758900  76824 1146912    0    0     0   412 29123 12931 68 15 16  1  0 2026-10-01 09:23:04
procs -----------memory---------- ---swap-- -----io---- -system-- ------cpu----- -----timestamp-----
 r  b   swpd   free   buff  cache   si   so    bi    bo   in   cs us sy id wa st                 UTC
 4  0      0 1715792  76828 1154472    0    0     0   488 28609 15326 64 17 18  1  0 2026-10-01 09:23:05
 7  0      0 1703836  76828 1163648    0    0     0     0 29485 11986 69 14 17  0  0 2026-10-01 09:23:06
 3  0      0 1694312  76840 1171480    0    0     0   228 31623 17932 58 15 26  1  0 2026-10-01 09:23:07
 4  0      0 1681712  76840 1180632    0    0     0    96 31241 12495 71 14 15  0  0 2026-10-01 09:23:08
 5  0      0 1652924  76852 1188660    0    0     0   236 34488 20216 66 12 21  1  0 2026-10-01 09:23:09
 3  0      0 1559780  76860 1197768    0    0     0   208 33543 13250 70 16 14  1  0 2026-10-01 09:23:10
 3  0      0 1467552  76860 1206344    0    0     0     0 32894 10046 65 19 15  0  0 2026-10-01 09:23:11
 3  0      0 1392312  76860 1214264    0    0     0     0 31571 5397 79 15  6  0  0 2026-10-01 09:23:12
 7  0      0 1380604  76860 1223224    0    0     0     0 34033 12100 70 16 14  0  0 2026-10-01 09:23:13
 3  0      0 1370888  76860 1231348    0    0     0     0 36967 16443 67 18 16  0  0 2026-10-01 09:23:14
 3  0      0 1361840  76860 1239232    0    0     0   192 36847 16828 69 12 19  0  0 2026-10-01 09:23:15
 4  0      0 1352152  76860 1246972    0    0     0  2816 38383 16755 68 15 17  0  0 2026-10-01 09:23:16
 5  0      0 1342404  76860 1254580    0    0     0     0 38660 17349 60 19 21  0  0 2026-10-01 09:23:17
 0  0      0 1311328  76860 1261568    0    0     0    12 39148 16800 67 16 18  0  0 2026-10-01 09:23:18
 2  0      0 1238556  76860 1268220    0    0     0   180 39310 18287 57 19 24  0  0 2026-10-01 09:23:19
 4  0      0 1162560  76860 1274488    0    0     0   128 39014 15998 57 18 24  1  0 2026-10-01 09:23:20
 2  0      0 1071672  76860 1279860    0    0     0 79984 36976 12269 66 20 14  0  0 2026-10-01 09:23:21
 2  0      0 1056664  76860 1286276    0    0     0   540 39358 13648 67 16 17  1  0 2026-10-01 09:23:22
 8  0      0 1050628  76860 1291696    0    0     0     0 41398 23196 50 18 31  0  0 2026-10-01 09:23:23
 3  0      0 1044424  76860 1296716    0    0     0    16 39345 20453 53 15 32  0  0 2026-10-01 09:23:24
 3  0      0 1038180  76860 1301504    0    0     0     0 41974 25435 50 16 34  0  0 2026-10-01 09:23:25
procs -----------memory---------- ---swap-- -----io---- -system-- ------cpu----- -----timestamp-----
 r  b   swpd   free   buff  cache   si   so    bi    bo   in   cs us sy id wa st                 UTC
 2  0      0 1031012  76860 1307372    0    0     0     0 41417 19965 57 18 25  0  0 2026-10-01 09:23:26
 4  0      0 1024164  76860 1311992    0    0     0 98096 42645 22325 55 18 25  3  0 2026-10-01 09:23:27
 4  0      0 1018928  76860 1316380    0    0     0     0 45532 33166 39 17 43  0  0 2026-10-01 09:23:28
 3  0      0 1012024  76860 1321364    0    0     0     0 42709 23368 54 17 28  0  0 2026-10-01 09:23:29
 2  0      0 1004940  76860 1326264    0    0     0     8 40596 22625 48 16 35  0  0 2026-10-01 09:23:30
 1  0      0 999716  76860 1330148    0    0     0     0 42447 25297 46 17 37  0  0 2026-10-01 09:23:31
 5  0      0 935264  76860 1334444    0    0     0 53388 44245 27304 47 20 33  1  0 2026-10-01 09:23:32
 2  0      0 865236  76860 1339948    0    0     0     0 42697 21943 57 19 24  0  0 2026-10-01 09:23:33
 2  0      0 807288  76860 1343568    0    0     0     0 44249 26836 41 20 38  0  1 2026-10-01 09:23:34
 2  0      0 763944  76860 1347320    0    0     0     0 39916 15705 65 16 19  0  0 2026-10-01 09:23:35
 2  0      0 759660  76860 1350960    0    0     0    12 44076 27295 45 19 37  0  0 2026-10-01 09:23:36
 3  0      0 753624  76860 1356380    0    0     0 14604 42640 16660 64 16 21  0  0 2026-10-01 09:23:37
 0  0      0 746044  76860 1359820    0    0     0     0 43812 26221 42 18 40  0  0 2026-10-01 09:23:38
 0  0      0 738652  76860 1362700    0    0     0     0 44575 30964 35 18 46  0  0 2026-10-01 09:23:39
 0  0      0 729352  76860 1364892    0    0     0     0 45998 33652 34 18 48  0  0 2026-10-01 09:23:40
 0  0      0 726412  76860 1366984    0    0     0     0 45156 30832 40 15 45  0  0 2026-10-01 09:23:41
 1  0      0 723472  76864 1369076    0    0     0  5620 46165 34809 32 17 51  0  0 2026-10-01 09:23:42
 6  0      0 716736  76864 1372552    0    0     0     0 39853 22143 52 17 31  0  0 2026-10-01 09:23:43
 6  0      0 711756  76864 1374844    0    0     0     0 46025 33569 31 18 51  0  0 2026-10-01 09:23:44
 3  0      0 708088  76864 1377344    0    0     0     0 42737 29015 38 16 45  0  0 2026-10-01 09:23:45
 2  0      0 705372  76864 1379464    0    0     0     0 44411 29451 34 18 48  0  0 2026-10-01 09:23:46
procs -----------memory---------- ---swap-- -----io---- -system-- ------cpu----- -----timestamp-----
 r  b   swpd   free   buff  cache   si   so    bi    bo   in   cs us sy id wa st                 UTC
 3  0      0 702208  76864 1381504    0    0     0   292 46574 35287 30 17 53  0  0 2026-10-01 09:23:47
 0  0      0 698540  76864 1384052    0    0     0     8 46130 29636 40 17 42  0  0 2026-10-01 09:23:48
 1  0      0 691860  76864 1387076    0    0     0     0 42898 26999 43 16 41  0  0 2026-10-01 09:23:49
 0  0      0 690852  76864 1387720    0    0     0     0 36513 25637 17 12 71  0  0 2026-10-01 09:23:50
 0  0      0 735360  76864 1381584    0    0     0     0 44692 33714  9 17 74  0  0 2026-10-01 09:23:51
 0  0      0 782936  76864 1375160    0    0     0 25864 6422 5160  1  3 94  1  0 2026-10-01 09:23:52
 0  0      0 750744  76864 1375160    0    0     0    12  737 1098 12  5 83  0  0 2026-10-01 09:23:53
