procs -----------memory---------- ---swap-- -----io---- -system-- ------cpu----- -----timestamp-----
 r  b   swpd   free   buff  cache   si   so    bi    bo   in   cs us sy id wa st                 UTC
 1  0      0 2567544  70896 977280    0    0    72   500 2779 1123 10  2 88  0  0 2026-10-01 09:22:44
 2  2      0 2581496  71000 940060    0    0     0 11544 1640 2839 14  3 80  4  0 2026-10-01 09:22:45
 0  0      0 2518748  71268 942920    0    0     0 18964 5806 10392 38  5 40 17  0 2026-10-01 09:22:46
 0  0      0 2518748  71268 942920    0    0     0  1820  236  391  0  0 98  2  0 2026-10-01 09:22:47
 0  0      0 2518748  71268 942920    0    0     0    20   35   47  0  0 100  0  0 2026-10-01 09:22:48
 5  0      0 2512000  71296 943892    0    0     0   536 2472 2519  7  2 91  1  0 2026-10-01 09:22:49
 3  0      0 2471984  71360 947120    0    0     0  2072 14410 18439 23  6 63  9  0 2026-10-01 09:22:50
 5  0      0 2421192  71440 951832    0    0     0  1836 17066 20517 29  7 60  4  0 2026-10-01 09:22:51
 2  0      0 2390276  71452 956184    0    0     0  1096 17526 20380 34  6 57  4  0 2026-10-01 09:22:52
 8  0      0 2378292  71516 963136    0    0     0  1856 20177 20506 47  7 41  6  0 2026-10-01 09:22:53
 0  0      0 2327952  71536 968680    0    0     0  1280 20982 22589 37 11 48  4  0 2026-10-01 09:22:54
 7  0      0 2252800  71596 975868    0    0     0  1092 22376 19921 49 11 36  4  0 2026-10-01 09:22:55
 0  0      0 2222696  71612 981880    0    0     0   452 21981 18539 51  9 39  1  0 2026-10-01 09:22:56
 5  0      0 2210964  71644 989500    0    0     0   852 25006 21742 54 13 32  2  0 2026-10-01 09:22:57
 4  0      0 2188672  71692 996240    0    0     0   724 26199 23349 51 11 37  1  0 2026-10-01 09:22:58
 8  0      0 2107932  71712 1004324    0    0     0   724 26855 20416 55 16 27  2  0 2026-10-01 09:22:59
 8  0      0 2021624  71756 1012728    0    0     0   760 27585 17978 61 15 22  2  0 2026-10-01 09:23:00
 5  1      0 1968320  71804 1021352    0    0     0  1096 25885 14577 68 13 16  3  0 2026-10-01 09:23:01
 1  0      0 1955884  71852 1030344    0    0     0   828 29114 17439 64 16 19  2  0 2026-10-01 09:23:02
 4  0      0 1943760  71860 1038656    0    0     0   400 29901 19018 67  9 23  1  0 2026-10-01 09:23:03
 3  0      0 1931072  71876 1047728    0    0     0   440 29382 13979 69 14 17  1  0 2026-10-01 09:23:04
procs -----------memory---------- ---swap-- -----io---- -system-- ------cpu----- -----timestamp-----
 r  b   swpd   free   buff  cache   si   so    bi    bo   in   cs us sy id wa st                 UTC
 7  0      0 1847320  71900 1056028    0    0     0   516 29922 13704 70  9 21  1  0 2026-10-01 09:23:05
 3  0      0 1745568  71912 1065788    0    0     0   344 32182 12258 76 14 10  1  0 2026-10-01 09:23:06
 6  0      0 1682452  71912 1073736    0    0     0     0 29377 10036 77 12 11  0  0 2026-10-01 09:23:07
 7  0      0 1668560  71944 1083592    0    0     0   636 32108 10085 78 14  8  1  0 2026-10-01 09:23:08
 3  0      0 1656408  71976 1093116    0    0     0   784 33974 13673 73 14 12  2  0 2026-10-01 09:23:09
 4  0      0 1643348  71976 1103060    0    0     0   168 33869 10752 76 15  9  1  0 2026-10-01 09:23:10
 5  0      0 1631572  72004 1112496    0    0     0   492 34909 13117 73 16 11  1  0 2026-10-01 09:23:11
 4  0      0 1539168  72028 1121396    0    0     0   224 33631 7838 73 16 10  1  1 2026-10-01 09:23:12
 4  0      0 1431340  72036 1131084    0    0     0   248 35947 6599 74 17  8  1  0 2026-10-01 09:23:13
 4  0      0 1336472  72040 1139048    0    0     0   128 33619 4887 81 16  3  0  0 2026-10-01 09:23:14
 5  0      0 1325200  72040 1148176    0    0     0     0 37393 7885 78 16  6  0  0 2026-10-01 09:23:15
 4  0      0 1315204  72052 1157028    0    0     0 62160 39476 12756 73 16  9  2  0 2026-10-01 09:23:16
 4  0      0 1303300  72052 1165588    0    0     0   208 39687 12012 68 19 13  0  0 2026-10-01 09:23:17
 7  0      0 1291988  72052 1174020    0    0     0     0 40057 10622 74 17  9  0  0 2026-10-01 09:23:18
 3  0      0 1282968  72052 1181004    0    0     0     0 41303 17989 64 16 20  0  0 2026-10-01 09:23:19
 3  0      0 1272832  72052 1188532    0    0     0     0 41155 14116 64 18 18  0  0 2026-10-01 09:23:20
 2  0      0 1218080  72056 1195928    0    0     0 172372 41652 13569 61 23 14  3  0 2026-10-01 09:23:21
 6  0      0 1133996  72056 1202592    0    0     0     0 42293 14959 66 16 18  0  0 2026-10-01 09:23:22
 5  0      0 1060172  72056 1208732    0    0     0    16 43024 19678 55 21 24  0  0 2026-10-01 09:23:23
 0  0      0 978472  72056 1213784    0    0     0     0 38236 8272 71 17 12  0  0 2026-10-01 09:23:24
 0  0      0 970436  72064 1220936    0    0     0  2588 40384 14997 63 16 20  1  0 2026-10-01 09:23:25
procs -----------memory---------- ---swap-- -----io---- -system-- ------cpu----- -----timestamp-----
 r  b   swpd   free   buff  cache   si   so    bi    bo   in   cs us sy id wa st                 UTC
11  0      0 964148  72064 1226264    0    0     0   100 43654 20532 58 16 27  0  0 2026-10-01 09:23:26
 0  0      0 957104  72068 1232572    0    0     0   152 42889 18635 62 18 20  0  0 2026-10-01 09:23:27
 2  0      0 951336  72068 1237272    0    0     0     0 43682 24813 49 16 35  0  0 2026-10-01 09:23:28
 0  0      0 943672  72068 1242888    0    0     0     8 43373 20049 56 17 27  0  0 2026-10-01 09:23:29
13  0      0 937900  72076 1247860    0    0     0   228 40446 20547 59 15 26  0  0 2026-10-01 09:23:30
 0  0      0 932888  72076 1252340    0    0     0     0 45088 25134 47 16 37  0  0 2026-10-01 09:23:31
 5  0      0 927356  72076 1256904    0    0     0     0 41938 19882 57 17 27  0  0 2026-10-01 09:23:32
10  0      0 921308  72076 1262376    0    0     0     0 45922 25339 57 18 24  0  1 2026-10-01 09:23:33
 0  0      0 915568  72076 1267060    0    0     0     0 44706 20514 55 19 27  0  0 2026-10-01 09:23:34
 0  0      0 855004  72080 1271444    0    0     0   120 47097 27331 48 20 33  0  0 2026-10-01 09:23:35
 2  0      0 777216  72080 1276112    0    0     0     0 43235 15274 62 19 19  0  0 2026-10-01 09:23:36
 2  0      0 701208  72080 1281972    0    0     0    52 38696 11323 64 19 17  0  0 2026-10-01 09:23:37
 8  0      0 654656  72080 1286000    0    0     0     0 43426 10751 72 16 11  0  0 2026-10-01 09:23:38
 0  0      0 645668  72080 1289116    0    0     0     0 45078 30422 33 16 51  0  0 2026-10-01 09:23:39
 6  0      0 636704  72080 1291040    0    0     0   116 50073 33877 37 19 44  0  0 2026-10-01 09:23:40
 3  0      0 632952  72080 1293936    0    0     0    12 46265 27973 45 17 37  0  0 2026-10-01 09:23:41
 2  0      0 628596  72080 1296488    0    0     0     0 48305 33283 42 16 42  0  0 2026-10-01 09:23:42
 2  0      0 620564  72080 1299960    0    0     0     0 42154 21521 54 16 30  0  0 2026-10-01 09:23:43
 5  0      0 616896  72080 1302580    0    0     0     0 48632 34036 37 17 46  0  0 2026-10-01 09:23:44
 0  0      0 612024  72080 1305408    0    0     0   120 45168 28130 46 18 37  0  0 2026-10-01 09:23:45
 0  0      0 609308  72080 1307648    0    0     0     8 46687 30502 37 15 48  0  0 2026-10-01 09:23:46
procs -----------memory---------- ---swap-- -----io---- -system-- ------cpu----- -----timestamp-----
 r  b   swpd   free   buff  cache   si   so    bi    bo   in   cs us sy id wa st                 UTC
 2  0      0 606620  72080 1309516    0    0     0 18396 48468 34749 34 17 48  1  0 2026-10-01 09:23:47
 5  0      0 602864  72080 1312184    0    0     0     0 46925 28229 46 21 33  0  0 2026-10-01 09:23:48
 0  0      0 596592  72080 1316308    0    0     0     0 47094 27572 47 19 35  0  0 2026-10-01 09:23:49
 0  0      0 595584  72080 1316980    0    0     0   152 38416 26539 14 15 72  0  0 2026-10-01 09:23:50
 0  0      0 642576  72080 1310072    0    0     0     0 47125 33986  9 18 73  0  0 2026-10-01 09:23:51
 0  0      0 695000  72084 1303292    0    0     4 71836 7261 6029  1  4 89  7  0 2026-10-01 09:23:52
 0  0      0 695000  72084 1303292    0    0     0     0   31   34  0  0 100  0  0 2026-10-01 09:23:53
 0  0      0 661576  72084 1303300    0    0     0     4  637  973 12  5 83  0  0 2026-10-01 09:23:54
