procs -----------memory---------- ---swap-- -----io---- -system-- ------cpu----- -----timestamp-----
 r  b   swpd   free   buff  cache   si   so    bi    bo   in   cs us sy id wa st                 UTC
 1  0      0 997876  18236 433732    0    0   200   397 2754 1485  8  8 84  1  0 2026-10-01 09:22:44
 2  1      0 961820  18476 459776    0    0 20716  9536 2124 3817  6  7 79  9  0 2026-10-01 09:22:45
 0  0      0 909996  20376 463144    0    0     8 22284 6800 10959 50  6 27 17  0 2026-10-01 09:22:46
 0  0      0 909996  20400 463160    0    0     0   144  354  565  0  1 100  0  0 2026-10-01 09:22:47
 0  0      0 909996  20400 463160    0    0     0     0  243  402  1  0 100  0  0 2026-10-01 09:22:48
 0  0      0 906584  20464 463384    0    0     0  3180 4536 3472  2  2 92  5  0 2026-10-01 09:22:49
 0  0      0 896092  20712 466016    0    0     0  1932 24097 17013 16 11 70  4  0 2026-10-01 09:22:50
 0  0      0 878824  20872 468496    0    0     0   960 26032 17662 14 15 68  2  0 2026-10-01 09:22:51
 0  0      0 851188  21120 472580    0    0     0  1320 36241 24691 25 19 53  4  0 2026-10-01 09:22:52
 0  1      0 824536  21320 476292    0    0     0  1140 38534 25780 25 18 55  2  0 2026-10-01 09:22:53
 1  0      0 792448  21496 480804    0    0     0   884 44673 27613 31 22 46  2  0 2026-10-01 09:22:54
 2  0      0 756088  21648 485288    0    0     0   880 47997 30992 36 22 41  1  0 2026-10-01 09:22:55
 2  0      0 714560  21760 489672    0    0     0   704 56000 32480 39 31 30  1  0 2026-10-01 09:22:56
12  0      0 700364  21832 494696    0    0     0   532 57981 34487 40 29 32  0  0 2026-10-01 09:22:57
 6  0      0 687512  21932 499840    0    0     0   684 63475 36132 40 34 25  1  0 2026-10-01 09:22:58
13  0      0 675584  21996 505196    0    0     0   540 64218 37155 39 38 23  1  0 2026-10-01 09:22:59
11  0      0 657188  22068 510096    0    0     0   544 70353 37607 41 37 22  1  0 2026-10-01 09:23:00
 6  0      0 613256  22204 515576    0    0     0  1248 69416 36500 42 44 14  0  0 2026-10-01 09:23:01
 7  0      0 576924  22352 520708    0    0    20  1344 75237 36348 45 42 13  1  0 2026-10-01 09:23:02
 5  1      0 529128  22548 526740    0    0     0  1640 75107 35391 51 43  5  0  0 2026-10-01 09:23:03
 6  1      0 482536  22668 531916    0    0     0  1372 78203 34641 40 52  8  1  0 2026-10-01 09:23:04
procs -----------memory---------- ---swap-- -----io---- -system-- ------cpu----- -----timestamp-----
 r  b   swpd   free   buff  cache   si   so    bi    bo   in   cs us sy id wa st                 UTC
10  0      0 449764  22820 537640    0    0     0  1536 74816 28972 53 46  0  0  0 2026-10-01 09:23:05
 6  0      0 437920  22928 543572    0    0     0 48540 79557 26681 50 50  0  0  0 2026-10-01 09:23:06
10  0      0 424300  23084 549244    0    0     0  1764 80354 30771 48 51  0  0  0 2026-10-01 09:23:07
 5  0      0 415480  23176 554780    0    0     0  1248 82854 30018 47 52  0  0  0 2026-10-01 09:23:08
 5  0      0 405248  23232 559624    0    0     0  1168 82170 32024 48 52  0  0  0 2026-10-01 09:23:09
 5  0      0 389580  23284 565424    0    0     0   972 79436 18559 47 53  0  0  0 2026-10-01 09:23:10
 4  0      0 360436  23360 570132    0    0     0  1028 81389 19640 42 58  0  0  0 2026-10-01 09:23:11
 6  0      0 312556  23432 575176    0    0     0  1152 81984 16346 44 56  0  0  0 2026-10-01 09:23:12
 5  0      0 271848  23480 580204    0    0     0   940 82332 10818 42 58  0  0  0 2026-10-01 09:23:13
 5  0      0 232668  23536 584860    0    0     0   956 81114 15977 42 58  0  0  0 2026-10-01 09:23:14
 5  0      0 190464  23580 588808    0    0     0   856 79440 8060 42 58  0  0  0 2026-10-01 09:23:15
 5  0      0 150320  23628 592192    0    0     0 33012 86343 7984 43 57  0  0  0 2026-10-01 09:23:16
 7  0      0 130324  23712 596640    0    0     0  1264 82864 8526 43 57  0  0  0 2026-10-01 09:23:17
 6  0      0 120076  23780 600564    0    0     0  1284 83568 6905 42 58  0  0  0 2026-10-01 09:23:18
 5  0      0 110536  23852 604328    0    0     0  1104 81735 9269 35 65  0  0  0 2026-10-01 09:23:19
 4  0      0 118120  23892 607388    0    0     0  1044 81017 7136 41 59  0  0  0 2026-10-01 09:23:20
 5  0      0 108536  23956 611256    0    0     0   992 83406 6430 43 58  0  0  0 2026-10-01 09:23:21
 7  0      0 120720  23616 605668    0    0     0   980 84691 10677 40 61  0  0  0 2026-10-01 09:23:22
 5  0      0 110684  23512 600552    0    0     0   832 81472 9237 39 61  0  0  1 2026-10-01 09:23:23
 5  0      0 107864  23348 592040    0    0     0   756 79230 4946 38 62  0  0  0 2026-10-01 09:23:24
 6  0      0 120192  23300 586036    0    0     0   772 82700 11308 39 60  0  0  0 2026-10-01 09:23:25
procs -----------memory---------- ---swap-- -----io---- -system-- ------cpu----- -----timestamp-----
 r  b   swpd   free   buff  cache   si   so    bi    bo   in   cs us sy id wa st                 UTC
 6  0      0 122916  23204 574804    0    0     0   728 82471 6819 37 63  0  0  0 2026-10-01 09:23:26
 8  0      0 107892  22544 542912    0    0     0   692 83122 6333 39 61  0  0  0 2026-10-01 09:23:27
 5  0      0 122616  21840 509596    0    0     0   668 85555 11487 35 65  0  0  0 2026-10-01 09:23:28
 6  0      0 111508  21316 491580    0    0   100 24100 84731 11012 36 64  0  0  0 2026-10-01 09:23:29
14  0      0 130628  19784 433160    0    0   180 12680 77279 5633 44 57  0  0  0 2026-10-01 09:23:30
 5  0      0 120104  18888 400436    0    0    68  2636 81444 4926 42 59  0  0  0 2026-10-01 09:23:31
 5  0      0 137932  18408 385488    0    0   108   516 85958 6796 38 63  0  0  0 2026-10-01 09:23:32
 9  0      0 128780  18412 388084    0    0    20   548 89131 5263 36 65  0  0  0 2026-10-01 09:23:33
 5  0      0 114776  18420 391128    0    0    52   448 82260 9779 38 62  0  0  0 2026-10-01 09:23:34
 8  0      0 117472  18392 390428    0    0    12   536 82322 8473 40 60  0  0  0 2026-10-01 09:23:35
 6  0      0 115904  18296 388032    0    0    24   384 87947 10214 30 70  0  0  0 2026-10-01 09:23:36
 5  0      0 112420  17660 373636    0    0     4   400 81884 5275 39 62  0  0  0 2026-10-01 09:23:37
 6  0      0 114944  17672 374732    0    0     4   376 84798 6606 35 65  0  0  0 2026-10-01 09:23:38
 5  0      0 114120  17700 376500    0    0   596   380 81179 9061 42 58  0  0  0 2026-10-01 09:23:39
 4  0      0 116980  17416 369768    0    0     0   376 82528 12950 36 64  0  0  0 2026-10-01 09:23:40
 7  0      0 111800  17444 370668    0    0   154   332 87486 18627 30 71  0  0  0 2026-10-01 09:23:41
 5  0      0 117512  17392 367948    0    0    20   528 86213 15288 35 65  0  0  0 2026-10-01 09:23:42
 4  0      0 112600  17084 357880    0    0  1512   348 80689 8874 37 63  0  0  0 2026-10-01 09:23:43
 6  0      0 124800  17124 354880    0    0    88   392 84173 16159 33 68  0  0  0 2026-10-01 09:23:44
 5  0      0 109528  17168 356692    0    0    12   388 81139 10145 37 64  0  0  0 2026-10-01 09:23:45
 5  0      0 112288  16820 351584    0    0    32 24464 78608 6061 36 64  0  0  0 2026-10-01 09:23:46
procs -----------memory---------- ---swap-- -----io---- -system-- ------cpu----- -----timestamp-----
 r  b   swpd   free   buff  cache   si   so    bi    bo   in   cs us sy id wa st                 UTC
 5  0      0 108340  16856 352792    0    0     0   336 90279 20966 29 71  0  0  0 2026-10-01 09:23:47
 5  0      0 115240  16884 353544    0    0     0  3864 86930 12134 36 64  0  0  0 2026-10-01 09:23:48
 5  0      0 126928  14892 328344    0    0    48  3012 83140 13322 30 71  0  0  0 2026-10-01 09:23:49
 1  0      0 124060  14792 328376    0    0  3892   580 49873 11604 13 46 40  0  0 2026-10-01 09:23:50
 3  1      0 395376  14956 298852    0    0 15092   380 63433 20176 17 60 23  0  0 2026-10-01 09:23:51
