procs -----------memory---------- ---swap-- -----io---- -system-- ------cpu----- -----timestamp-----
 r  b   swpd   free   buff  cache   si   so    bi    bo   in   cs us sy id wa st                 UTC
 0  0      0 31234920  19132 440676    0    0     7     2  305  301 11  2 87  0  0 2026-10-01 09:22:44
 0  0      0 31220868  19132 440668    0    0     0     0 1816 1655  1  0 99  0  0 2026-10-01 09:22:45
 0  0      0 31217984  19132 440668    0    0     0     0 3773 2348  2  0 98  0  0 2026-10-01 09:22:46
 0  0      0 31217984  19132 440668    0    0     0     0  201  382  0  0 100  0  0 2026-10-01 09:22:47
 0  0      0 31217984  19132 440668    0    0     0     0  167  318  0  0 100  0  0 2026-10-01 09:22:48
 0  0      0 31196312  19140 440668    0    0     0  1132 17471 19496  5  0 94  0  0 2026-10-01 09:22:49
 2  0      0 31150028  19140 440668    0    0     0     4 34567 41752 12  1 87  0  0 2026-10-01 09:22:50
 2  0      0 31088388  19140 440636    0    0     0     0 39885 44175 15  2 83  0  0 2026-10-01 09:22:51
 2  0      0 31008840  19140 440924    0    0     0     0 46735 50337 20  2 78  0  0 2026-10-01 09:22:52
 1  0      0 30916052  19140 441436    0    0     0     0 52524 52422 23  2 75  0  0 2026-10-01 09:22:53
 2  0      0 30814624  19140 442260    0    0     0     0 54655 53065 23  2 75  0  0 2026-10-01 09:22:54
11  0      0 30687800  19148 443180    0    0     0    36 60483 52896 31  3 66  0  0 2026-10-01 09:22:55
 2  0      0 30566152  19148 444084    0    0     0     4 65453 57326 30  3 68  0  0 2026-10-01 09:22:56
 8  0      0 30495932  19148 444908    0    0     0     0 69704 64011 32  3 64  0  0 2026-10-01 09:22:57
 2  0      0 30377772  19148 445900    0    0     0     0 73354 59156 35  3 61  0  0 2026-10-01 09:22:58
16  0      0 30227376  19148 446652    0    0     0     0 75552 58429 38  4 58  0  0 2026-10-01 09:22:59
15  0      0 30083472  19148 447820    0    0     0     0 80712 63135 36  4 60  0  0 2026-10-01 09:23:00
16  0      0 30005140  19156 448684    0    0     0    12 85437 66767 39  4 57  0  0 2026-10-01 09:23:01
16  0      0 29888696  19156 449596    0    0     0     4 86375 61543 42  5 53  0  0 2026-10-01 09:23:02
 1  0      0 29653532  19156 450468    0    0     0     0 96183 56711 50  5 45  0  0 2026-10-01 09:23:03
 2  0      0 29579600  19156 451508    0    0     0     0 91331 64423 45  5 50  0  0 2026-10-01 09:23:04
procs -----------memory---------- ---swap-- -----io---- -system-- ------cpu----- -----timestamp-----
 r  b   swpd   free   buff  cache   si   so    bi    bo   in   cs us sy id wa st                 UTC
18  0      0 29442572  19156 452108    0    0     0     0 95926 59014 48  5 47  0  0 2026-10-01 09:23:05
16  0      0 29342476  19164 453244    0    0     0   340 97864 62898 48  5 47  0  0 2026-10-01 09:23:06
 6  0      0 29163412  19164 453924    0    0     0     0 102956 58879 50  6 44  0  0 2026-10-01 09:23:07
16  0      0 29030088  19164 454900    0    0     0     4 106295 61986 52  6 42  0  0 2026-10-01 09:23:08
 1  0      0 28860528  19164 455692    0    0     0     0 110757 58793 52  6 41  0  0 2026-10-01 09:23:09
10  0      0 28791140  19164 456516    0    0     0     0 101889 56682 55  5 40  0  0 2026-10-01 09:23:10
10  0      0 28603492  19164 457316    0    0     0    12 110904 55005 56  5 38  0  0 2026-10-01 09:23:11
15  0      0 28532176  19172 458228    0    0     0    36 104303 54048 54  5 41  0  0 2026-10-01 09:23:12
16  0      0 28457464  19172 459156    0    0     0     0 107591 54991 56  6 37  0  0 2026-10-01 09:23:13
 8  0      0 28418304  19172 459644    0    0     0     4 110004 65881 45  6 49  0  0 2026-10-01 09:23:14
 3  0      0 28286384  19172 460228    0    0     0    16 112876 50882 57  6 36  0  0 2026-10-01 09:23:15
 8  0      0 28193144  19172 461028    0    0     0     0 115181 55705 57  6 37  0  0 2026-10-01 09:23:16
 4  0      0 28046832  19172 461476    0    0     0     0 120349 54314 57  6 38  0  0 2026-10-01 09:23:17
13  0      0 28024796  19180 462372    0    0     0    28 111801 52601 57  6 38  0  0 2026-10-01 09:23:18
16  0      0 28015468  19180 462764    0    0     0     0 118915 64860 46  5 49  0  0 2026-10-01 09:23:19
16  0      0 27927612  19180 463064    0    0     0    68 124941 60126 54  7 40  0  0 2026-10-01 09:23:20
16  0      0 27873252  19180 463592    0    0     0     0 117189 56883 54  7 39  0  0 2026-10-01 09:23:21
16  0      0 27809080  19180 464232    0    0     0     0 121391 57054 55  6 39  0  0 2026-10-01 09:23:22
 3  0      0 27798196  19180 464688    0    0     0     0 121089 71679 38  5 57  0  0 2026-10-01 09:23:23
 0  0      0 27758976  19188 464864    0    0     0    20 116698 56982 52  6 42  0  0 2026-10-01 09:23:24
 8  0      0 27685044  19188 465128    0    0     0     0 124446 56293 55  6 39  0  0 2026-10-01 09:23:25
procs -----------memory---------- ---swap-- -----io---- -system-- ------cpu----- -----timestamp-----
 r  b   swpd   free   buff  cache   si   so    bi    bo   in   cs us sy id wa st                 UTC
16  0      0 27681712  19188 465624    0    0     0     4 121350 73392 42  5 53  0  0 2026-10-01 09:23:26
 1  0      0 27598744  19188 466176    0    0     0     0 126532 66261 47  6 47  0  0 2026-10-01 09:23:27
15  0      0 27522308  19188 466248    0    0     0     0 124021 58559 56  6 38  0  0 2026-10-01 09:23:28
16  0      0 27517520  19188 466848    0    0     0     0 122129 70169 43  6 51  0  0 2026-10-01 09:23:29
 2  0      0 27436256  19196 467544    0    0     0    12 122570 59351 48  6 46  0  0 2026-10-01 09:23:30
 6  0      0 27366772  19196 467560    0    0     0     0 120020 59978 50  6 43  0  0 2026-10-01 09:23:31
 4  0      0 27365296  19196 468016    0    0     0     4 127349 77091 40  6 54  0  0 2026-10-01 09:23:32
16  0      0 27314584  19196 468432    0    0     0     0 130522 60487 54  6 40  0  0 2026-10-01 09:23:33
 2  0      0 27224740  19196 469160    0    0     0     0 124872 57654 55  6 39  0  0 2026-10-01 09:23:34
16  0      0 27219700  19196 469184    0    0     0     0 133968 85588 36  6 58  0  0 2026-10-01 09:23:35
10  0      0 27142456  19204 469368    0    0     0    12 121277 42577 62  7 31  0  0 2026-10-01 09:23:36
16  0      0 27131956  19204 470264    0    0     0     0 122168 70293 43  6 51  0  0 2026-10-01 09:23:37
 0  0      0 27059076  19204 470392    0    0     0     4 136273 76358 43  7 50  0  0 2026-10-01 09:23:38
16  0      0 27020716  19204 470664    0    0     0     0 131181 73294 43  8 50  0  0 2026-10-01 09:23:39
 0  0      0 27014220  19204 470664    0    0     0     0 144607 96873 32  7 61  0  0 2026-10-01 09:23:40
16  0      0 27012596  19212 470664    0    0     0    12 138010 75515 48  8 45  0  0 2026-10-01 09:23:41
 2  0      0 27009628  19212 471112    0    0     0     0 118127 53197 37 25 38  0  0 2026-10-01 09:23:42
 1  0      0 27008480  19212 471256    0    0     0     0 127175 69419 48  6 46  0  0 2026-10-01 09:23:43
16  0      0 27008032  19212 471256    0    0     0     4 136033 86514 30 11 59  0  0 2026-10-01 09:23:44
 0  0      0 26976808  19212 471464    0    0     0     0 118958 40679 52 23 24  0  0 2026-10-01 09:23:45
 0  0      0 26975580  19212 471720    0    0     0     0 136781 97556 23  6 72  0  0 2026-10-01 09:23:46
procs -----------memory---------- ---swap-- -----io---- -system-- ------cpu----- -----timestamp-----
 r  b   swpd   free   buff  cache   si   so    bi    bo   in   cs us sy id wa st                 UTC
16  0      0 26851972  19220 471720    0    0     0    12 145465 67808 52  7 41  0  0 2026-10-01 09:23:47
 1  0      0 26847384  19220 472120    0    0     0     0 123188 55648 32 28 40  0  0 2026-10-01 09:23:48
 0  0      0 26833700  19220 472360    0    0     0     0 134308 52716 49 19 31  0  0 2026-10-01 09:23:49
 1  0      0 31075732  19220 472360    0    0     0     4 18451 2539  0  2 98  0  0 2026-10-01 09:23:50
 0  0      0 31213144  19220 440848    0    0     0     0 57298  690  0  3 97  0  0 2026-10-01 09:23:51
 0  0      0 31213144  19228 440848    0    0     0    28   74  117  0  0 100  0  0 2026-10-01 09:23:52
 0  0      0 31213144  19228 440848    0    0     0     0   67  117  0  0 100  0  0 2026-10-01 09:23:53
 0  0      0 31213144  19228 440848    0    0     0    24   80  132  0  0 100  0  0 2026-10-01 09:23:54
