procs -----------memory---------- ---swap-- -----io---- -system-- ------cpu----- -----timestamp-----
 r  b   swpd   free   buff  cache   si   so    bi    bo   in   cs us sy id wa st                 UTC
 1  0      0 403892  58904 753752    0    0    74   173 2199  823  4  3 93  0  0 2026-10-01 08:41:56
 0  1      0 401560  59208 720036    0    0  5888  8168 2091 3846  2  5 82 11  0 2026-10-01 08:41:57
 2  2      0 464496  60236 670236    0    0  6272 36468 6099 11691 45  8 19 29  0 2026-10-01 08:41:58
 0  0      0 472352  60592 671756    0    0     0  7976 4200 6652 11  3 76 11  0 2026-10-01 08:41:59
 0  0      0 544612  60592 671756    0    0     0     0  320  494  0  1 99  0  0 2026-10-01 08:42:00
 0  0      0 544688  60600 671756    0    0     0  1688  401  626  0  0 98  2  0 2026-10-01 08:42:01
 1  0      0 538204  60840 675328    0    0     0  2976 26723 19866 38 13 44  5  0 2026-10-01 08:42:02
 4  0      0 533508  60988 678480    0    0     0  1632 32892 21931 32 12 52  5  0 2026-10-01 08:42:03
 3  0      0 526816  61200 684728    0    0     0  2248 43002 25360 66 21 10  4  0 2026-10-01 08:42:04
 2  0      0 635764  61280 690080    0    0     0  1656 47205 27961 52 29 16  3  0 2026-10-01 08:42:05
 2  0      0 622420  61336 696852    0    0     0  1436 52630 27062 71 26  1  2  0 2026-10-01 08:42:06
 4  0      0 613312  61380 703596    0    0     0  1288 54556 26185 67 32  0  1  0 2026-10-01 08:42:07
 2  0      0 604604  61424 710020    0    0     0   732 61787 29041 64 34  2  1  0 2026-10-01 08:42:08
 2  0      0 597380  61504 715448    0    0     0  1008 60998 26272 63 36  0  1  0 2026-10-01 08:42:09
 2  0      0 590216  61564 720860    0    0     0   836 67141 28885 66 34  0  1  0 2026-10-01 08:42:10
 3  0      0 583020  61620 726420    0    0     0   900 68989 26365 60 39  0  1  1 2026-10-01 08:42:11
 2  0      0 577004  61672 731436    0    0     0   676 72334 27802 62 37  0  0  0 2026-10-01 08:42:12
 4  0      0 569756  61740 736352    0    0     0   964 72275 29396 61 38  0  0  0 2026-10-01 08:42:13
 5  0      0 564188  61772 740448    0    0     0   732 74644 27788 56 44  0  0  0 2026-10-01 08:42:14
 3  0      0 557068  61824 745036    0    0     0   732 76417 28855 57 42  0  0  0 2026-10-01 08:42:15
 6  0      0 546924  61884 748600    0    0     0  1508 76547 22422 58 42  0  0  0 2026-10-01 08:42:16
procs -----------memory---------- ---swap-- -----io---- -system-- ------cpu----- -----timestamp-----
 r  b   swpd   free   buff  cache   si   so    bi    bo   in   cs us sy id wa st                 UTC
 5  0      0 542560  61904 753400    0    0     0  1224 77590 22773 58 43  0  0  0 2026-10-01 08:42:17
 6  0      0 528716  62020 757460    0    0    92 27236 80585 23132 57 43  0  0  0 2026-10-01 08:42:18
 6  0      0 515964  62040 760352    0    0     0  1156 83701 30456 52 48  0  0  0 2026-10-01 08:42:19
 5  0      0 506688  62124 766096    0    0     0  1968 82529 16400 52 48  0  1  0 2026-10-01 08:42:20
 4  0      0 494136  62136 769096    0    0     0   928 82652 28486 54 46  0  0  0 2026-10-01 08:42:21
 6  0      0 482836  62176 771688    0    0     0  1296 86006 24165 54 46  0  0  0 2026-10-01 08:42:22
 5  0      0 471544  62236 776468    0    0     0 45692 85692 17969 50 50  0  0  0 2026-10-01 08:42:23
 7  0      0 451020  62264 780056    0    0     0   944 85568 19460 48 52  0  0  0 2026-10-01 08:42:24
 7  0      0 413424  62280 782872    0    0     0  1012 82399 15278 49 51  1  0  0 2026-10-01 08:42:25
 6  0      0 384844  62308 786376    0    0     0  1188 86205 17645 47 53  0  0  0 2026-10-01 08:42:26
 4  0      0 353980  62328 790200    0    0     0   760 87599 14423 45 55  0  0  0 2026-10-01 08:42:27
 8  0      0 324096  62352 792880    0    0     0   788 89464 15216 52 48  0  0  0 2026-10-01 08:42:28
 8  0      0 306796  62372 795100    0    0     0  1152 87228 19668 53 48  0  0  0 2026-10-01 08:42:29
 6  0      0 296528  62400 796940    0    0     0  1108 88623 17069 52 49  0  0  0 2026-10-01 08:42:30
 5  0      0 288068  62428 800632    0    0     0  1120 89581 4772 41 59  0  0  0 2026-10-01 08:42:31
 8  0      0 281564  62444 803592    0    0     0   996 89847 12707 45 55  0  0  0 2026-10-01 08:42:32
 6  0      0 271344  62464 807588    0    0     0   956 86919 7367 41 59  0  0  0 2026-10-01 08:42:33
 6  0      0 249260  62480 808500    0    0     0   948 90308 15803 46 55  0  0  0 2026-10-01 08:42:34
 8  0      0 239552  62508 812092    0    0     0  1184 88528 6608 44 55  0  0  0 2026-10-01 08:42:35
 8  0      0 231272  62536 815296    0    0     0   888 88301 10837 47 53  0  0  0 2026-10-01 08:42:36
 6  0      0 214748  62572 818176    0    0     0  1040 88981 4907 40 61  0  0  0 2026-10-01 08:42:37
procs -----------memory---------- ---swap-- -----io---- -system-- ------cpu----- -----timestamp-----
 r  b   swpd   free   buff  cache   si   so    bi    bo   in   cs us sy id wa st                 UTC
 7  0      0 207512  62592 821428    0    0     0 13740 90258 7157 43 58  0  0  0 2026-10-01 08:42:38
 8  0      0 196280  62612 822628    0    0     0 14700 86487 9935 53 47  0  0  0 2026-10-01 08:42:39
 8  0      0 187088  62624 824780    0    0     0   776 89966 5573 42 58  0  0  0 2026-10-01 08:42:40
 6  0      0 172732  62640 828636    0    0     0   868 92701 5208 45 55  0  0  0 2026-10-01 08:42:41
 7  0      0 154372  62652 830240    0    0     0   688 91828 6529 44 57  0  0  0 2026-10-01 08:42:42
 7  0      0 125656  62668 832380    0    0     0   696 89134 4216 36 64  0  0  0 2026-10-01 08:42:43
 8  0      0 132220  62708 836224    0    0     0 13340 89285 4350 42 58  0  0  0 2026-10-01 08:42:44
 4  0      0 117420  62652 818124    0    0   172 11048 89808 4497 42 58  0  0  0 2026-10-01 08:42:45
 5  0      0 108188  62552 793308    0    0    64  1836 89140 3817 37 63  0  0  0 2026-10-01 08:42:46
 5  0      0 115080  61648 768492    0    0   492  2612 88072 5016 41 60  0  0  0 2026-10-01 08:42:47
 4  0      0 107332  57808 751156    0    0     0   568 91951 4096 42 58  0  0  0 2026-10-01 08:42:48
 5  0      0 117864  56236 744492    0    0    64  3024 88516 6926 41 59  0  0  0 2026-10-01 08:42:49
 5  0      0 127008  56248 746756    0    0    16  4904 89208 7785 44 56  0  0  0 2026-10-01 08:42:50
 5  0      0 122668  55508 735256    0    0     0  1012 95505 4091 44 56  0  0  0 2026-10-01 08:42:51
 4  0      0 108992  55008 724108    0    0     4   416 85273 3413 37 63  0  0  0 2026-10-01 08:42:52
 7  0      0 115604  54984 725652    0    0     8  3788 87201 3937 37 63  0  0  0 2026-10-01 08:42:53
 5  0      0 119480  54764 722520    0    0     0   416 85500 6074 41 59  0  0  0 2026-10-01 08:42:54
 4  0      0 115324  53964 704480    0    0     0  6592 87292 3958 36 64  0  0  0 2026-10-01 08:42:55
 4  0      0 105880  53992 706752    0    0     0   368 88106 3535 41 59  0  0  0 2026-10-01 08:42:56
 4  0      0 116544  54000 707884    0    0   108  6236 87546 4138 42 58  0  0  0 2026-10-01 08:42:57
 5  0      0 115960  53076 687084    0    0     4  1244 89012 3600 41 59  0  0  0 2026-10-01 08:42:58
procs -----------memory---------- ---swap-- -----io---- -system-- ------cpu----- -----timestamp-----
 r  b   swpd   free   buff  cache   si   so    bi    bo   in   cs us sy id wa st                 UTC
 4  0      0 112956  53096 684116    0    0   880   456 88597 3441 37 64  0  0  0 2026-10-01 08:42:59
 5  0      0 119760  53032 675960    0    0   296  5628 88559 4186 40 61  0  0  0 2026-10-01 08:43:00
 7  0      0 119176  50340 637628    0    0  1144  1448 89973 3703 41 60  0  0  0 2026-10-01 08:43:01
 2  0      0 122984  50044 636972    0    0   984  2652 47892 7914 63 37  0  0  0 2026-10-01 08:43:02
 4  0      0 168340  50052 634392    0    0   344   328 36510 10368 13 36 51  1  0 2026-10-01 08:43:03
