procs -----------memory---------- ---swap-- -----io---- -system-- ------cpu----- -----timestamp-----
 r  b   swpd   free   buff  cache   si   so    bi    bo   in   cs us sy id wa st                 UTC
 1  0      0 946716  51320 963028    0    0    61   176  845  373  3  1 96  0  0 2026-10-01 08:41:56
 2  2      0 1282780  51836 639152    0    0     0 47532 2721 6086  3  7 76 14  0 2026-10-01 08:41:57
 0  1      0 1272596  53096 642276    0    0     0 22608 5420 11022 43  5 29 23  0 2026-10-01 08:41:58
 0  0      0 1272344  53100 642448    0    0     0    48  348  456  1  0 99  0  0 2026-10-01 08:41:59
 0  0      0 1272344  53100 642448    0    0     0     0   49   40  0  0 100  0  0 2026-10-01 08:42:00
 0  0      0 1272344  53100 642448    0    0     0  1056  167  250  0  0 99  1  0 2026-10-01 08:42:01
 2  0      0 1265964  53548 646444    0    0     0  2360 9074 6920 32  4 55 10  0 2026-10-01 08:42:02
 2  0      0 1294060  53840 650440    0    0     0  1800 9569 7385 31  4 59  8  0 2026-10-01 08:42:03
 2  0      0 1287208  53948 654612    0    0     0   660 12729 7521 46  4 48  3  0 2026-10-01 08:42:04
 3  0      0 1283176  54032 657952    0    0     0   564 12279 9769 35  4 59  3  0 2026-10-01 08:42:05
 1  1      0 1274764  54136 663608    0    0     0  1020 15124 7611 57  3 37  3  0 2026-10-01 08:42:06
 2  0      0 1265856  54328 669768    0    0     0  1424 16565 8932 58  6 30  6  0 2026-10-01 08:42:07
 4  0      0 1256852  54548 676868    0    0     0  1516 19270 7965 66  9 20  5  0 2026-10-01 08:42:08
 3  0      0 1233792  54604 682792    0    0     0   532 19650 8363 67  7 25  2  0 2026-10-01 08:42:09
 3  0      0 1168196  54644 689536    0    0     0   544 21993 7538 72  9 18  2  0 2026-10-01 08:42:10
 3  0      0 1101540  54664 695860    0    0     0   244 22921 7059 76  8 15  1  0 2026-10-01 08:42:11
 3  0      0 1039392  54716 701912    0    0     0   376 22738 6614 77  9 13  1  0 2026-10-01 08:42:12
 3  0      0 1021860  54744 708848    0    0     0   208 23368  795 91  8  0  1  0 2026-10-01 08:42:13
 3  0      0 1014372  54788 715036    0    0     0   376 25212 9221 70  8 21  1  0 2026-10-01 08:42:14
 4  0      0 1004248  54824 722716    0    0     0   376 25463 2475 86  8  5  2  0 2026-10-01 08:42:15
 3  0      0 996996  54824 729416    0    0     0     0 26430 4815 81 10  9  0  0 2026-10-01 08:42:16
procs -----------memory---------- ---swap-- -----io---- -system-- ------cpu----- -----timestamp-----
 r  b   swpd   free   buff  cache   si   so    bi    bo   in   cs us sy id wa st                 UTC
 3  0      0 989012  54864 736184    0    0     0   440 26115 4721 80 10  9  1  0 2026-10-01 08:42:17
 3  0      0 980084  54880 743504    0    0     0   216 27246 1428 90  7  3  1  0 2026-10-01 08:42:18
 3  0      0 971596  54904 750680    0    0     0   336 29047 2447 83 11  3  1  0 2026-10-01 08:42:19
 3  0      0 963160  54904 756548    0    0     0    12 26014 2044 87  9  4  0  0 2026-10-01 08:42:20
 3  0      0 954268  54904 763380    0    0     0   204 30507  599 87 13  0  1  0 2026-10-01 08:42:21
 3  0      0 946788  54928 770272    0    0     0   228 29867  710 89 10  1  1  0 2026-10-01 08:42:22
 3  0      0 941116  54956 776700    0    0     0   248 32955 4927 82 12  6  1  0 2026-10-01 08:42:23
 3  0      0 936144  54956 783612    0    0     0     0 34679  554 88 12  0  0  0 2026-10-01 08:42:24
 3  0      0 1086936  54956 790000    0    0     0     0 39245 1266 84 14  2  0  0 2026-10-01 08:42:25
 3  0      0 1082456  54976 796652    0    0     0   224 33460 1166 86 12  1  1  0 2026-10-01 08:42:26
 3  0      0 1190276  54976 802676    0    0     0     0 36161  870 87 13  0  0  0 2026-10-01 08:42:27
 3  0      0 1182852  54976 808476    0    0     0  1084 33922 1423 87 11  1  0  0 2026-10-01 08:42:28
 3  0      0 1252952  54976 813144    0    0     0     0 37929  624 86 15  0  0  0 2026-10-01 08:42:29
 3  0      0 1242864  54976 819860    0    0     0     0 36531  569 85 15  0  0  0 2026-10-01 08:42:30
 3  0      0 1233260  55004 825884    0    0     0   348 37941  677 85 15  0  1  0 2026-10-01 08:42:31
 3  0      0 1226972  55004 831724    0    0     0   188 38537 1886 84 14  2  0  0 2026-10-01 08:42:32
 3  0      0 1220236  55004 837328    0    0     0 62600 36204 1453 82 16  2  0  0 2026-10-01 08:42:33
 2  1      0 1210272  55004 843436    0    0     0   260 41328 1462 86 14  1  0  0 2026-10-01 08:42:34
 3  0      0 1200356  55024 851584    0    0     0  3088 37876  710 86 14  0  1  0 2026-10-01 08:42:35
 1  0      0 1194560  55024 857028    0    0     0    92 40724  692 82 17  0  0  0 2026-10-01 08:42:36
 3  0      0 1188260  55024 861784    0    0     0     0 42351 5089 77 17  6  0  0 2026-10-01 08:42:37
procs -----------memory---------- ---swap-- -----io---- -system-- ------cpu----- -----timestamp-----
 r  b   swpd   free   buff  cache   si   so    bi    bo   in   cs us sy id wa st                 UTC
 4  0      0 1182740  55024 866788    0    0     0 91932 41943 4386 77 16  7  0  0 2026-10-01 08:42:38
 3  0      0 1178492  55024 870016    0    0     0     0 33887  514 87 13  0  0  0 2026-10-01 08:42:39
 3  0      0 1169980  55024 874760    0    0     0     0 46453 2044 81 17  2  0  0 2026-10-01 08:42:40
 3  0      0 1161704  55024 879596    0    0     0   216 43836  641 82 18  0  0  0 2026-10-01 08:42:41
 2  0      0 1153276  55024 884652    0    0     0     0 44226 3618 77 18  5  0  0 2026-10-01 08:42:42
 3  0      0 1147680  55024 888316    0    0     0 32472 48198 8679 73 14 12  1  0 2026-10-01 08:42:43
 2  0      0 1142148  55024 893252    0    0     0     8 43181 1095 84 14  2  0  0 2026-10-01 08:42:44
 3  0      0 1132388  55024 897288    0    0     0     0 39895 1655 82 15  3  0  0 2026-10-01 08:42:45
 3  0      0 1123808  55028 901856    0    0     0   104 50571 5023 73 20  7  0  0 2026-10-01 08:42:46
 3  0      0 1118808  55028 906240    0    0     0     0 46314 4363 77 17  6  0  0 2026-10-01 08:42:47
 3  0      0 1110996  55028 911076    0    0     0 15016 49618  824 83 18  0  0  0 2026-10-01 08:42:48
 3  0      0 1102956  55028 915176    0    0     0     0 49089 4725 75 17  8  0  0 2026-10-01 08:42:49
 3  0      0 1086616  55028 919996    0    0     0    12 49838 1555 84 14  2  0  0 2026-10-01 08:42:50
 3  0      0 1012588  55036 924200    0    0     0   104 45893  728 83 17  0  0  0 2026-10-01 08:42:51
 3  0      0 977460  55036 928132    0    0     0     0 51033 2242 77 19  4  0  0 2026-10-01 08:42:52
 3  0      0 933080  55036 930544    0    0     0     0 36435 2362 86 11  4  0  0 2026-10-01 08:42:53
 3  0      0 917948  55036 934060    0    0     0  9532 54495  869 82 18  0  0  0 2026-10-01 08:42:54
 3  0      0 913284  55036 937420    0    0     0     0 41369 9650 71 13 15  0  0 2026-10-01 08:42:55
 3  0      0 908272  55044 941176    0    0     0   108 50388  649 82 18  0  0  0 2026-10-01 08:42:56
 4  0      0 905248  55044 943764    0    0     0     0 54155 19905 49 20 31  0  0 2026-10-01 08:42:57
 4  0      0 899172  55044 947348    0    0     0     0 48879 2256 76 21  3  0  0 2026-10-01 08:42:58
procs -----------memory---------- ---swap-- -----io---- -system-- ------cpu----- -----timestamp-----
 r  b   swpd   free   buff  cache   si   so    bi    bo   in   cs us sy id wa st                 UTC
 0  0      0 894788  55044 950548    0    0     0  1848 49926 9036 64 21 15  0  0 2026-10-01 08:42:59
 3  0      0 888528  55044 953960    0    0     0     0 40098 1187 87 12  0  0  0 2026-10-01 08:43:00
 3  0      0 884748  55048 957640    0    0     0   100 58061 8059 65 23 12  0  0 2026-10-01 08:43:01
 0  0      0 883488  55052 958008    0    0     0    60 11396 11403  7  3 90  0  0 2026-10-01 08:43:02
 4  0      0 883488  55052 956192    0    0     0     0 38394 29648  8 16 76  0  0 2026-10-01 08:43:03
 0  0      0 927564  55052 946532    0    0     0 24784 31327 25004  7  9 83  1  0 2026-10-01 08:43:04
 0  0      0 927564  55052 946536    0    0     0     0   35   32  0  0 100  0  0 2026-10-01 08:43:05
