procs -----------memory---------- ---swap-- -----io---- -system-- ------cpu----- -----timestamp-----
 r  b   swpd   free   buff  cache   si   so    bi    bo   in   cs us sy id wa st                 UTC
 1  0      0 1182552  49952 915544    0    0    61   165  821  394  4  1 95  0  0 2026-10-01 08:41:56
 0  1      0 1399872  50380 698164    0    0     0 28320 2350 4989  2  4 77 18  0 2026-10-01 08:41:57
 0  0      0 1472516  51692 640100    0    0     0 32936 6406 12958 45  5 25 25  0 2026-10-01 08:41:58
 0  0      0 1472516  51692 640100    0    0     0     0  297  388  1  0 100  0  0 2026-10-01 08:41:59
 0  0      0 1472516  51692 640100    0    0     0     0   26   32  0  0 100  0  0 2026-10-01 08:42:00
 0  0      0 1472516  51692 640100    0    0     0  1044  144  235  0  0 99  1  0 2026-10-01 08:42:01
 3  0      0 1466884  51848 642148    0    0     0  1472 15155 17497 24  4 67  5  0 2026-10-01 08:42:02
 0  0      0 1462444  52068 644520    0    0     0  1140 17491 20312 29  6 62  4  0 2026-10-01 08:42:03
 0  0      0 1459264  52276 648488    0    0     0  1336 17973 17590 40  5 50  5  0 2026-10-01 08:42:04
 0  0      0 1456800  52476 652936    0    0     0  1296 18903 16749 48  6 41  4  0 2026-10-01 08:42:05
 3  0      0 1453156  52580 657156    0    0     0   692 19863 16788 47  9 42  2  0 2026-10-01 08:42:06
 3  0      0 1450220  52648 660876    0    0     0   448 20729 18280 44  8 47  2  0 2026-10-01 08:42:07
 3  0      0 1446048  52680 665660    0    0     0   180 21530 14961 59  7 34  0  0 2026-10-01 08:42:08
 3  0      0 1443332  52760 669824    0    0     0   584 21277 16574 47  8 43  2  0 2026-10-01 08:42:09
 3  0      0 1427844  52856 675164    0    0     0   668 22152 12650 61  8 29  2  0 2026-10-01 08:42:10
 3  0      0 1368720  52984 681232    0    0     0   880 23810 12741 66  9 22  3  0 2026-10-01 08:42:11
 3  0      0 1312872  53028 686604    0    0     0   380 24208 12673 62 10 26  1  1 2026-10-01 08:42:12
 1  0      0 1262064  53072 691964    0    0     0   316 22821 8132 77  8 15  1  0 2026-10-01 08:42:13
 2  0      0 1253604  53108 698640    0    0     0   408 25045 7979 78  9 12  1  0 2026-10-01 08:42:14
 1  0      0 1247876  53132 703580    0    0     0   312 26410 16564 62  8 29  1  0 2026-10-01 08:42:15
 3  0      0 1238732  53160 710800    0    0     0   264 24784 4263 85  7  7  1  0 2026-10-01 08:42:16
procs -----------memory---------- ---swap-- -----io---- -system-- ------cpu----- -----timestamp-----
 r  b   swpd   free   buff  cache   si   so    bi    bo   in   cs us sy id wa st                 UTC
 2  0      0 1231772  53188 716344    0    0     0   304 27214 12897 67 11 22  0  0 2026-10-01 08:42:17
 2  0      0 1224560  53188 722992    0    0     0     0 27286 6697 79  9 12  0  0 2026-10-01 08:42:18
 2  0      0 1217616  53220 728388    0    0     0   224 27786 9791 77  9 14  1  0 2026-10-01 08:42:19
 2  0      0 1212236  53220 735196    0    0     0    12 26631 1440 88 10  2  0  0 2026-10-01 08:42:20
 2  0      0 1208484  53256 741332    0    0     0   284 29245 7546 77 12 12  1  0 2026-10-01 08:42:21
 2  0      0 1342916  53268 747312    0    0     0   172 36196 6102 77 12 10  0  0 2026-10-01 08:42:22
 2  0      0 1340776  53268 753856    0    0     0     0 30514 5655 84  9  7  0  0 2026-10-01 08:42:23
 2  0      0 1449660  53268 759520    0    0     0     0 33912 6952 75 12 13  0  0 2026-10-01 08:42:24
 2  0      0 1447324  53308 765780    0    0     0   208 30262 4646 82 10  8  1  0 2026-10-01 08:42:25
 2  0      0 1446164  53320 771828    0    0     0   108 30821 4920 80 12  8  1  0 2026-10-01 08:42:26
 2  0      0 1576840  53320 777016    0    0     0     0 32566  592 86 14  0  0  0 2026-10-01 08:42:27
 2  0      0 1573120  53320 783568    0    0     0   544 31734 1010 86 12  2  0  0 2026-10-01 08:42:28
 2  0      0 1570136  53344 789020    0    0     0   220 34201 8837 76 10 12  0  0 2026-10-01 08:42:29
 2  0      0 1563920  53344 795340    0    0     0     0 33726 3011 83 12  5  0  0 2026-10-01 08:42:30
 2  0      0 1559132  53344 800900    0    0     0     0 33239 7110 77 11 12  0  0 2026-10-01 08:42:31
 3  0      0 1552172  53344 806784    0    0     0   200 35043 5926 78 13 10  0  0 2026-10-01 08:42:32
 2  0      0 1544960  53344 812736    0    0     0 33080 34137 1420 86 13  1  0  0 2026-10-01 08:42:33
 2  0      0 1539428  53348 817740    0    0     0   144 36389 7672 71 16 12  0  0 2026-10-01 08:42:34
 2  0      0 1533196  53348 822996    0    0     0     0 37396 7045 77 12 12  0  0 2026-10-01 08:42:35
 2  0      0 1526516  53348 827056    0    0     0     0 32085  634 89 11  0  0  0 2026-10-01 08:42:36
 3  0      0 1519628  53368 831712    0    0     0   196 40904 11764 74 12 14  1  0 2026-10-01 08:42:37
procs -----------memory---------- ---swap-- -----io---- -system-- ------cpu----- -----timestamp-----
 r  b   swpd   free   buff  cache   si   so    bi    bo   in   cs us sy id wa st                 UTC
 2  0      0 1514840  53380 836464    0    0     0 87944 40437 5507 80 12  8  1  0 2026-10-01 08:42:38
 2  0      0 1507836  53380 842508    0    0     0    72 40546 2041 86 13  2  0  0 2026-10-01 08:42:39
 2  0      0 1503552  53380 846520    0    0     0     0 44261 10302 73 13 14  0  0 2026-10-01 08:42:40
 2  0      0 1498344  53380 851292    0    0     0     0 40338 9923 75 13 12  0  0 2026-10-01 08:42:41
 2  0      0 1489200  53380 856380    0    0     0     0 44185 2156 82 16  2  0  0 2026-10-01 08:42:42
 3  0      0 1484424  53388 860860    0    0     0 47528 39208 6474 74 17  9  1  0 2026-10-01 08:42:43
 1  0      0 1478880  53388 865968    0    0     0     8 44521 5206 81 13  6  0  0 2026-10-01 08:42:44
 2  0      0 1446636  53388 870236    0    0     0     0 42774 5029 76 16  7  0  0 2026-10-01 08:42:45
 2  0      0 1392272  53388 874088    0    0     0     0 43323 9865 66 14 19  0  1 2026-10-01 08:42:46
 3  0      0 1329844  53388 877724    0    0     0     0 46426 8905 68 19 12  0  0 2026-10-01 08:42:47
 2  0      0 1260880  53424 882424    0    0     0 17056 43712  958 83 17  0  1  0 2026-10-01 08:42:48
 2  0      0 1245068  53424 885048    0    0     0     0 43493 2966 82 14  4  0  0 2026-10-01 08:42:49
 2  0      0 1236652  53424 889456    0    0     0    12 43992 5811 77 14 10  0  0 2026-10-01 08:42:50
 2  0      0 1229596  53424 894396    0    0     0     0 48204  690 81 19  0  0  0 2026-10-01 08:42:51
 2  0      0 1226080  53424 897356    0    0     0     0 47907 14372 63 17 20  0  0 2026-10-01 08:42:52
 2  0      0 1222552  53428 901112    0    0     0  6792 49866 11217 64 15 20  1  0 2026-10-01 08:42:53
 2  0      0 1217524  53428 905096    0    0     0     0 44046 4522 77 18  5  0  0 2026-10-01 08:42:54
 2  0      0 1212624  53428 908648    0    0     0     0 51176 11875 65 18 17  0  0 2026-10-01 08:42:55
 0  0      0 1205888  53428 912588    0    0     0     8 47718 8758 71 16 13  0  0 2026-10-01 08:42:56
 2  0      0 1203872  53428 914652    0    0     0     0 45951 18459 56 18 26  0  0 2026-10-01 08:42:57
 3  0      0 1198244  53456 918628    0    0     0  2544 52174 9993 65 18 16  1  0 2026-10-01 08:42:58
procs -----------memory---------- ---swap-- -----io---- -system-- ------cpu----- -----timestamp-----
 r  b   swpd   free   buff  cache   si   so    bi    bo   in   cs us sy id wa st                 UTC
 2  0      0 1193244  53464 922632    0    0     0  2028 45574 5625 76 17  7  0  0 2026-10-01 08:42:59
 2  0      0 1147884  53472 926232    0    0     0  2096 53385 11149 61 20 19  1  0 2026-10-01 08:43:00
 2  0      0 1103280  53476 928616    0    0     0  2060 48972 17053 58 18 25  1  0 2026-10-01 08:43:01
 0  0      0 1085400  53480 930864    0    0   356  2224 14291 2597 33  9 59  0  0 2026-10-01 08:43:02
 5  0      0 1085400  53480 929620    0    0     0     0 38282 29095  9 14 76  0  0 2026-10-01 08:43:03
 0  0      0 1085400  53480 920088    0    0     0  5004 30107 25121  7 10 82  1  1 2026-10-01 08:43:04
