procs -----------memory---------- ---swap-- -----io---- -system-- ------cpu----- -----timestamp-----
 r  b   swpd   free   buff  cache   si   so    bi    bo   in   cs us sy id wa st                 UTC
 0  0      0 31225124  16836 438120    0    0    26     2 1550  999  8  2 90  0  0 2026-10-01 08:41:56
 0  0      0 31211824  16836 438124    0    0     0     8 2029 2019  1  0 99  0  0 2026-10-01 08:41:57
 1  0      0 31211656  16836 438124    0    0     0     0 2993 2033  1  0 99  0  0 2026-10-01 08:41:58
 0  0      0 31210648  16836 438124    0    0     0     0  582  696  1  0 99  0  0 2026-10-01 08:41:59
 0  0      0 31210648  16836 438124    0    0     0     0   81  150  0  0 100  0  0 2026-10-01 08:42:00
 1  0      0 31210144  16844 438124    0    0     0  1092  606  673  0  0 100  0  0 2026-10-01 08:42:01
 2  0      0 31155516  16844 438124    0    0     0     4 46046 44655 15  2 83  0  0 2026-10-01 08:42:02
 1  0      0 31101152  16844 438124    0    0     0     0 42361 44388 12  1 87  0  0 2026-10-01 08:42:03
 0  0      0 30999092  16844 438188    0    0     0     0 57440 51626 19  2 78  0  0 2026-10-01 08:42:04
 5  0      0 30923464  16844 438636    0    0     0     0 57769 54853 21  2 77  0  0 2026-10-01 08:42:05
 2  0      0 30778408  16852 439412    0    0     0   236 68195 55226 26  3 71  0  0 2026-10-01 08:42:06
16  0      0 30710576  16852 440180    0    0     0     0 68928 60924 26  3 71  0  0 2026-10-01 08:42:07
 1  0      0 30571784  16852 441060    0    0     0     4 76582 59639 30  3 67  0  0 2026-10-01 08:42:08
 2  0      0 30444028  16852 441820    0    0     0     0 75094 60268 27  4 70  0  0 2026-10-01 08:42:09
 3  0      0 30412508  16852 442620    0    0     0     0 79072 57526 33  3 64  0  0 2026-10-01 08:42:10
 1  0      0 30242020  16852 443340    0    0     0     0 85851 61280 32  4 65  0  0 2026-10-01 08:42:11
16  0      0 30129824  16860 443916    0    0     0    12 87910 62857 34  4 62  0  0 2026-10-01 08:42:12
 0  0      0 30116852  16860 444524    0    0     0     0 85756 57208 33  4 63  0  0 2026-10-01 08:42:13
 0  0      0 30006308  16860 445140    0    0     0     4 95455 65168 36  4 60  0  0 2026-10-01 08:42:14
16  0      0 29792896  16860 445828    0    0     0     0 93788 63099 35  5 59  0  0 2026-10-01 08:42:15
16  0      0 29786736  16860 446404    0    0     0     0 90819 62516 39  5 56  0  0 2026-10-01 08:42:16
procs -----------memory---------- ---swap-- -----io---- -system-- ------cpu----- -----timestamp-----
 r  b   swpd   free   buff  cache   si   so    bi    bo   in   cs us sy id wa st                 UTC
11  1      0 29712844  16864 446984    0    0     0     8 96199 62603 37  4 59  0  0 2026-10-01 08:42:17
 1  0      0 29435004  16868 447616    0    0     0     4 102549 63888 39  5 56  0  0 2026-10-01 08:42:18
 0  0      0 29427920  16868 448104    0    0     0     0 103156 70899 39  5 56  0  0 2026-10-01 08:42:19
 4  0      0 29256732  16868 448928    0    0     0     4 105660 62616 42  5 53  0  0 2026-10-01 08:42:20
16  0      0 29247156  16868 449416    0    0     0     0 105658 73346 34  5 62  0  0 2026-10-01 08:42:21
 0  0      0 29187408  16868 449992    0    0     0     0 110061 68275 38  5 57  0  0 2026-10-01 08:42:22
 2  0      0 29070336  16876 450600    0    0     0    12 113304 65441 44  6 50  0  0 2026-10-01 08:42:23
 6  0      0 28895596  16876 451208    0    0     0     0 116009 59780 43  6 51  0  0 2026-10-01 08:42:24
 0  0      0 28822460  16876 451600    0    0     0     0 110429 63224 42  5 53  0  0 2026-10-01 08:42:25
 0  0      0 28814592  16876 452120    0    0     0     4 113183 74715 36  5 60  0  0 2026-10-01 08:42:26
 1  0      0 28712000  16876 452760    0    0     0     0 119783 66481 43  5 52  0  0 2026-10-01 08:42:27
11  0      0 28700692  16876 453304    0    0     0     0 109394 60615 45  6 49  0  0 2026-10-01 08:42:28
10  0      0 28433432  16884 453440    0    0     0    12 129136 69066 44  7 49  0  0 2026-10-01 08:42:29
 9  0      0 28426380  16884 453960    0    0     0     0 117626 74931 34  5 61  0  0 2026-10-01 08:42:30
 0  0      0 28314000  16884 454472    0    0     0     0 120532 60617 47  5 47  0  0 2026-10-01 08:42:31
16  0      0 28309576  16884 455060    0    0     0    56 113593 58934 51  5 44  0  0 2026-10-01 08:42:32
16  0      0 28197772  16884 455660    0    0     0     0 122090 68897 39  6 55  0  0 2026-10-01 08:42:33
13  0      0 28099660  16884 455796    0    0     0     0 123471 66325 43  6 51  0  0 2026-10-01 08:42:34
16  0      0 28084316  16892 456300    0    0     0    20 116877 63663 49  6 46  0  0 2026-10-01 08:42:35
16  0      0 28001860  16892 456692    0    0     0     0 126428 72242 34  6 61  0  0 2026-10-01 08:42:36
 3  0      0 27887676  16892 457052    0    0     0     0 127684 61030 46  7 47  0  0 2026-10-01 08:42:37
procs -----------memory---------- ---swap-- -----io---- -system-- ------cpu----- -----timestamp-----
 r  b   swpd   free   buff  cache   si   so    bi    bo   in   cs us sy id wa st                 UTC
 0  0      0 27882612  16892 457572    0    0     0     4 111448 53843 49  6 45  0  0 2026-10-01 08:42:38
11  0      0 27880488  16892 457964    0    0     0     0 122381 78092 31  5 64  0  0 2026-10-01 08:42:39
 2  0      0 27685752  16892 458052    0    0     0     0 133974 59620 52  6 42  0  0 2026-10-01 08:42:40
 3  0      0 27619448  16900 458492    0    0     0    12 124938 61591 49  6 45  0  0 2026-10-01 08:42:41
 0  0      0 27616064  16900 458788    0    0     0     0 127526 74427 35  6 59  0  0 2026-10-01 08:42:42
16  0      0 27469932  16900 459252    0    0     0     0 124773 56128 49  6 45  0  0 2026-10-01 08:42:43
16  0      0 27380396  16900 459748    0    0     0     4 124492 57136 51  6 43  0  0 2026-10-01 08:42:44
16  0      0 27368444  16900 460164    0    0     0     0 124287 70208 38  6 56  0  0 2026-10-01 08:42:45
16  0      0 27290436  16900 460508    0    0     0     0 120618 55147 52  6 43  0  0 2026-10-01 08:42:46
14  0      0 27288984  16908 460724    0    0     0    12 123702 72003 35  5 60  0  0 2026-10-01 08:42:47
 6  0      0 27175388  16908 461036    0    0     0     0 125173 54088 52  6 42  0  0 2026-10-01 08:42:48
16  0      0 27173764  16908 461460    0    0     0     0 120720 69511 41  6 53  0  0 2026-10-01 08:42:49
 0  0      0 27057180  16908 461956    0    0     0     4 126094 59242 47  6 47  0  0 2026-10-01 08:42:50
 5  0      0 26968840  16908 461964    0    0     0     0 126773 55318 53  6 41  0  0 2026-10-01 08:42:51
 6  0      0 26965092  16908 462300    0    0     0     0 125616 77088 32  6 63  0  0 2026-10-01 08:42:52
 7  0      0 26830916  16916 462780    0    0     0    12 118696 46388 55  5 39  0  0 2026-10-01 08:42:53
 3  0      0 26826128  16916 462828    0    0     0     0 132807 87402 28  6 66  0  0 2026-10-01 08:42:54
16  0      0 26735892  16916 463444    0    0     0     0 117484 46219 57  6 37  0  0 2026-10-01 08:42:55
10  0      0 26735168  16916 463460    0    0     0     4 125741 78007 27  6 67  0  0 2026-10-01 08:42:56
16  0      0 26624092  16916 463716    0    0     0     0 120108 49733 54  6 40  0  0 2026-10-01 08:42:57
 1  0      0 26594892  16916 463856    0    0     0     0 123771 74493 35  5 60  0  0 2026-10-01 08:42:58
procs -----------memory---------- ---swap-- -----io---- -system-- ------cpu----- -----timestamp-----
 r  b   swpd   free   buff  cache   si   so    bi    bo   in   cs us sy id wa st                 UTC
 2  0      0 26537736  16924 464892    0    0   384    24 119112 46318 61  7 32  0  0 2026-10-01 08:42:59
16  0      0 26535336  16924 465476    0    0     0     0 114984 60422 45  5 49  0  0 2026-10-01 08:43:00
 1  0      0 26479400  16924 465476    0    0     0     0 127515 69426 41  7 52  0  0 2026-10-01 08:43:01
 0  0      0 26478432  16924 465476    0    0     0     4 44456 38942  9  3 88  0  0 2026-10-01 08:43:02
 0  0      0 31230536  16936 438860    0    0    12   780 64463 1664  0  6 94  0  0 2026-10-01 08:43:03
 0  0      0 31230536  16936 438860    0    0     0     0 22601  157  0  0 100  0  0 2026-10-01 08:43:04
 0  0      0 31230284  16944 438864    0    0     0   144   82  128  0  0 100  0  0 2026-10-01 08:43:05
 0  0      0 31226544  16944 438864    0    0     0     0  373  325  0  0 100  0  0 2026-10-01 08:43:06
