procs -----------memory---------- ---swap-- -----io---- -system-- ------cpu----- -----timestamp-----
 r  b   swpd   free   buff  cache   si   so    bi    bo   in   cs us sy id wa st                 UTC
 1  0      0 765264  80448 1395532    0    0    63   583  306 1460 11  3 86  0  0 2026-10-01 09:35:36
 0  1      0 960888  80524 1190032    0    0     0 29624 2238 4975  1  4 76 20  0 2026-10-01 09:35:37
 0  0      0 1114764  80688 1057328    0    0     0 43616 6622 13709 44  6 18 32  0 2026-10-01 09:35:38
 0  0      0 1146644  80692 1057816    0    0     0  1888  969 1432  1  1 96  3  0 2026-10-01 09:35:39
 0  0      0 1146644  80692 1057816    0    0     0   268   38   37  0  0 99  0  0 2026-10-01 09:35:40
 0  0      0 1146644  80692 1057816    0    0     0     0   28   28  0  0 100  0  0 2026-10-01 09:35:41
 3  0      0 1141580  80744 1062500    0    0     0  2636 8377 8821 22  4 63 11  0 2026-10-01 09:35:42
 0  0      0 1135140  80780 1066648    0    0     0  1952 7948 8310 21  3 69  7  0 2026-10-01 09:35:43
 5  0      0 1127916  80812 1071180    0    0     0  1036 11587 11475 30  4 63  3  0 2026-10-01 09:35:44
 0  0      0 1095032  80840 1077668    0    0     0  1896 15393 14228 49  8 38  6  0 2026-10-01 09:35:45
 7  0      0 1083100  80868 1083724    0    0     0  1396 16206 16008 38  7 52  4  0 2026-10-01 09:35:46
 4  0      0 1070668  80904 1091056    0    0     0  1556 18687 15960 48  8 42  4  0 2026-10-01 09:35:47
 8  0      0 1060724  80908 1097340    0    0     0   692 18577 15581 45  6 48  1  0 2026-10-01 09:35:48
 8  0      0 1051088  80932 1104124    0    0     0   868 21477 17228 52  8 39  1  0 2026-10-01 09:35:49
 1  1      0 1042604  80948 1111188    0    0     0   732 24227 21384 52  9 38  2  0 2026-10-01 09:35:50
 1  2      0 1031936  80964 1118868    0    0     0   724 23109 16741 50 13 35  2  0 2026-10-01 09:35:51
 3  0      0 1021264  80984 1127544    0    0     0  1188 27778 21996 63 11 24  2  0 2026-10-01 09:35:52
 4  0      0 1009588  80992 1135760    0    0     0   800 24671 13586 66 11 20  2  0 2026-10-01 09:35:53
 5  0      0 1001884  81000 1145092    0    0     0   828 27175 13577 70 11 18  1  0 2026-10-01 09:35:54
 3  0      0 1032372  81032 1154352    0    0     0   836 33502 19262 69 13 17  1  0 2026-10-01 09:35:55
12  0      0 1133264  81040 1164712    0    0     0  1024 31143 14002 78 11  9  3  0 2026-10-01 09:35:56
procs -----------memory---------- ---swap-- -----io---- -system-- ------cpu----- -----timestamp-----
 r  b   swpd   free   buff  cache   si   so    bi    bo   in   cs us sy id wa st                 UTC
 9  0      0 1125616  81052 1174048    0    0     0   728 30182 14781 69 12 18  2  0 2026-10-01 09:35:57
 3  0      0 1286040  81072 1182580    0    0     0   784 34144 13607 78 14  8  2  0 2026-10-01 09:35:58
 4  0      0 1315896  81072 1193004    0    0     0     0 32947 8669 82 14  4  0  0 2026-10-01 09:35:59
 3  0      0 1314984  81088 1202764    0    0     0   772 32605 10705 70 16 13  2  0 2026-10-01 09:36:00
 4  0      0 1312924  81088 1213092    0    0     0     0 32835 7836 80 13  6  0  0 2026-10-01 09:36:01
 2  0      0 1310288  81088 1223416    0    0     0   536 34201 9096 80 12  7  0  0 2026-10-01 09:36:02
 1  0      0 1302332  81088 1233700    0    0     0     0 36492 11469 78 16  6  0  0 2026-10-01 09:36:03
 3  0      0 1294156  81088 1241024    0    0     0     0 31614 6194 77 17  6  0  0 2026-10-01 09:36:04
 3  0      0 1284912  81088 1251084    0    0     0   240 38162 9269 79 15  6  1  0 2026-10-01 09:36:05
 3  0      0 1279128  81088 1259160    0    0     0     0 39971 13128 68 17 15  0  0 2026-10-01 09:36:06
 3  0      0 1270348  81088 1267420    0    0     0     8 38914 10009 73 13 14  0  0 2026-10-01 09:36:07
 4  0      0 1261864  81088 1274804    0    0     0 58096 41276 18204 59 18 23  2  0 2026-10-01 09:36:08
 3  0      0 1252928  81088 1282644    0    0     0     0 40934 12752 74 16 11  0  0 2026-10-01 09:36:09
 3  0      0 1180324  81088 1290016    0    0     0   200 41232 14227 66 18 16  0  0 2026-10-01 09:36:10
 4  0      0 1108588  81092 1296392    0    0     0   140 39547 15739 60 16 24  0  0 2026-10-01 09:36:11
 6  0      0 1036708  81092 1302300    0    0     0   136 37610 8575 76 13 11  0  0 2026-10-01 09:36:12
 4  0      0 1024556  81092 1310436    0    0     0 174036 41629 10062 72 19  8  2  0 2026-10-01 09:36:13
 4  0      0 1019572  81092 1315164    0    0     0     0 45381 24198 53 17 30  0  0 2026-10-01 09:36:14
 3  0      0 1011196  81092 1321548    0    0     0   200 43293 17193 59 16 26  0  0 2026-10-01 09:36:15
 3  0      0 1003832  81096 1326856    0    0     0   176 44615 21727 56 17 27  0  0 2026-10-01 09:36:16
 4  0      0 995248  81096 1333788    0    0     0   148 43158 20012 64 16 20  0  0 2026-10-01 09:36:17
procs -----------memory---------- ---swap-- -----io---- -system-- ------cpu----- -----timestamp-----
 r  b   swpd   free   buff  cache   si   so    bi    bo   in   cs us sy id wa st                 UTC
 4  0      0 987408  81096 1339284    0    0     0     0 47436 24783 54 19 28  0  0 2026-10-01 09:36:18
 4  0      0 979972  81096 1345492    0    0     0     0 43027 19070 57 18 25  0  0 2026-10-01 09:36:19
 4  0      0 950444  81096 1350544    0    0     0     0 43519 18145 58 18 25  0  1 2026-10-01 09:36:20
 0  0      0 874872  81096 1357220    0    0     0    56 42232 15415 59 20 22  0  0 2026-10-01 09:36:21
 3  0      0 813944  81096 1361136    0    0     0   120 43606 24162 51 17 32  0  0 2026-10-01 09:36:22
 0  0      0 774784  81096 1365336    0    0     0     0 40457 10651 67 17 16  0  0 2026-10-01 09:36:23
 2  0      0 769504  81096 1370012    0    0     0     0 42343 23138 54 16 30  0  0 2026-10-01 09:36:24
 0  0      0 762824  81096 1375304    0    0     0     0 47230 20397 61 19 21  0  0 2026-10-01 09:36:25
 2  0      0 754320  81096 1381000    0    0     0     0 43829 19219 59 16 25  0  0 2026-10-01 09:36:26
 3  0      0 750372  81096 1384352    0    0     0   156 45703 28378 39 17 44  0  0 2026-10-01 09:36:27
11  0      0 744324  81096 1388100    0    0     0     0 44453 25188 48 20 33  0  0 2026-10-01 09:36:28
 0  0      0 737868  81096 1393292    0    0     0     0 45527 27370 49 17 34  0  0 2026-10-01 09:36:29
 0  0      0 732028  81096 1397568    0    0     0     0 40837 15992 68 16 16  0  0 2026-10-01 09:36:30
 1  0      0 726736  81096 1402344    0    0     0     0 47646 29899 46 18 36  0  0 2026-10-01 09:36:31
 2  0      0 723964  81096 1405044    0    0     0   112 47986 32021 41 16 43  0  0 2026-10-01 09:36:32
 2  0      0 718052  81096 1409236    0    0     0     0 44007 22301 55 18 27  0  0 2026-10-01 09:36:33
 3  0      0 655752  81096 1413900    0    0     0     0 42822 19830 51 17 32  0  0 2026-10-01 09:36:34
 3  0      0 599248  81096 1416860    0    0     0     0 44533 25403 49 17 35  0  0 2026-10-01 09:36:35
 2  0      0 523212  81096 1420496    0    0     0     0 36570 14332 64 17 20  0  0 2026-10-01 09:36:36
 1  0      0 513412  81100 1424520    0    0     0   176 46569 19367 49 19 32  0  0 2026-10-01 09:36:37
 3  0      0 508300  81100 1427624    0    0     0     0 48692 30859 47 17 36  0  0 2026-10-01 09:36:38
procs -----------memory---------- ---swap-- -----io---- -system-- ------cpu----- -----timestamp-----
 r  b   swpd   free   buff  cache   si   so    bi    bo   in   cs us sy id wa st                 UTC
 2  0      0 503064  81100 1432436    0    0     0 26224 47141 23097 52 19 28  0  0 2026-10-01 09:36:39
 5  0      0 498444  81100 1435744    0    0     0     0 46176 29110 45 17 38  0  0 2026-10-01 09:36:40
 2  0      0 491916  81100 1439392    0    0     0    20 44723 19585 60 18 22  0  0 2026-10-01 09:36:41
 0  0      0 490656  81100 1440568    0    0     0   148 48892 32010 24 20 56  0  0 2026-10-01 09:36:42
 0  0      0 528960  81100 1437284    0    0     0     0 34899 25018  5 15 79  0  0 2026-10-01 09:36:43
 0  0      0 604812  81100 1426312    0    0     0 84120 23150 17679  5 12 79  5  0 2026-10-01 09:36:44
 0  0      0 604812  81100 1426316    0    0     0     0   38   42  0  0 100  0  0 2026-10-01 09:36:45
 0  0      0 583144  81100 1426324    0    0     0    12  648  962 12  4 84  0  0 2026-10-01 09:36:46
