procs -----------memory---------- ---swap-- -----io---- -system-- ------cpu----- -----timestamp-----
 r  b   swpd   free   buff  cache   si   so    bi    bo   in   cs us sy id wa st                 UTC
 1  0      0 1107388  35656 592792    0    0   243   455 1195 1712  9  9 81  1  0 2026-10-01 09:35:36
 0  2      0 1257652  36228 446528    0    0     0 30024 3431 6974  9  8 66 17  0 2026-10-01 09:35:37
 0  0      0 1256960  37720 449392    0    0     8 22144 5106 10519 41  5 33 21  0 2026-10-01 09:35:38
 0  0      0 1256484  37736 449392    0    0     0  1872 1600 1571  0  1 97  2  0 2026-10-01 09:35:39
 0  0      0 1256484  37752 449392    0    0     0   220  340  534  1  0 99  1  0 2026-10-01 09:35:40
 0  0      0 1256484  37764 449392    0    0     0   128  251  425  0  0 100  0  0 2026-10-01 09:35:41
 0  0      0 1254736  37900 450696    0    0     0  1068 22551 14892 13  9 75  3  0 2026-10-01 09:35:42
 0  0      0 1252240  38148 454524    0    0     0  3156 25193 19571 23 14 57  6  0 2026-10-01 09:35:43
 0  0      0 1248564  38308 458124    0    0     0  1536 35488 24226 27 15 55  3  0 2026-10-01 09:35:44
 4  0      0 1241552  38332 461932    0    0     0   660 40332 27905 30 19 51  1  0 2026-10-01 09:35:45
 0  0      0 1231948  38440 467096    0    0     0  1344 46280 31956 36 22 39  3  0 2026-10-01 09:35:46
 0  0      0 1222076  38560 471804    0    0     0  1288 49476 31413 35 24 38  2  0 2026-10-01 09:35:47
11  0      0 1210076  38640 477340    0    0     0   968 56163 35461 43 32 25  0  0 2026-10-01 09:35:48
 8  0      0 1197952  38684 482024    0    0     0   596 59181 35102 39 31 29  1  0 2026-10-01 09:35:49
 6  0      0 1163832  38800 487980    0    0     0  1256 62563 33354 46 38 15  1  0 2026-10-01 09:35:50
 7  0      0 1128132  38880 493232    0    0     0   880 64044 34430 42 38 20  1  0 2026-10-01 09:35:51
 7  0      0 1080656  38968 499668    0    0     0  1012 69226 31854 54 46  0  0  0 2026-10-01 09:35:52
13  0      0 1069020  39020 505192    0    0     0   656 71479 33078 44 47  8  0  1 2026-10-01 09:35:53
13  0      0 1050048  39160 511536    0    0     0  1344 75083 30837 50 48  1  0  0 2026-10-01 09:35:54
12  0      0 1027344  39248 517328    0    0     0  1276 76176 30586 51 47  2  0  0 2026-10-01 09:35:55
 8  0      0 1007868  39312 522748    0    0     0  1344 79525 30123 51 48  1  0  0 2026-10-01 09:35:56
procs -----------memory---------- ---swap-- -----io---- -system-- ------cpu----- -----timestamp-----
 r  b   swpd   free   buff  cache   si   so    bi    bo   in   cs us sy id wa st                 UTC
 7  1      0 991420  39436 528680    0    0     0 17344 79811 27116 49 51  1  0  0 2026-10-01 09:35:57
10  0      0 974956  39504 534164    0    0     0 38896 79125 26430 53 47  0  0  0 2026-10-01 09:35:58
 7  0      0 964004  39532 539924    0    0     0  1028 83371 22301 52 49  0  0  0 2026-10-01 09:35:59
 8  0      0 955960  39600 544604    0    0     0  1012 81322 26500 48 53  0  0  0 2026-10-01 09:36:00
 6  0      0 944800  39656 549676    0    0     0   920 84509 17546 48 52  0  0  0 2026-10-01 09:36:01
 4  0      0 937216  39704 553568    0    0     0  1064 82920 17446 52 49  0  0  0 2026-10-01 09:36:02
 8  0      0 921844  39760 558336    0    0     0  1148 83659 14956 46 54  0  0  0 2026-10-01 09:36:03
 6  0      0 908464  39816 563216    0    0     0  1152 83784 16049 48 52  0  0  0 2026-10-01 09:36:04
 7  0      0 896104  39848 567620    0    0     0   868 84765 9158 42 58  0  0  0 2026-10-01 09:36:05
 5  0      0 889096  39908 571980    0    0     0   916 84034 5721 48 53  0  0  0 2026-10-01 09:36:06
 5  0      0 878416  39972 576516    0    0     0  1072 84537 5714 46 55  0  0  0 2026-10-01 09:36:07
13  0      0 865504  40000 580016    0    0     0   868 84017 6846 45 56  0  0  0 2026-10-01 09:36:08
 5  0      0 854028  40060 584352    0    0     0  1356 83672 5448 43 56  0  0  0 2026-10-01 09:36:09
 6  0      0 846600  40104 587704    0    0     0  1296 85216 7808 38 62  0  0  0 2026-10-01 09:36:10
 5  0      0 841648  40132 592292    0    0     0  1172 82528 4583 42 58  0  0  0 2026-10-01 09:36:11
 4  0      0 833172  40172 595888    0    0     0  1240 85305 5771 41 60  0  0  0 2026-10-01 09:36:12
 5  0      0 838304  40196 597864    0    0    12 46352 87550 10147 40 61  0  0  0 2026-10-01 09:36:13
 7  0      0 857176  40216 601296    0    0     0   988 90361 7896 41 59  0  0  0 2026-10-01 09:36:14
 4  0      0 843912  40256 604764    0    0     0   876 82924 4462 44 57  0  0  0 2026-10-01 09:36:15
 6  0      0 832092  40284 608028    0    0     0   816 85550 8362 39 61  0  0  0 2026-10-01 09:36:16
 4  0      0 818940  40312 611876    0    0     0   796 90240 5592 42 58  0  0  0 2026-10-01 09:36:17
procs -----------memory---------- ---swap-- -----io---- -system-- ------cpu----- -----timestamp-----
 r  b   swpd   free   buff  cache   si   so    bi    bo   in   cs us sy id wa st                 UTC
 5  0      0 834336  40344 614900    0    0     0   664 88673 7684 37 63  0  0  0 2026-10-01 09:36:18
 4  0      0 820836  40368 617904    0    0     0   644 83859 4085 41 60  0  0  0 2026-10-01 09:36:19
 4  0      0 809268  40408 620992    0    0     0   556 84436 9164 33 68  0  0  0 2026-10-01 09:36:20
 4  0      0 797552  40448 624372    0    0     0   560 87281 7775 42 58  0  0  0 2026-10-01 09:36:21
 6  0      0 793784  40460 627180    0    0     0   568 85733 9012 35 65  0  0  0 2026-10-01 09:36:22
 4  0      0 788768  40484 629472    0    0     0   524 86376 9337 35 65  0  0  0 2026-10-01 09:36:23
 4  0      0 774620  40520 632660    0    0     0   492 83209 5092 39 61  0  0  0 2026-10-01 09:36:24
 6  0      0 768092  40560 635324    0    0     0   608 89960 15277 36 65  0  0  0 2026-10-01 09:36:25
 4  0      0 746156  40632 638068    0    0     0   672 86070 7690 37 64  0  0  0 2026-10-01 09:36:26
 6  0      0 734212  40668 640144    0    0     0   452 81277 3525 42 58  0  0  0 2026-10-01 09:36:27
 4  0      0 730936  40708 642196    0    0     0   476 83697 8182 41 59  0  0  0 2026-10-01 09:36:28
 5  0      0 722204  40748 645900    0    0     0   424 86067 6656 36 64  0  0  0 2026-10-01 09:36:29
 4  0      0 690456  40776 648960    0    0     0   396 83706 5777 39 61  0  0  0 2026-10-01 09:36:30
 5  0      0 679912  40808 651204    0    0     0   368 82194 7115 38 63  0  0  0 2026-10-01 09:36:31
 8  0      0 674632  40848 653336    0    0     0   532 81583 6950 40 61  0  0  0 2026-10-01 09:36:32
10  0      0 667096  40868 655800    0    0     0 42104 84620 12139 36 64  0  0  0 2026-10-01 09:36:33
 4  0      0 653020  40900 658276    0    0     0   388 80942 3667 41 60  0  0  0 2026-10-01 09:36:34
 4  0      0 638004  40920 661224    0    0     0   300 81571 9868 36 64  0  0  0 2026-10-01 09:36:35
 4  0      0 630732  40932 663972    0    0     0   332 84515 10851 37 64  0  0  0 2026-10-01 09:36:36
 5  0      0 613508  40956 665892    0    0     0   328 79482 4975 39 61  0  0  0 2026-10-01 09:36:37
 5  0      0 604980  40984 667940    0    0     0   464 87688 10789 35 65  0  0  0 2026-10-01 09:36:38
procs -----------memory---------- ---swap-- -----io---- -system-- ------cpu----- -----timestamp-----
 r  b   swpd   free   buff  cache   si   so    bi    bo   in   cs us sy id wa st                 UTC
 3  0      0 594392  41004 670188    0    0     0   336 84886 5814 37 63  0  0  0 2026-10-01 09:36:39
 9  0      0 603444  41044 673484    0    0     0   456 86091 9951 30 70  0  0  0 2026-10-01 09:36:40
 4  0      0 578268  41072 675672    0    0     0   464 83856 5975 37 63  0  0  0 2026-10-01 09:36:41
 0  0      0 627520  41100 675948    0    0   376   408 75204 20985 22 64 15  0  0 2026-10-01 09:36:42
 5  0      0 689480  41124 659032    0    0     0   372 47067 16836 13 43 44  1  0 2026-10-01 09:36:43
 2  0      0 1087332  41140 602016    0    0   184   284 28978 9863 13 27 61  0  0 2026-10-01 09:36:44
