procs -----------memory---------- ---swap-- -----io---- -system-- ------cpu----- -----timestamp-----
 r  b   swpd   free   buff  cache   si   so    bi    bo   in   cs us sy id wa st                 UTC
 0  0      0 31201100  20036 441904    0    0     5     2   86  532 12  2 86  0  0 2026-10-01 09:35:36
 0  0      0 31198452  20036 441920    0    0     0     0 1916 1914  1  0 99  0  0 2026-10-01 09:35:37
 0  0      0 31198452  20036 441920    0    0     0     0   72  126  0  0 100  0  0 2026-10-01 09:35:38
 0  0      0 31197780  20044 441920    0    0     0    52 4005 2353  1  0 99  0  0 2026-10-01 09:35:39
 0  0      0 31197780  20044 441920    0    0     0     0   82  146  0  0 100  0  0 2026-10-01 09:35:40
 0  0      0 31197780  20044 441920    0    0     0     0   87  162  0  0 100  0  0 2026-10-01 09:35:41
 0  0      0 31160260  20044 441920    0    0     0     0 34344 38928 13  1 85  0  0 2026-10-01 09:35:42
 3  0      0 31114172  20044 441920    0    0     0     0 35920 43084 11  1 87  0  0 2026-10-01 09:35:43
 1  0      0 31034456  20044 441888    0    0     0     0 48060 53043 17  2 81  0  0 2026-10-01 09:35:44
10  0      0 30946816  20052 442208    0    0     0    24 46598 46900 21  2 78  0  0 2026-10-01 09:35:45
 1  0      0 30832812  20052 442904    0    0     0     0 54908 51898 23  3 74  0  0 2026-10-01 09:35:46
16  0      0 30734316  20052 443832    0    0     0     0 58609 54042 25  3 72  0  0 2026-10-01 09:35:47
 1  0      0 30620936  20052 444744    0    0     0     0 64743 55568 31  3 66  0  0 2026-10-01 09:35:48
 2  0      0 30504352  20052 445672    0    0     0     0 69264 58028 32  3 65  0  0 2026-10-01 09:35:49
 3  0      0 30380988  20052 446584    0    0     0     0 73841 61971 33  3 64  0  0 2026-10-01 09:35:50
 2  0      0 30261972  20060 447656    0    0     0    16 75827 58273 38  3 59  0  0 2026-10-01 09:35:51
 7  0      0 30156140  20060 448584    0    0     0     0 81335 62216 37  4 59  0  0 2026-10-01 09:35:52
 0  0      0 29977056  20060 449528    0    0     0     0 89466 59511 44  4 52  0  0 2026-10-01 09:35:53
12  0      0 29859904  20060 450264    0    0     0     0 89194 60899 44  4 52  0  0 2026-10-01 09:35:54
16  0      0 29728196  20060 451288    0    0     0     0 93729 63616 45  4 51  0  0 2026-10-01 09:35:55
 7  0      0 29612192  20060 452224    0    0     0     0 95613 61415 46  5 49  0  0 2026-10-01 09:35:56
procs -----------memory---------- ---swap-- -----io---- -system-- ------cpu----- -----timestamp-----
 r  b   swpd   free   buff  cache   si   so    bi    bo   in   cs us sy id wa st                 UTC
14  0      0 29439768  20068 453200    0    0     0    16 96771 57396 53  5 43  0  0 2026-10-01 09:35:57
16  0      0 29290396  20068 454072    0    0     0     0 97250 67994 43  5 52  0  0 2026-10-01 09:35:58
 3  0      0 29183772  20068 455008    0    0     0     0 99154 49454 59  5 36  0  0 2026-10-01 09:35:59
16  0      0 28987820  20068 455960    0    0     0    40 105106 67377 46  5 48  0  0 2026-10-01 09:36:00
16  0      0 28913256  20068 456560    0    0     0     0 101310 53935 57  5 38  0  0 2026-10-01 09:36:01
16  0      0 28860444  20068 457392    0    0     0     0 103427 59052 52  5 42  0  0 2026-10-01 09:36:02
 7  0      0 28761672  20076 458296    0    0     0    40 108559 60225 52  6 42  0  0 2026-10-01 09:36:03
 7  0      0 28552960  20076 459040    0    0     0  1664 114193 52873 54  6 39  0  0 2026-10-01 09:36:04
 7  0      0 28492404  20076 459744    0    0     0     0 110477 53389 54  6 40  0  0 2026-10-01 09:36:05
 6  0      0 28392472  20076 460336    0    0     0     0 115381 49105 55  6 39  0  0 2026-10-01 09:36:06
 7  0      0 28309400  20076 461168    0    0     0     0 116482 51521 55  5 40  0  0 2026-10-01 09:36:07
16  0      0 28219032  20076 461592    0    0     0     0 119595 57220 49  6 45  0  0 2026-10-01 09:36:08
 2  0      0 28215072  20084 462176    0    0     0    48 118216 64197 44  5 50  0  0 2026-10-01 09:36:09
 3  0      0 28166976  20084 462616    0    0     0     0 117574 53832 54  5 41  0  0 2026-10-01 09:36:10
11  0      0 28094372  20084 463000    0    0     0     0 117460 51931 53  7 40  0  0 2026-10-01 09:36:11
16  0      0 28012272  20084 463580    0    0     0     0 125112 60452 52  6 42  0  0 2026-10-01 09:36:12
16  0      0 28007280  20084 464116    0    0     0     0 121092 73292 38  6 56  0  0 2026-10-01 09:36:13
16  0      0 27951212  20084 464412    0    0     0     0 122681 59901 53  6 41  0  0 2026-10-01 09:36:14
 0  0      0 27881168  20092 464956    0    0     0    20 121562 55876 53  6 41  0  0 2026-10-01 09:36:15
16  0      0 27816948  20092 465420    0    0     0     0 127328 65791 46  6 48  0  0 2026-10-01 09:36:16
 3  0      0 27795752  20092 465804    0    0     0     0 126445 66165 47  6 46  0  0 2026-10-01 09:36:17
procs -----------memory---------- ---swap-- -----io---- -system-- ------cpu----- -----timestamp-----
 r  b   swpd   free   buff  cache   si   so    bi    bo   in   cs us sy id wa st                 UTC
16  0      0 27751344  20092 466380    0    0     0     0 131965 66797 50  8 42  0  0 2026-10-01 09:36:18
16  0      0 27671356  20092 466932    0    0     0     0 121893 55271 52  7 42  0  0 2026-10-01 09:36:19
 4  0      0 27669480  20100 467092    0    0     0    20 132426 80682 35  6 59  0  0 2026-10-01 09:36:20
 5  0      0 27581064  20100 467636    0    0     0     4 119815 39586 58 18 24  0  0 2026-10-01 09:36:21
16  0      0 27524524  20100 468180    0    0     0     0 121816 50224 48 18 34  0  0 2026-10-01 09:36:22
 7  0      0 27522400  20100 468188    0    0     0     0 119259 61131 34 26 40  0  0 2026-10-01 09:36:23
 7  0      0 27414292  20100 468684    0    0     0     0 115905 30845 52 29 19  0  0 2026-10-01 09:36:24
16  0      0 27366028  20100 469108    0    0     0     0 120241 48434 47 24 29  0  0 2026-10-01 09:36:25
16  0      0 27303572  20108 469508    0    0     0    12 117293 30747 46 35 19  0  0 2026-10-01 09:36:26
 0  0      0 27246228  20108 469780    0    0     0     4 119273 54416 47 15 38  0  0 2026-10-01 09:36:27
11  0      0 27245472  20108 469916    0    0     0     0 127245 74373 33 14 53  0  0 2026-10-01 09:36:28
29  0      0 27175140  20108 469940    0    0     0     0 118402 32281 56 32 11  0  0 2026-10-01 09:36:29
16  0      0 27171172  20108 471068    0    0     0     0 109821 43375 44 35 21  0  0 2026-10-01 09:36:30
 5  0      0 27122596  20108 471076    0    0     0     0 126287 54506 45 23 32  0  0 2026-10-01 09:36:31
16  0      0 26999512  20116 471388    0    0     0    12 129765 47983 49 21 30  0  0 2026-10-01 09:36:32
16  0      0 26994532  20116 471652    0    0     0    52 116140 48743 35 32 33  0  0 2026-10-01 09:36:33
16  0      0 26938464  20116 471908    0    0     0     0 110941 23057 56 32 13  0  0 2026-10-01 09:36:34
16  0      0 26934032  20116 472372    0    0     0     0 116616 51317 34 29 38  0  0 2026-10-01 09:36:35
11  0      0 26754844  20116 472924    0    0     0     0 125080 31720 55 28 16  0  0 2026-10-01 09:36:36
 4  0      0 26752412  20116 473028    0    0     0     0 122400 70023 28 20 53  0  0 2026-10-01 09:36:37
16  0      0 26751208  20124 473028    0    0     0    12 113733 33480 56 27 18  0  0 2026-10-01 09:36:38
procs -----------memory---------- ---swap-- -----io---- -system-- ------cpu----- -----timestamp-----
 r  b   swpd   free   buff  cache   si   so    bi    bo   in   cs us sy id wa st                 UTC
16  0      0 26749392  20124 473500    0    0     0     4 124169 64670 35 24 41  0  0 2026-10-01 09:36:39
16  0      0 26685932  20124 473676    0    0     0     0 110370 8932 57 41  2  0  0 2026-10-01 09:36:40
16  0      0 26658296  20124 474548    0    0     0     0 115394 51507 39 23 38  0  0 2026-10-01 09:36:41
 0  0      0 26539848  20124 474708    0    0     0     0 100998 35597 25  5 70  0  0 2026-10-01 09:36:42
 0  0      0 31226400  20124 441848    0    0     0     0 54200 1998  0  5 95  0  0 2026-10-01 09:36:43
 0  0      0 31226148  20132 441848    0    0     0    28 18641  129  0  0 100  0  0 2026-10-01 09:36:44
 0  0      0 31226148  20132 441848    0    0     0     4   92  131  0  0 100  0  0 2026-10-01 09:36:45
 0  0      0 31226148  20132 441848    0    0     0     0   77  126  0  0 100  0  0 2026-10-01 09:36:46
 0  0      0 31226156  20132 441852    0    0     0     0  122  185  0  0 100  0  0 2026-10-01 09:36:47
 1  0      0 31197208  20132 441852    0    0     0   488  835  750  1  0 99  0  0 2026-10-01 09:36:48
