procs -----------memory---------- ---swap-- -----io---- -system-- ------cpu----- -----timestamp-----
 r  b   swpd   free   buff  cache   si   so    bi    bo   in   cs us sy id wa st                 UTC
 1  0      0 823256  76912 1300624    0    0    65   605  384 1424 11  3 86  0  0 2026-10-01 09:35:36
 0  1      0 981320  76964 1103420    0    0     0 28980 2337 5129  2  4 75 19  0 2026-10-01 09:35:37
 1  2      0 1156144  77152 959464    0    0     0 41936 5673 11790 43  8 18 31  0 2026-10-01 09:35:38
 0  0      0 1154660  77172 960120    0    0     0  3880 1317 2015  3  1 91  4  0 2026-10-01 09:35:39
 0  0      0 1154660  77172 960120    0    0     0     0   30   45  0  0 100  0  0 2026-10-01 09:35:40
 0  0      0 1154660  77172 960120    0    0     0     0   20   30  0  0 100  0  0 2026-10-01 09:35:41
 5  0      0 1181196  77208 962980    0    0     0  1872 12736 16299 21  5 69  6  0 2026-10-01 09:35:42
 5  0      0 1176524  77236 965420    0    0     0  1232 14463 19175 18  7 71  5  0 2026-10-01 09:35:43
 0  0      0 1168460  77272 970768    0    0     0  1820 18412 21323 36  6 52  6  0 2026-10-01 09:35:44
 2  0      0 1159724  77296 975476    0    0     0  1508 17935 21220 30  8 57  5  0 2026-10-01 09:35:45
 5  0      0 1151600  77320 980824    0    0     0   716 19933 21334 41  8 49  2  0 2026-10-01 09:35:46
 3  0      0 1145396  77340 985780    0    0     0   596 20272 21180 37  8 53  2  0 2026-10-01 09:35:47
 2  2      0 1136452  77388 992720    0    0     0  1396 23138 22211 49  8 39  4  0 2026-10-01 09:35:48
 4  0      0 1126564  77404 999668    0    0     0  1236 22974 20924 50  9 37  4  0 2026-10-01 09:35:49
 6  0      0 1110632  77412 1006508    0    0     0   692 24875 22429 54  7 38  2  0 2026-10-01 09:35:50
 1  0      0 1040740  77432 1013324    0    0     0   376 23006 15076 63 11 25  0  0 2026-10-01 09:35:51
 5  0      0 1032184  77432 1020108    0    0     0   504 26856 23040 53 11 36  1  0 2026-10-01 09:35:52
 1  0      0 1020940  77456 1027900    0    0     0   552 27442 19683 60 11 28  1  0 2026-10-01 09:35:53
 3  0      0 1010744  77468 1035280    0    0     0   724 29112 21978 60 10 30  1  0 2026-10-01 09:35:54
 4  0      0 1000088  77480 1043132    0    0     0   424 29300 20870 62 10 27  1  0 2026-10-01 09:35:55
 3  0      0 990916  77480 1050808    0    0     0   400 30436 20978 61 12 26  1  0 2026-10-01 09:35:56
procs -----------memory---------- ---swap-- -----io---- -system-- ------cpu----- -----timestamp-----
 r  b   swpd   free   buff  cache   si   so    bi    bo   in   cs us sy id wa st                 UTC
 2  0      0 980792  77480 1058504    0    0     0     0 31172 21580 63 12 26  0  0 2026-10-01 09:35:57
 4  0      0 971648  77496 1065800    0    0     0   460 32590 23978 58 14 26  1  0 2026-10-01 09:35:58
 3  0      0 959544  77496 1074272    0    0     0   220 28645 8697 78 11  9  1  0 2026-10-01 09:35:59
 7  1      0 954056  77504 1081988    0    0     0   508 32490 18813 62 13 24  1  0 2026-10-01 09:36:00
 4  0      0 1040852  77508 1091064    0    0     0   528 36496 12087 75 12 12  1  1 2026-10-01 09:36:01
 3  0      0 1099636  77512 1099000    0    0     0   368 33971 16462 69 11 20  1  0 2026-10-01 09:36:02
 4  0      0 1093964  77512 1107376    0    0     0   260 34221 15388 73 11 15  1  0 2026-10-01 09:36:03
 3  0      0 1227328  77524 1115768    0    0     0   256 37707 13554 69 15 16  0  0 2026-10-01 09:36:04
 3  0      0 1224820  77524 1122756    0    0     0     0 30145 8005 74 12 13  0  0 2026-10-01 09:36:05
 3  0      0 1222760  77524 1130804    0    0     0   256 36645 16359 67 16 17  0  0 2026-10-01 09:36:06
 3  0      0 1221372  77524 1136772    0    0     0     0 37775 22713 52 15 33  0  0 2026-10-01 09:36:07
 3  0      0 1217732  77524 1143396    0    0     0     0 36164 17138 55 17 29  0  0 2026-10-01 09:36:08
 3  0      0 1208840  77524 1150296    0    0     0     0 36546 16298 62 15 23  0  0 2026-10-01 09:36:09
 2  0      0 1198872  77524 1157124    0    0     0    16 37991 18502 56 18 27  0  0 2026-10-01 09:36:10
 3  0      0 1191924  77532 1162964    0    0     0   248 37795 21932 52 17 31  1  0 2026-10-01 09:36:11
 4  0      0 1184084  77532 1168696    0    0     0     0 40419 25326 49 18 32  0  0 2026-10-01 09:36:12
 2  0      0 1169388  77532 1174724    0    0     0 41420 35017 9466 76 15  8  0  0 2026-10-01 09:36:13
 2  0      0 1163492  77532 1179192    0    0     0     0 40356 27470 51 15 34  0  0 2026-10-01 09:36:14
 1  0      0 1157456  77532 1185268    0    0     0     0 40355 20556 50 17 33  0  0 2026-10-01 09:36:15
 0  0      0 1151408  77532 1191008    0    0     0  2036 40143 24029 49 17 33  0  0 2026-10-01 09:36:16
 2  0      0 1145652  77532 1196160    0    0     0   292 41244 26853 53 13 32  1  0 2026-10-01 09:36:17
procs -----------memory---------- ---swap-- -----io---- -system-- ------cpu----- -----timestamp-----
 r  b   swpd   free   buff  cache   si   so    bi    bo   in   cs us sy id wa st                 UTC
 2  0      0 1138020  77532 1201912    0    0     0 110716 40934 19920 59 15 23  4  0 2026-10-01 09:36:18
 3  0      0 1132336  77532 1206532    0    0     0    88 39832 24254 46 15 39  0  0 2026-10-01 09:36:19
 6  0      0 1126484  77532 1210588    0    0     0   148 41871 28146 48 13 39  0  0 2026-10-01 09:36:20
 3  0      0 1119720  77532 1217188    0    0     0     0 39672 16413 61 19 20  0  0 2026-10-01 09:36:21
 2  0      0 1115688  77532 1220620    0    0     0     0 41809 28092 43 15 42  0  0 2026-10-01 09:36:22
 2  0      0 1079664  77532 1224208    0    0     0 48964 42777 25442 43 19 37  1  0 2026-10-01 09:36:23
 0  0      0 1030272  77532 1229076    0    0     0  2184 39754 27391 38 17 45  1  1 2026-10-01 09:36:24
 3  0      0 993732  77532 1233372    0    0     0     0 37049 11157 76 12 12  0  0 2026-10-01 09:36:25
 0  0      0 987080  77532 1238492    0    0     0     0 40887 22713 55 15 30  0  0 2026-10-01 09:36:26
 2  0      0 982864  77532 1241796    0    0     0     0 42750 26215 47 12 41  0  0 2026-10-01 09:36:27
 6  0      0 979896  77532 1244360    0    0     0 22316 42596 30787 37 17 46  1  0 2026-10-01 09:36:28
 3  0      0 974716  77532 1248296    0    0     0   140 42694 30549 36 17 48  0  0 2026-10-01 09:36:29
 2  0      0 970024  77532 1252200    0    0     0     0 37769 17858 66 13 22  0  0 2026-10-01 09:36:30
 3  0      0 964592  77532 1256300    0    0     0     0 44344 31244 40 16 43  0  0 2026-10-01 09:36:31
 3  0      0 960684  77532 1258988    0    0     0     0 43736 31000 41 14 46  0  0 2026-10-01 09:36:32
 7  0      0 957156  77532 1262144    0    0     0     0 42933 29363 37 19 44  0  0 2026-10-01 09:36:33
 0  0      0 953124  77536 1265372    0    0     0 15716 40436 25451 41 15 43  1  0 2026-10-01 09:36:34
 5  0      0 948488  77536 1268660    0    0     0     0 40709 26631 48 15 37  0  0 2026-10-01 09:36:35
 0  0      0 924056  77536 1273120    0    0     0     0 43087 25934 49 16 35  0  0 2026-10-01 09:36:36
 3  0      0 878192  77536 1275888    0    0     0   116 38827 24847 42 17 42  0  0 2026-10-01 09:36:37
 0  0      0 833112  77536 1278628    0    0     0     0 46098 31552 37 20 43  0  0 2026-10-01 09:36:38
procs -----------memory---------- ---swap-- -----io---- -system-- ------cpu----- -----timestamp-----
 r  b   swpd   free   buff  cache   si   so    bi    bo   in   cs us sy id wa st                 UTC
 3  0      0 787052  77536 1281152    0    0     0  2076 35945 17516 62 13 24  0  0 2026-10-01 09:36:39
 0  0      0 782852  77536 1284436    0    0     0     0 44599 30849 38 16 45  0  0 2026-10-01 09:36:40
 0  0      0 776324  77536 1287940    0    0     0    20 38975 19160 61 12 27  0  0 2026-10-01 09:36:41
 0  0      0 775064  77536 1289012    0    0     0   132 43642 31205 17 15 68  0  0 2026-10-01 09:36:42
 0  0      0 775064  77536 1286884    0    0     0     0 31524 22995  6  9 85  0  0 2026-10-01 09:36:43
 0  0      0 823172  77536 1276884    0    0     0 10740 22056 16559  4  9 86  0  0 2026-10-01 09:36:44
 0  0      0 823172  77536 1276884    0    0     0     0   34   44  0  0 100  0  0 2026-10-01 09:36:45
 0  0      0 823172  77536 1276884    0    0     0     0   30   38  0  0 100  0  0 2026-10-01 09:36:46
 0  0      0 847336  77536 1276904    0    0     0   168  525  781 12  3 85  0  0 2026-10-01 09:36:47
