procs -----------memory---------- ---swap-- -----io---- -system-- ------cpu----- -----timestamp-----
 r  b   swpd   free   buff  cache   si   so    bi    bo   in   cs us sy id wa st                 UTC
 1  0      0 850148  77536 1277020    0    0    65   625  527 1503 11  3 85  0  0 2026-10-01 09:36:50
 0  1      0 963208  77576 1107020    0    0     0 46312 2849 6731  1  6 75 19  0 2026-10-01 09:36:51
 2  1      0 1145980  77748 959200    0    0     0 51964 5936 12624 37  8 24 32  0 2026-10-01 09:36:52
 0  0      0 1174204  77808 960828    0    0     0  9868 2739 4836  9  2 77 12  0 2026-10-01 09:36:53
 0  0      0 1174204  77808 960828    0    0     0     0   39   45  0  0 100  0  0 2026-10-01 09:36:54
 0  0      0 1174204  77808 960828    0    0     0     0   26   35  0  0 100  0  0 2026-10-01 09:36:55
 0  1      0 1167556  77864 964172    0    0     0  2112 11808 14729 22  5 67  7  0 2026-10-01 09:36:56
 2  0      0 1159392  77912 968296    0    0     0  2212 15964 20293 26  8 58  8  0 2026-10-01 09:36:57
 0  0      0 1150696  77952 973848    0    0     0  1732 18276 20717 37  6 51  6  0 2026-10-01 09:36:58
 2  1      0 1143244  77996 979948    0    0     0  1812 19707 21553 41  8 45  5  0 2026-10-01 09:36:59
 2  0      0 1133596  78004 987072    0    0     0  1524 20936 20419 47 10 39  4  0 2026-10-01 09:37:00
 4  0      0 1124708  78016 993524    0    0     0  1080 22511 22585 47 10 41  3  0 2026-10-01 09:37:01
 6  1      0 1115016  78024 1001900    0    0     0  1012 24122 20688 60 11 27  3  0 2026-10-01 09:37:02
 3  0      0 1105436  78036 1008964    0    0     0  1120 25147 23193 52 10 36  2  0 2026-10-01 09:37:03
 9  0      0 1096208  78036 1017252    0    0     0   628 26828 21581 63  9 26  2  0 2026-10-01 09:37:04
 5  1      0 1085832  78044 1025240    0    0     0  1136 26951 20635 60 11 28  1  0 2026-10-01 09:37:05
10  0      0 1022940  78048 1034532    0    0     0   236 26783 14908 68 15 16  1  0 2026-10-01 09:37:06
 4  0      0 966920  78048 1042032    0    0     0   560 25468 12186 69 12 18  2  0 2026-10-01 09:37:07
 4  0      0 954068  78052 1052140    0    0     0   756 27111 10690 78  9 13  1  0 2026-10-01 09:37:08
 3  0      0 944616  78056 1060232    0    0     0   344 30724 18989 65 13 21  1  0 2026-10-01 09:37:09
 2  0      0 932376  78064 1070676    0    0     0   832 29353 10692 78 12  9  2  0 2026-10-01 09:37:10
procs -----------memory---------- ---swap-- -----io---- -system-- ------cpu----- -----timestamp-----
 r  b   swpd   free   buff  cache   si   so    bi    bo   in   cs us sy id wa st                 UTC
 6  0      0 920964  78080 1080080    0    0     0   700 32806 17472 72 15 12  1  0 2026-10-01 09:37:11
 6  0      0 909160  78088 1089396    0    0     0   524 32360 13733 73 15 12  1  0 2026-10-01 09:37:12
 5  0      0 896052  78096 1099252    0    0     0   452 31766 10472 78 13  9  1  0 2026-10-01 09:37:13
 4  0      0 884276  78100 1108096    0    0     0   404 28583  973 85 13  1  1  0 2026-10-01 09:37:14
 4  0      0 944332  78100 1118644    0    0     0   180 35871 5013 79 18  3  1  1 2026-10-01 09:37:15
 1  0      0 1015300  78104 1127836    0    0     0   476 37858 8771 77 13 10  1  0 2026-10-01 09:37:16
 9  0      0 1047012  78112 1137116    0    0     0   488 36638 12818 70 19 10  1  0 2026-10-01 09:37:17
 3  0      0 1044628  78112 1147196    0    0     0     0 36440 7975 80 16  4  0  0 2026-10-01 09:37:18
 3  0      0 1143692  78112 1155968    0    0     0     0 41223 8783 76 15  9  0  0 2026-10-01 09:37:19
 2  0      0 1175736  78112 1164868    0    0     0   264 33440 1821 81 15  4  1  0 2026-10-01 09:37:20
 3  0      0 1158976  78112 1174044    0    0     0     0 35638  783 84 16  1  0  0 2026-10-01 09:37:21
 5  0      0 1146236  78112 1183864    0    0     0     0 38723 3176 77 20  3  0  0 2026-10-01 09:37:22
 3  0      0 1136948  78116 1192200    0    0     0 76656 41819 9786 69 20 11  1  0 2026-10-01 09:37:23
 6  0      0 1129136  78116 1199612    0    0     0     0 42500 16065 66 21 13  0  0 2026-10-01 09:37:24
 2  0      0 1120860  78116 1208020    0    0     0     0 43117 9519 73 17 10  0  0 2026-10-01 09:37:25
 2  0      0 1112864  78116 1215172    0    0     0   364 41754 10013 68 18 14  1  0 2026-10-01 09:37:26
 2  0      0 1084680  78116 1222676    0    0     0     0 43457 14284 68 19 13  0  0 2026-10-01 09:37:27
 9  1      0 1009848  78116 1229516    0    0     0 152220 45114 11248 65 21 11  2  0 2026-10-01 09:37:28
 8  0      0 959804  78116 1234120    0    0     0 19264 40475 9848 73 19  9  0  0 2026-10-01 09:37:29
 0  0      0 950996  78116 1242924    0    0     0  2392 43584 12108 67 18 15  0  0 2026-10-01 09:37:30
 0  0      0 941196  78116 1249804    0    0     0     0 45006 13781 74 13 13  0  0 2026-10-01 09:37:31
procs -----------memory---------- ---swap-- -----io---- -system-- ------cpu----- -----timestamp-----
 r  b   swpd   free   buff  cache   si   so    bi    bo   in   cs us sy id wa st                 UTC
 6  0      0 933592  78116 1255632    0    0     0   448 46321 17966 61 18 21  1  0 2026-10-01 09:37:32
 0  0      0 926800  78116 1262164    0    0     0    84 45214 11936 66 19 15  0  0 2026-10-01 09:37:33
 2  0      0 920148  78116 1266908    0    0     0   132 43945 20944 59 15 26  0  0 2026-10-01 09:37:34
 3  0      0 914688  78116 1271600    0    0     0     8 47460 21932 52 17 32  0  0 2026-10-01 09:37:35
 2  0      0 902872  78116 1278280    0    0     0     0 45162 16284 66 20 14  0  1 2026-10-01 09:37:36
 2  0      0 864048  78116 1283672    0    0     0     0 45076 16865 62 19 20  0  0 2026-10-01 09:37:37
 2  0      0 801984  78116 1288432    0    0     0     0 43401 18170 55 20 25  0  0 2026-10-01 09:37:38
 2  0      0 740388  78116 1292820    0    0     0   120 47537 23518 49 23 28  0  0 2026-10-01 09:37:39
 0  0      0 700308  78116 1298556    0    0     0     0 41603 2452 82 16  2  0  0 2026-10-01 09:37:40
 3  0      0 694592  78116 1302900    0    0     0     8 44277 20723 57 18 25  0  0 2026-10-01 09:37:41
 3  0      0 685828  78116 1309500    0    0     0     0 50104 13225 65 20 15  0  0 2026-10-01 09:37:42
 3  0      0 681852  78116 1312684    0    0     0     0 44738 25748 45 17 38  0  0 2026-10-01 09:37:43
 0  0      0 672148  78116 1318516    0    0     0   116 47555 15455 66 19 15  0  0 2026-10-01 09:37:44
 3  0      0 667036  78116 1322216    0    0     0     0 44719 24722 47 16 37  0  0 2026-10-01 09:37:45
 2  0      0 660636  78116 1326808    0    0     0     0 45280 16211 64 21 15  0  0 2026-10-01 09:37:46
 2  0      0 655176  78116 1331608    0    0     0    12 48816 23333 48 19 33  0  0 2026-10-01 09:37:47
 2  0      0 647532  78116 1335444    0    0     0     0 48958 19252 60 17 23  0  0 2026-10-01 09:37:48
 7  0      0 672132  78116 1340612    0    0     0   160 48886 25856 52 17 30  0  0 2026-10-01 09:37:49
 6  0      0 633620  78116 1344176    0    0     0     0 45197 20018 52 20 28  0  0 2026-10-01 09:37:50
 3  0      0 566252  78116 1348540    0    0     0     0 47068 19080 57 23 19  0  0 2026-10-01 09:37:51
 2  0      0 503012  78116 1352980    0    0     0     0 46357 22761 56 21 22  0  0 2026-10-01 09:37:52
procs -----------memory---------- ---swap-- -----io---- -system-- ------cpu----- -----timestamp-----
 r  b   swpd   free   buff  cache   si   so    bi    bo   in   cs us sy id wa st                 UTC
 2  0      0 464692  78116 1356276    0    0     0     8 42960 10616 74 16 11  0  0 2026-10-01 09:37:53
 8  0      0 459400  78116 1360812    0    0     0 27424 51939 29354 48 21 29  1  0 2026-10-01 09:37:54
 2  0      0 452800  78116 1366320    0    0     0     0 44529 8743 71 16 12  0  0 2026-10-01 09:37:55
 0  0      0 451036  78116 1367980    0    0     0     0 50940 27500 37 18 46  0  0 2026-10-01 09:37:56
 3  0      0 451036  78116 1366100    0    0     0     0 30865 21528  6 12 82  0  0 2026-10-01 09:37:57
 0  0      0 531016  78116 1352948    0    0     0  1052 32752 23706  6  9 84  1  0 2026-10-01 09:37:58
 0  0      0 531016  78116 1352948    0    0     0 81936  652  701  0  1 95  4  0 2026-10-01 09:37:59
 0  0      0 531016  78116 1352948    0    0     0     0   33   42  0  0 100  0  0 2026-10-01 09:38:00
 0  0      0 529008  78116 1352948    0    0     0   204   99  110  0  0 99  0  0 2026-10-01 09:38:01
