procs -----------memory---------- ---swap-- -----io---- -system-- ------cpu----- -----timestamp-----
 r  b   swpd   free   buff  cache   si   so    bi    bo   in   cs us sy id wa st                 UTC
 0  0      0 31209892  20140 441860    0    0     5     2  183  572 13  2 85  0  0 2026-10-01 09:36:50
 0  0      0 31197604  20140 441868    0    0     0     4 1772 1686  1  0 99  0  0 2026-10-01 09:36:51
 0  0      0 31197100  20140 441876    0    0     0     0  111  189  0  0 100  0  0 2026-10-01 09:36:52
 0  0      0 31197632  20140 441876    0    0     0     0 3550 2549  1  0 99  0  0 2026-10-01 09:36:53
 0  0      0 31197352  20140 441876    0    0     0     0   84  139  0  0 100  0  0 2026-10-01 09:36:54
 0  0      0 31197352  20140 441876    0    0     0     0   62  108  0  0 100  0  0 2026-10-01 09:36:55
 2  0      0 31160084  20148 441876    0    0     0    40 30433 33911 11  1 88  0  0 2026-10-01 09:36:56
 0  0      0 31113492  20148 441876    0    0     0     4 33523 40286 11  1 88  0  0 2026-10-01 09:36:57
 0  0      0 31038508  20148 442004    0    0     0     0 45281 49721 17  2 81  0  0 2026-10-01 09:36:58
 1  0      0 30968760  20148 442324    0    0     0     0 46172 50282 18  2 81  0  0 2026-10-01 09:36:59
 0  0      0 30875464  20148 442964    0    0     0     0 55032 53655 24  2 74  0  0 2026-10-01 09:37:00
 0  0      0 30788768  20148 443604    0    0     0     0 56015 53477 24  3 73  0  0 2026-10-01 09:37:01
15  0      0 30697960  20156 444316    0    0     0    12 58813 54363 28  3 69  0  0 2026-10-01 09:37:02
 9  0      0 30590340  20156 445260    0    0     0     4 67036 60121 32  3 65  0  0 2026-10-01 09:37:03
 1  0      0 30492712  20156 446244    0    0     0     0 69433 58054 33  3 64  0  0 2026-10-01 09:37:04
11  0      0 30385052  20156 446892    0    0     0     0 73576 59747 37  3 60  0  0 2026-10-01 09:37:05
16  0      0 30263048  20156 448044    0    0     0     0 76558 58867 38  3 58  0  0 2026-10-01 09:37:06
 0  0      0 30109692  20164 448708    0    0     0    36 82672 62751 36  4 59  0  0 2026-10-01 09:37:07
 2  0      0 29931556  20164 449484    0    0     0     0 83468 64415 38  5 57  0  0 2026-10-01 09:37:08
16  0      0 29811948  20164 450284    0    0     0    52 85732 66313 41  5 54  0  0 2026-10-01 09:37:09
14  0      0 29766540  20164 451372    0    0     0     0 83128 60752 45  4 51  0  0 2026-10-01 09:37:10
procs -----------memory---------- ---swap-- -----io---- -system-- ------cpu----- -----timestamp-----
 r  b   swpd   free   buff  cache   si   so    bi    bo   in   cs us sy id wa st                 UTC
15  0      0 29554472  20164 452124    0    0     0     0 93642 66529 42  4 53  0  0 2026-10-01 09:37:11
16  0      0 29549548  20164 452956    0    0     0     0 88742 64100 46  4 50  0  0 2026-10-01 09:37:12
 7  0      0 29306376  20172 453668    0    0     0    12 99753 65967 46  6 48  0  0 2026-10-01 09:37:13
16  0      0 29297388  20172 454756    0    0     0    16 94369 64197 45  6 49  0  0 2026-10-01 09:37:14
 0  0      0 29074208  20172 455364    0    0     0     4 105215 61248 51  6 44  0  0 2026-10-01 09:37:15
 7  0      0 29067008  20172 456196    0    0     0     0 95088 61331 50  5 45  0  0 2026-10-01 09:37:16
 1  0      0 28751908  20172 456876    0    0     0     0 108147 58462 51  6 43  0  0 2026-10-01 09:37:17
 9  0      0 28749216  20172 457716    0    0     0     0 98768 56625 54  5 41  0  0 2026-10-01 09:37:18
16  0      0 28526288  20180 458572    0    0     0    28 114437 60598 51  6 43  0  0 2026-10-01 09:37:19
 6  0      0 28534836  20180 459116    0    0     0  1248 99681 53094 56  6 38  0  0 2026-10-01 09:37:20
17  0      0 28315680  20180 459836    0    0     0     4 123920 65361 49  6 45  0  0 2026-10-01 09:37:21
16  0      0 28273092  20180 460324    0    0     0     0 114389 61997 50  6 44  0  0 2026-10-01 09:37:22
10  0      0 28271628  20180 461100    0    0     0     0 110930 64467 49  5 46  0  0 2026-10-01 09:37:23
 0  0      0 28159660  20188 461544    0    0     0    28 114576 51202 54  6 40  0  0 2026-10-01 09:37:24
16  0      0 28160092  20188 462012    0    0     0     0 116261 54314 58  6 36  0  0 2026-10-01 09:37:25
 2  0      0 28101576  20188 462808    0    0     0     0 120005 58263 51  6 43  0  0 2026-10-01 09:37:26
 0  0      0 28085576  20188 463016    0    0     0     8 125117 72924 41  6 54  0  0 2026-10-01 09:37:27
11  0      0 28016328  20188 463584    0    0     0     0 127805 62828 52  6 42  0  0 2026-10-01 09:37:28
13  0      0 27932216  20188 463880    0    0     0     0 124721 61908 51  6 44  0  0 2026-10-01 09:37:29
16  0      0 27875276  20196 464344    0    0     0    20 122932 58671 50  7 44  0  0 2026-10-01 09:37:30
10  0      0 27891068  20196 464864    0    0     0     0 122343 66410 43  6 51  0  0 2026-10-01 09:37:31
procs -----------memory---------- ---swap-- -----io---- -system-- ------cpu----- -----timestamp-----
 r  b   swpd   free   buff  cache   si   so    bi    bo   in   cs us sy id wa st                 UTC
 7  0      0 27870220  20196 465248    0    0     0     0 121228 59411 50  6 44  0  0 2026-10-01 09:37:32
 4  0      0 27765564  20196 465752    0    0     0     4 129670 58725 54  7 39  0  0 2026-10-01 09:37:33
15  0      0 27761700  20196 466208    0    0     0     0 121626 68790 42  6 52  0  0 2026-10-01 09:37:34
 9  0      0 27678236  20196 466472    0    0     0     0 132831 70213 44  7 49  0  0 2026-10-01 09:37:35
 3  0      0 27602552  20204 466608    0    0     0    12 125151 57512 55  6 39  0  0 2026-10-01 09:37:36
16  0      0 27600368  20204 467080    0    0     0     0 132309 79549 37  6 57  0  0 2026-10-01 09:37:37
 6  0      0 27532388  20204 467368    0    0     0     0 125922 59406 50  6 43  0  0 2026-10-01 09:37:38
16  0      0 27453220  20204 467784    0    0     0     4 130893 56752 49 16 35  0  0 2026-10-01 09:37:39
16  0      0 27449024  20204 468160    0    0     0     0 115298 50246 39 28 33  0  0 2026-10-01 09:37:40
16  0      0 27407644  20204 468504    0    0     0     0 117721 41708 51 26 23  0  0 2026-10-01 09:37:41
10  0      0 27327512  20212 469040    0    0     0    12 120871 32681 55 28 17  0  0 2026-10-01 09:37:42
 0  0      0 27323680  20212 469368    0    0     0    36 119038 53504 34 30 36  0  0 2026-10-01 09:37:43
16  0      0 27204948  20212 469648    0    0     0     0 130188 46949 52 21 28  0  0 2026-10-01 09:37:44
16  0      0 27186648  20212 469816    0    0     0     4 119750 54493 46 18 36  0  0 2026-10-01 09:37:45
 7  0      0 27180352  20212 470232    0    0     0     0 108067 21861 44 43 13  0  0 2026-10-01 09:37:46
 8  0      0 27124748  20212 470896    0    0     0     0 123869 54504 49 16 36  0  0 2026-10-01 09:37:47
16  0      0 27122788  20220 470976    0    0     0    12 123215 56089 37 30 33  0  0 2026-10-01 09:37:48
 4  0      0 27009476  20220 471256    0    0     0     0 116479 24727 53 33 15  0  0 2026-10-01 09:37:49
16  0      0 26974812  20220 471520    0    0     0     0 112645 46137 44 26 30  0  0 2026-10-01 09:37:50
10  0      0 26943116  20220 471848    0    0     0     4 133449 58658 41 24 35  0  0 2026-10-01 09:37:51
16  0      0 26805156  20220 471944    0    0     0     0 121637 28747 54 31 15  0  0 2026-10-01 09:37:52
procs -----------memory---------- ---swap-- -----io---- -system-- ------cpu----- -----timestamp-----
 r  b   swpd   free   buff  cache   si   so    bi    bo   in   cs us sy id wa st                 UTC
 3  1      0 26799104  20224 472692    0    0     0     8 123101 60467 32 28 40  0  0 2026-10-01 09:37:53
16  0      0 26780456  20228 472792    0    0     0     4 121224 46093 54 21 25  0  0 2026-10-01 09:37:54
16  0      0 26773100  20228 472992    0    0     0     0 109383 28982 46 37 17  0  0 2026-10-01 09:37:55
 0  0      0 26739520  20228 473344    0    0     0     0 88110 30236 30  7 64  0  0 2026-10-01 09:37:56
 0  0      0 31236200  20228 442384    0    0     0     4 50139 2503  0  5 95  0  0 2026-10-01 09:37:57
 0  0      0 31237108  20228 442032    0    0     0     0 24774  130  0  0 100  0  0 2026-10-01 09:37:58
 0  0      0 31237108  20236 442032    0    0     0    28  100  147  0  0 100  0  0 2026-10-01 09:37:59
 0  0      0 31237108  20236 442032    0    0     0     0   80  136  0  0 100  0  0 2026-10-01 09:38:00
 0  0      0 31236856  20236 442036    0    0     0     0   73  114  0  0 100  0  0 2026-10-01 09:38:01
 0  0      0 31234348  20236 442036    0    0     0   600  325  332  0  0 100  0  0 2026-10-01 09:38:02
