procs -----------memory---------- ---swap-- -----io---- -system-- ------cpu----- -----timestamp-----
 r  b   swpd   free   buff  cache   si   so    bi    bo   in   cs us sy id wa st                 UTC
 1  0      0 577856  81104 1426456    0    0    62   608  456 1522 11  3 86  0  0 2026-10-01 09:36:50
 0  1      0 767984  81156 1216224    0    0     0 32832 2575 5752  1  5 75 19  0 2026-10-01 09:36:51
 1  1      0 940304  81324 1057512    0    0     0 44060 5833 12266 40  7 20 33  0 2026-10-01 09:36:52
 0  0      0 939636  81352 1058032    0    0     0  3900 1080 2168  3  1 92  4  0 2026-10-01 09:36:53
 0  0      0 939636  81352 1058032    0    0     0     0   37   43  1  0 100  0  0 2026-10-01 09:36:54
 0  0      0 939636  81352 1058032    0    0     0     0   28   33  0  0 100  0  0 2026-10-01 09:36:55
 0  0      0 935816  81400 1060984    0    0     0  1756 5306 5099 14  2 76  8  0 2026-10-01 09:36:56
 0  0      0 932040  81448 1063912    0    0     0  1604 5728 5852 16  1 77  6  0 2026-10-01 09:36:57
 0  0      0 958944  81480 1067764    0    0     0   972 9349 8856 24  5 68  4  0 2026-10-01 09:36:58
 0  0      0 951748  81496 1072160    0    0     0  1360 10025 9835 25  3 68  4  0 2026-10-01 09:36:59
 0  1      0 944080  81504 1076344    0    0     0   604 12618 11502 30  6 62  2  0 2026-10-01 09:37:00
 6  0      0 936392  81512 1080968    0    0     0   608 12809 11632 30  4 64  2  0 2026-10-01 09:37:01
 0  0      0 929212  81524 1086080    0    0     0  1600 14895 13184 34  8 57  2  0 2026-10-01 09:37:02
 7  0      0 922544  81540 1091372    0    0     0   704 17359 16165 36  8 54  1  0 2026-10-01 09:37:03
 4  0      0 915376  81556 1097156    0    0     0   824 18491 16379 39  7 52  2  0 2026-10-01 09:37:04
 2  0      0 908428  81568 1102748    0    0     0   608 19989 17396 41  7 51  1  0 2026-10-01 09:37:05
 5  0      0 901204  81604 1109616    0    0     0   928 21040 16906 47  8 42  2  0 2026-10-01 09:37:06
 7  0      0 893276  81612 1115852    0    0     0   536 22727 17929 46  9 44  1  0 2026-10-01 09:37:07
11  0      0 877272  81620 1122132    0    0     0   220 24147 19923 50  8 42  1  0 2026-10-01 09:37:08
 4  0      0 803308  81648 1128932    0    0     0   688 25006 19094 50 12 36  2  0 2026-10-01 09:37:09
 7  0      0 774396  81648 1135224    0    0     0   112 23560 14640 60 10 30  0  0 2026-10-01 09:37:10
procs -----------memory---------- ---swap-- -----io---- -system-- ------cpu----- -----timestamp-----
 r  b   swpd   free   buff  cache   si   so    bi    bo   in   cs us sy id wa st                 UTC
 9  0      0 766220  81664 1141812    0    0     0   400 26800 20611 50 10 39  1  0 2026-10-01 09:37:11
 3  0      0 758208  81672 1149112    0    0     0   368 29257 20410 56 13 30  1  0 2026-10-01 09:37:12
 6  0      0 749780  81672 1156512    0    0     0   392 29037 20110 55 12 32  1  0 2026-10-01 09:37:13
 2  0      0 740200  81672 1163624    0    0     0     0 29234 19428 55 11 34  0  0 2026-10-01 09:37:14
 4  0      0 730608  81676 1170996    0    0     0   240 30063 18635 58 12 30  1  0 2026-10-01 09:37:15
 2  0      0 722920  81676 1177828    0    0     0     0 30754 19177 56 11 32  0  0 2026-10-01 09:37:16
 3  0      0 715668  81676 1184084    0    0     0     8 32956 23031 53 14 33  0  0 2026-10-01 09:37:17
 3  0      0 707208  81676 1191660    0    0     0   120 33081 19654 60 14 26  0  0 2026-10-01 09:37:18
 2  0      0 703932  81676 1198288    0    0     0   436 30915 13952 70 11 19  1  0 2026-10-01 09:37:19
 3  0      0 702500  81676 1205684    0    0     0     0 34800 19222 66 12 22  0  1 2026-10-01 09:37:20
 4  0      0 872364  81676 1211112    0    0     0     0 38419 21905 51 12 37  0  0 2026-10-01 09:37:21
 2  0      0 867348  81676 1219008    0    0     0     0 35499 15967 69 14 17  0  0 2026-10-01 09:37:22
 0  0      0 941188  81676 1224380    0    0     0     8 39209 25764 49 14 37  0  0 2026-10-01 09:37:23
 5  0      0 1019216  81676 1230408    0    0     0    84 38386 21064 55 14 32  0  0 2026-10-01 09:37:24
 6  0      0 1016752  81676 1236900    0    0     0     0 38531 21057 58 17 25  0  0 2026-10-01 09:37:25
 4  0      0 1180756  81676 1242232    0    0     0  3260 40666 24292 48 16 37  0  0 2026-10-01 09:37:26
 2  0      0 1169552  81676 1247136    0    0     0     0 34611 12608 71 12 17  0  0 2026-10-01 09:37:27
 4  0      0 1165856  81676 1253232    0    0     0     0 39108 23320 53 14 33  0  0 2026-10-01 09:37:28
 6  0      0 1159904  81676 1257936    0    0     0   168 37266 18818 47 15 38  0  0 2026-10-01 09:37:29
 3  0      0 1156248  81676 1262644    0    0     0     0 38881 24557 51 14 35  0  0 2026-10-01 09:37:30
 6  0      0 1149612  81676 1270276    0    0     0 120556 39791 21460 59 18 20  3  0 2026-10-01 09:37:31
procs -----------memory---------- ---swap-- -----io---- -system-- ------cpu----- -----timestamp-----
 r  b   swpd   free   buff  cache   si   so    bi    bo   in   cs us sy id wa st                 UTC
 6  0      0 1145132  81676 1274036    0    0     0   112 41780 29205 41 15 43  0  1 2026-10-01 09:37:32
 1  0      0 1139264  81676 1278184    0    0     0     0 39509 25664 48 13 39  0  0 2026-10-01 09:37:33
 3  0      0 1132696  81676 1282756    0    0     0    88 39532 23830 46 16 37  0  0 2026-10-01 09:37:34
 3  0      0 1128020  81676 1286924    0    0     0     8 39373 25539 46 14 40  0  0 2026-10-01 09:37:35
 3  0      0 1082884  81676 1290768    0    0     0 55384 39706 26223 42 19 38  2  0 2026-10-01 09:37:36
 2  0      0 1028676  81676 1293860    0    0     0   116 35806 17350 57 15 29  0  0 2026-10-01 09:37:37
 1  0      0 1022652  81676 1298636    0    0     0     0 41531 28076 46 17 37  0  0 2026-10-01 09:37:38
 0  0      0 1018900  81676 1302140    0    0     0     0 41466 27741 45 15 40  0  0 2026-10-01 09:37:39
 5  0      0 1011704  81680 1306596    0    0     0   120 38837 23084 49 16 35  0  0 2026-10-01 09:37:40
 1  0      0 1007532  81680 1309344    0    0     0 25292 43652 30981 38 16 45  1  0 2026-10-01 09:37:41
 6  0      0 1002184  81680 1313172    0    0     0     0 42591 31678 40 17 43  0  0 2026-10-01 09:37:42
 2  0      0 995404  81684 1317524    0    0     0   264 39909 22246 56 14 30  1  0 2026-10-01 09:37:43
 3  0      0 990392  81684 1320420    0    0     0     0 43448 34203 33 17 49  0  0 2026-10-01 09:37:44
 1  0      0 986276  81684 1323040    0    0     0     0 42644 31250 34 15 50  0  0 2026-10-01 09:37:45
 0  0      0 980872  81684 1326968    0    0     0 12876 39279 21237 56 13 32  0  0 2026-10-01 09:37:46
 2  0      0 976392  81684 1330652    0    0     0    60 42512 30509 35 16 49  0  0 2026-10-01 09:37:47
 0  0      0 933576  81684 1333428    0    0     0   108 42959 31324 42 16 41  0  0 2026-10-01 09:37:48
 9  0      0 887656  81684 1336972    0    0     0     0 40826 29317 38 17 45  0  0 2026-10-01 09:37:49
 2  0      0 832748  81684 1339480    0    0     0     0 36660 16845 59 15 26  0  0 2026-10-01 09:37:50
 0  0      0 828520  81684 1342548    0    0     0   100 42939 30390 40 17 43  1  0 2026-10-01 09:37:51
 3  0      0 824152  81684 1345636    0    0     0  1956 43672 33581 38 13 49  0  0 2026-10-01 09:37:52
procs -----------memory---------- ---swap-- -----io---- -system-- ------cpu----- -----timestamp-----
 r  b   swpd   free   buff  cache   si   so    bi    bo   in   cs us sy id wa st                 UTC
 2  0      0 819304  81684 1348792    0    0     0     8 42610 30215 49 14 38  0  0 2026-10-01 09:37:53
 7  0      0 815356  81684 1352032    0    0     0     0 47219 36155 38 15 47  0  0 2026-10-01 09:37:54
 5  0      0 810736  81684 1355460    0    0     0     0 40998 28749 47 15 38  0  0 2026-10-01 09:37:55
 0  0      0 808804  81688 1356836    0    0     0   192 43533 30843 19 16 65  0  0 2026-10-01 09:37:56
 3  0      0 843424  81688 1355712    0    0     0    20 25165 18610  6  8 86  0  0 2026-10-01 09:37:57
 0  0      0 880948  81688 1345832    0    0     0     0 28035 21130  6  8 86  0  0 2026-10-01 09:37:58
 0  0      0 880948  81688 1345832    0    0     0     8   46   52  0  1 100  0  0 2026-10-01 09:37:59
 2  0      0 875720  81688 1345832    0    0     0     0  273  428  1  1 99  0  0 2026-10-01 09:38:00
