procs -----------memory---------- ---swap-- -----io---- -system-- ------cpu----- -----timestamp-----
 r  b   swpd   free   buff  cache   si   so    bi    bo   in   cs us sy id wa st                 UTC
 1  0      0 1082796  42108 602652    0    0   241   470 1503 1760  9 10 81  1  0 2026-10-01 09:36:50
 3  1      0 1232920  42604 450316    0    0     0 31176 3394 7037  6  9 66 19  0 2026-10-01 09:36:51
 0  0      0 1452792  43684 453400    0    0     0 21804 10438 11034 48  7 26 19  0 2026-10-01 09:36:52
 0  0      0 1474176  43708 453592    0    0     0   588 1646 1835  1  1 97  2  0 2026-10-01 09:36:53
 0  0      0 1474176  43716 453592    0    0     0    92  418  683  0  1 99  1  0 2026-10-01 09:36:54
 0  0      0 1474176  43720 453592    0    0     0    48  247  421  0  0 99  0  0 2026-10-01 09:36:55
 0  0      0 1470648  43788 454744    0    0     0  1776 19037 13072 13  8 75  4  0 2026-10-01 09:36:56
 1  0      0 1467196  43856 457216    0    0     0  1148 23618 16948 17 13 67  3  0 2026-10-01 09:36:57
 0  0      0 1460888  43940 460628    0    0     0  1480 33100 22091 23 16 58  4  0 2026-10-01 09:36:58
 5  0      0 1454380  44012 463492    0    0     0  1136 35839 23846 21 15 61  2  1 2026-10-01 09:36:59
 3  0      0 1439208  44160 467744    0    0     0  1976 44266 28602 31 23 44  4  0 2026-10-01 09:37:00
 2  0      0 1608048  44240 472408    0    0     0  2164 45982 28463 37 23 36  5  0 2026-10-01 09:37:01
 5  0      0 1598652  44276 476368    0    0     0  2360 51953 30518 30 28 40  2  0 2026-10-01 09:37:02
10  0      0 1587900  44324 481348    0    0     0  2376 56218 33522 45 28 25  2  0 2026-10-01 09:37:03
 5  0      0 1578912  44416 485680    0    0     0  2180 60502 36091 37 30 32  1  0 2026-10-01 09:37:04
 6  0      0 1560236  44520 491436    0    0     0  3416 62992 34913 47 35 16  1  0 2026-10-01 09:37:05
 1  0      0 1547048  44568 495732    0    0     0  1768 66448 34839 40 38 22  0  0 2026-10-01 09:37:06
 6  0      0 1537344  44632 501332    0    0     0  1788 69473 36268 47 41 13  1  0 2026-10-01 09:37:07
 8  0      0 1530036  44688 505700    0    0     0  1708 73004 36271 38 41 20  1  0 2026-10-01 09:37:08
10  0      0 1517844  44760 511592    0    0     0  1800 73620 31806 51 43  6  1  0 2026-10-01 09:37:09
13  0      0 1505160  44776 516152    0    0     0 41780 77027 33802 41 47 10  2  0 2026-10-01 09:37:10
procs -----------memory---------- ---swap-- -----io---- -system-- ------cpu----- -----timestamp-----
 r  b   swpd   free   buff  cache   si   so    bi    bo   in   cs us sy id wa st                 UTC
 7  0      0 1486668  44804 521732    0    0     0  1496 78067 32810 47 50  4  0  0 2026-10-01 09:37:11
11  0      0 1450100  44820 526428    0    0     0  1240 79437 29660 43 49  8  0  0 2026-10-01 09:37:12
 6  0      0 1415200  44868 531220    0    0     0  1236 80713 31363 48 52  0  0  0 2026-10-01 09:37:13
 7  0      0 1401500  44880 536572    0    0     0  1192 80220 29039 54 46  0  0  1 2026-10-01 09:37:14
 7  0      0 1392316  44900 541596    0    0     0  1096 82567 25297 46 51  3  0  0 2026-10-01 09:37:15
 7  0      0 1383584  44920 546228    0    0     0  1148 82305 23978 50 48  3  0  0 2026-10-01 09:37:16
 6  0      0 1362292  44952 551328    0    0     0  1144 81865 16922 45 54  1  0  0 2026-10-01 09:37:17
 5  0      0 1348096  44996 555664    0    0     0  1152 86146 20169 51 48  1  0  0 2026-10-01 09:37:18
 7  0      0 1312892  45016 560376    0    0     0  1072 83474 16840 44 55  2  0  0 2026-10-01 09:37:19
 7  0      0 1280524  45044 564752    0    0     0   976 83621 15662 43 57  0  0  0 2026-10-01 09:37:20
10  0      0 1248052  45096 568508    0    0     0   992 84722 18448 43 57  0  0  0 2026-10-01 09:37:21
 5  0      0 1207004  45172 571384    0    0     0   916 87794 6595 43 57  0  0  0 2026-10-01 09:37:22
 6  0      0 1197032  45208 575540    0    0     0   844 85404 9365 42 58  0  0  0 2026-10-01 09:37:23
 7  0      0 1188248  45252 579376    0    0     0   792 83141 5275 43 57  0  0  0 2026-10-01 09:37:24
 8  0      0 1184036  45304 582836    0    0     0 45532 88499 7540 41 59  0  0  0 2026-10-01 09:37:25
 9  0      0 1176500  45316 586588    0    0     0   680 82855 5236 42 58  1  0  0 2026-10-01 09:37:26
 8  0      0 1171772  45332 590136    0    0     0   636 87536 7085 40 60  0  0  0 2026-10-01 09:37:27
 9  0      0 1158200  45344 593080    0    0     0   604 90117 12291 36 64  0  0  0 2026-10-01 09:37:28
 8  0      0 1149068  45368 596008    0    0     0   592 85367 8156 43 56  0  0  0 2026-10-01 09:37:29
 8  0      0 1137188  45376 599168    0    0     0   588 87467 9193 37 63  0  0  0 2026-10-01 09:37:30
10  0      0 1103884  45388 602812    0    0     0   636 85278 7485 40 60  0  0  0 2026-10-01 09:37:31
procs -----------memory---------- ---swap-- -----io---- -system-- ------cpu----- -----timestamp-----
 r  b   swpd   free   buff  cache   si   so    bi    bo   in   cs us sy id wa st                 UTC
 8  0      0 1067872  45392 605372    0    0     0   660 87125 7338 39 61  0  0  0 2026-10-01 09:37:32
 4  0      0 1036420  45412 608484    0    0     0   616 87431 8041 36 64  0  0  0 2026-10-01 09:37:33
 5  0      0 1000172  45432 610736    0    0     0   660 82974 5027 44 56  0  0  0 2026-10-01 09:37:34
 9  0      0 990620  45456 612836    0    0     0   584 82168 6542 36 64  0  0  0 2026-10-01 09:37:35
 4  0      0 978584  45472 616164    0    0     0   536 87001 12147 37 63  0  0  0 2026-10-01 09:37:36
 2  0      0 962832  45484 618624    0    0     0   460 88498 9973 34 66  0  0  0 2026-10-01 09:37:37
 7  0      0 951288  45492 621120    0    0     0   436 90229 14119 36 64  0  0  0 2026-10-01 09:37:38
 7  0      0 939372  45520 623460    0    0     0   536 87827 8683 36 64  0  0  0 2026-10-01 09:37:39
15  0      0 919316  45532 626072    0    0     0   800 89750 11883 36 64  0  0  0 2026-10-01 09:37:40
 3  0      0 903812  45552 629024    0    0     0   596 87596 9170 34 67  0  0  0 2026-10-01 09:37:41
 4  0      0 896036  45568 631052    0    0     0   632 93492 15028 34 66  0  0  0 2026-10-01 09:37:42
 5  0      0 882716  45596 634036    0    0     0   624 85111 5746 35 65  0  0  0 2026-10-01 09:37:43
 5  0      0 865408  45632 635392    0    0     0   588 92456 17987 29 70  0  0  0 2026-10-01 09:37:44
 4  0      0 882120  45660 637888    0    0     0   544 83718 6444 36 64  0  0  0 2026-10-01 09:37:45
 9  0      0 852964  45692 641228    0    0     0 40092 90216 12043 33 68  0  0  0 2026-10-01 09:37:46
 4  0      0 801228  45732 642900    0    0     0   648 86062 8521 37 63  0  0  0 2026-10-01 09:37:47
 5  0      0 772020  45768 645180    0    0     0   620 90925 10892 32 68  0  0  0 2026-10-01 09:37:48
 4  0      0 741564  45812 647496    0    0     0   660 87709 10814 36 64  0  0  0 2026-10-01 09:37:49
 4  0      0 701800  45840 648840    0    0     0   512 83216 3241 40 60  0  0  0 2026-10-01 09:37:50
11  0      0 686956  45876 650864    0    0     0   500 90866 12341 34 66  0  0  0 2026-10-01 09:37:51
 8  0      0 701548  45916 653084    0    0     0   532 93477 9799 38 62  0  0  0 2026-10-01 09:37:52
procs -----------memory---------- ---swap-- -----io---- -system-- ------cpu----- -----timestamp-----
 r  b   swpd   free   buff  cache   si   so    bi    bo   in   cs us sy id wa st                 UTC
 6  0      0 654512  45964 655856    0    0     0   592 91603 5612 36 65  0  0  0 2026-10-01 09:37:53
 5  0      0 649584  46000 657068    0    0     0   620 91068 14388 32 68  0  0  0 2026-10-01 09:37:54
 6  0      0 634788  46036 659888    0    0     0   528 92098 13484 31 69  0  0  0 2026-10-01 09:37:55
 0  0      0 698720  46068 660076    0    0   320   544 73708 16094 30 53 16  0  0 2026-10-01 09:37:56
 4  0      0 719432  46100 650048    0    0     0   528 41351 13376  8 39 53  0  0 2026-10-01 09:37:57
 0  0      0 1148820  46128 589140    0    0   128   524 40288 11895 13 37 50  0  0 2026-10-01 09:37:58
