procs -----------memory---------- ---swap-- -----io---- -system-- ------cpu----- -----timestamp-----
 r  b   swpd   free   buff  cache   si   so    bi    bo   in   cs us sy id wa st                 UTC
 1  0      0 2032436  42532 808696    0    0    67    96  376  325  1  0 98  0  0 2026-10-01 08:35:19
 0  1      0 2186812  43092 658428    0    0     0 25472 2370 5100  2  2 75 21  0 2026-10-01 08:35:20
 0  0      0 2215780  44680 636676    0    0     0 30476 6285 12093 48  5 24 24  0 2026-10-01 08:35:21
 0  0      0 2215780  44680 636676    0    0     0   864  166  247  0  0 99  1  0 2026-10-01 08:35:22
 0  0      0 2514628  44680 636676    0    0     0     4  379  451  0  2 98  0  0 2026-10-01 08:35:23
 3  0      0 2517576  44712 636644    0    0     0   172  452  412  2  0 98  1  0 2026-10-01 08:35:24
 0  0      0 2514104  45088 641328    0    0     0  2204 9568 5883 38  5 47  9  0 2026-10-01 08:35:25
 3  0      0 2510884  45376 644700    0    0     0  1608 8741 6957 25  5 64  7  0 2026-10-01 08:35:26
 0  1      0 2655280  45472 648304    0    0     0   604 14664 7214 41  7 49  3  0 2026-10-01 08:35:27
 2  0      0 2654344  45596 652552    0    0     0   720 14277 10771 45  6 47  2  0 2026-10-01 08:35:28
 0  0      0 2669236  45712 656568    0    0     0   576 13667 9863 44  4 49  3  0 2026-10-01 08:35:29
 2  0      0 2662248  45788 661572    0    0     0   468 16440 10181 55  6 38  2  0 2026-10-01 08:35:30
 3  1      0 2640000  45884 665756    0    0     0   540 16019 9633 53  6 39  2  0 2026-10-01 08:35:31
 4  0      0 2626984  46004 671592    0    0     0   696 19181 9615 61  8 26  6  0 2026-10-01 08:35:32
 1  0      0 2581972  46108 676880    0    0     0   568 19991 11172 56 10 33  1  1 2026-10-01 08:35:33
 3  0      0 2559504  46200 683444    0    0     0   516 20187 5459 82  5 12  1  0 2026-10-01 08:35:34
 4  0      0 2544200  46248 688132    0    0     0   284 21602 13689 54  7 38  1  0 2026-10-01 08:35:35
 4  0      0 2492620  46248 694340    0    0     0     8 21656 4421 83  9  9  0  0 2026-10-01 08:35:36
 4  0      0 2485832  46268 699692    0    0     0   188 23383 10990 65  9 25  0  0 2026-10-01 08:35:37
 3  0      0 2458464  46284 705568    0    0     0   164 23587 7974 69  9 21  1  0 2026-10-01 08:35:38
 3  0      0 2413216  46308 710976    0    0     0   168 23032 5834 80  9 11  0  0 2026-10-01 08:35:39
procs -----------memory---------- ---swap-- -----io---- -system-- ------cpu----- -----timestamp-----
 r  b   swpd   free   buff  cache   si   so    bi    bo   in   cs us sy id wa st                 UTC
 3  0      0 2401004  46388 718088    0    0     0   452 25079 5110 81  9 10  1  0 2026-10-01 08:35:40
 3  0      0 2383896  46388 723788    0    0     0   212 27554 8715 75 10 15  0  0 2026-10-01 08:35:41
 3  0      0 2328524  46420 729016    0    0     0   212 25085 6977 76 11 13  1  0 2026-10-01 08:35:42
 4  0      0 2315640  46444 736096    0    0     0   160 27160 1054 92  8  1  0  0 2026-10-01 08:35:43
 3  0      0 2305308  46444 741092    0    0     0     0 27649 9958 70  9 20  0  0 2026-10-01 08:35:44
 3  0      0 2258152  46452 747488    0    0     0    88 28033 2431 82 13  5  0  0 2026-10-01 08:35:45
 3  0      0 2229704  46492 753004    0    0     0   232 26235  626 88 12  0  1  0 2026-10-01 08:35:46
 3  0      0 2220448  46516 759656    0    0     0   188 28456 1012 87 12  1  0  0 2026-10-01 08:35:47
 4  0      0 2207892  46516 765032    0    0     0     8 31112 6570 75 13 11  0  0 2026-10-01 08:35:48
 2  0      0 2143044  46516 771056    0    0     0     0 28231 1143 87 12  2  0  0 2026-10-01 08:35:49
 2  0      0 2127668  46516 775744    0    0     0     0 28635 1618 87 11  1  0  0 2026-10-01 08:35:50
 2  0      0 2120412  46516 781932    0    0     0     0 30786  907 88 11  2  0  0 2026-10-01 08:35:51
 2  0      0 2107880  46524 787416    0    0     0    76 32590 2662 84 11  5  0  0 2026-10-01 08:35:52
 2  0      0 2062520  46524 792752    0    0     0     0 32856 3303 81 14  5  0  0 2026-10-01 08:35:53
 3  0      0 2020212  46568 798036    0    0     0  5644 30090 1416 84 14  1  1  0 2026-10-01 08:35:54
 2  0      0 2010900  46568 803412    0    0     0 18156 33073  687 89 11  0  0  1 2026-10-01 08:35:55
 2  0      0 1998340  46568 809076    0    0     0     0 35677 1306 88 11  2  0  0 2026-10-01 08:35:56
 2  0      0 1987628  46568 814276    0    0     0     0 35138  671 89 11  1  0  0 2026-10-01 08:35:57
 2  0      0 1936316  46568 819208    0    0     0     0 36178 3043 82 14  4  0  0 2026-10-01 08:35:58
 2  0      0 1914392  46576 822340    0    0     0   140 32427 2392 83 14  3  0  0 2026-10-01 08:35:59
 3  0      0 1907828  46576 827228    0    0     0 99536 35217 2464 83 14  2  0  0 2026-10-01 08:36:00
procs -----------memory---------- ---swap-- -----io---- -system-- ------cpu----- -----timestamp-----
 r  b   swpd   free   buff  cache   si   so    bi    bo   in   cs us sy id wa st                 UTC
 2  0      0 1899316  46576 832020    0    0     0     0 38062 1239 89 11  1  0  0 2026-10-01 08:36:01
 2  0      0 1890828  46576 837196    0    0     0     0 38260 1080 82 17  1  0  0 2026-10-01 08:36:02
 2  0      0 1843116  46576 841780    0    0     0    72 38152  585 87 13  0  0  0 2026-10-01 08:36:03
 2  0      0 1797076  46584 844292    0    0     0   136 32307 2582 84 13  4  0  0 2026-10-01 08:36:04
 3  0      0 1788300  46584 848908    0    0     0 41912 39613 1264 81 18  2  0  0 2026-10-01 08:36:05
 2  0      0 1782840  46592 853364    0    0     0   128 40574  574 86 13  0  0  0 2026-10-01 08:36:06
 2  0      0 1776300  46592 857688    0    0     0   180 42863 2170 81 15  4  0  0 2026-10-01 08:36:07
 2  0      0 1771524  46592 862092    0    0     0     0 40942 2139 84 13  3  0  0 2026-10-01 08:36:08
 2  0      0 1718604  46632 866768    0    0     0   276 40107 1040 83 16  0  1  0 2026-10-01 08:36:09
 2  0      0 1675340  46632 868900    0    0     0 15660 35062 4495 83 12  5  0  0 2026-10-01 08:36:10
 2  0      0 1660640  46632 872368    0    0     0     0 47595 1310 82 18  1  0  0 2026-10-01 08:36:11
 2  0      0 1654196  46632 877060    0    0     0     8 35479 1407 87 12  1  0  0 2026-10-01 08:36:12
 2  0      0 1649352  46632 880360    0    0     0     0 52336 8350 69 18 12  0  0 2026-10-01 08:36:13
 2  0      0 1639832  46640 884048    0    0     0    92 43784 2305 81 16  3  0  0 2026-10-01 08:36:14
 2  0      0 1631600  46640 888384    0    0     0  4572 44662  605 84 17  0  0  0 2026-10-01 08:36:15
 4  0      0 1565532  46640 892260    0    0     0     0 47671  717 79 20  0  0  0 2026-10-01 08:36:16
 2  0      0 1532148  46640 893924    0    0     0     0 32779  450 88 13  0  0  0 2026-10-01 08:36:17
 2  0      0 1525932  46640 897244    0    0     0    12 52830 7400 73 17 10  0  0 2026-10-01 08:36:18
 2  0      0 1519656  46644 901060    0    0     0   108 31640  531 89 11  0  0  0 2026-10-01 08:36:19
 3  0      0 1516380  46672 904188    0    0     0   220 55923 6483 70 20 10  1  0 2026-10-01 08:36:20
 2  0      0 1512348  46672 907876    0    0     0  4072 42369 5917 78 14  9  0  0 2026-10-01 08:36:21
procs -----------memory---------- ---swap-- -----io---- -system-- ------cpu----- -----timestamp-----
 r  b   swpd   free   buff  cache   si   so    bi    bo   in   cs us sy id wa st                 UTC
 2  0      0 1506300  46672 910436    0    0     0     0 48840 6700 69 21 10  0  0 2026-10-01 08:36:22
 2  0      0 1471480  46696 915364    0    0     0  1792 42652  652 82 17  0  1  0 2026-10-01 08:36:23
 2  0      0 1412064  46696 917732    0    0     0     8 49487 5861 71 21  8  0  0 2026-10-01 08:36:24
 0  0      0 1401480  46696 919440    0    0   952     0 5894 1773 51  2 48  0  0 2026-10-01 08:36:25
 0  0      0 1401480  46696 915980    0    0     0 11896 48915 36112 12 20 67  1  0 2026-10-01 08:36:26
 0  0      0 1441912  46696 909032    0    0     0     0 14023 11722  5  4 91  0  0 2026-10-01 08:36:27
 1  0      0 1429848  46704 909024    0    0     0   112  308  458  3  1 96  0  0 2026-10-01 08:36:28
