procs -----------memory---------- ---swap-- -----io---- -system-- ------cpu----- -----timestamp-----
 r  b   swpd   free   buff  cache   si   so    bi    bo   in   cs us sy id wa st                 UTC
 1  0      0 1288288  51232 839464    0    0    79   121 1128  625  3  1 96  0  0 2026-10-01 08:35:19
 0  1      0 1332804  51744 761796    0    0     0 20680 3406 6456  3  6 70 22  0 2026-10-01 08:35:20
 0  0      0 1372580  53496 744748    0    0     0 32520 7162 12230 50  6 19 25  0 2026-10-01 08:35:21
 0  0      0 1372580  53540 744856    0    0     0  1524 1025 1466  1  1 97  2  0 2026-10-01 08:35:22
 0  0      0 1372580  53540 744856    0    0     0     4  266  432  0  1 100  0  0 2026-10-01 08:35:23
 0  0      0 1372580  53572 744944    0    0     0   368 2324 2217  3  1 96  1  0 2026-10-01 08:35:24
 1  1      0 1371436  53908 747956    0    0     0  2520 34429 22917 30 15 49  6  0 2026-10-01 08:35:25
 0  0      0 1370060  54080 751012    0    0     0  1748 34106 22632 30 13 53  4  0 2026-10-01 08:35:26
 0  0      0 1440372  54248 755960    0    0     0  2076 46534 26163 53 24 21  3  0 2026-10-01 08:35:27
 2  0      0 1499100  54448 761364    0    0     0  2224 47711 27317 43 28 24  4  1 2026-10-01 08:35:28
 6  0      0 1489932  54552 766844    0    0     0  1508 52880 28835 57 25 17  1  0 2026-10-01 08:35:29
 4  0      0 1482512  54692 773460    0    0     0  1988 55916 27598 63 32  4  1  0 2026-10-01 08:35:30
 4  0      0 1475108  54768 778928    0    0     0  1152 59260 29043 66 29  3  1  0 2026-10-01 08:35:31
 4  0      0 1464692  54816 784784    0    0     0   960 65232 29787 63 36  0  0  0 2026-10-01 08:35:32
 5  0      0 1424920  54892 790216    0    0     0   868 65327 26917 67 33  0  1  0 2026-10-01 08:35:33
 5  0      0 1388396  54956 794844    0    0     0   880 70322 29723 61 38  0  1  0 2026-10-01 08:35:34
 7  0      0 1366660  55024 800028    0    0     0  1064 69273 29138 59 40  0  0  0 2026-10-01 08:35:35
 8  0      0 1342804  55048 804316    0    0     0   468 76071 32742 54 46  0  0  0 2026-10-01 08:35:36
 7  0      0 1305316  55120 808936    0    0     0   936 75485 32058 54 46  0  0  0 2026-10-01 08:35:37
 6  0      0 1281064  55160 812500    0    0     0   544 69675 25539 62 37  0  1  0 2026-10-01 08:35:38
 7  0      0 1263904  55200 816584    0    0     0   624 73767 30429 56 43  0  0  0 2026-10-01 08:35:39
procs -----------memory---------- ---swap-- -----io---- -system-- ------cpu----- -----timestamp-----
 r  b   swpd   free   buff  cache   si   so    bi    bo   in   cs us sy id wa st                 UTC
 8  0      0 1244704  55220 820276    0    0     0   388 76683 27492 52 48  0  0  0 2026-10-01 08:35:40
 6  0      0 1225864  55240 824140    0    0     0   336 77824 35022 50 50  0  0  0 2026-10-01 08:35:41
 5  0      0 1189232  55272 827460    0    0     0   512 76863 29827 52 48  0  0  0 2026-10-01 08:35:42
 7  0      0 1165900  55312 830168    0    0     0   596 79047 28755 52 47  0  0  0 2026-10-01 08:35:43
 9  0      0 1149832  55416 834888    0    0     0 50692 75238 25632 53 46  0  1  0 2026-10-01 08:35:44
10  0      0 1130352  55436 837732    0    0     0 15168 80177 24786 52 48  0  0  0 2026-10-01 08:35:45
 7  0      0 1117380  55456 840788    0    0     0   472 78797 22871 51 49  0  0  0 2026-10-01 08:35:46
 8  0      0 1103568  55492 844508    0    0     0   980 82395 27006 47 54  0  0  0 2026-10-01 08:35:47
 9  0      0 1065408  55504 847508    0    0     0   812 81519 26303 49 51  0  0  0 2026-10-01 08:35:48
 8  0      0 1044208  55536 849628    0    0     0  1008 80046 19050 50 50  0  0  0 2026-10-01 08:35:49
 7  0      0 1029892  55560 852352    0    0     0   844 82476 19589 52 49  0  0  0 2026-10-01 08:35:50
 5  0      0 1008996  55588 855948    0    0     0   868 83500 17014 51 49  0  0  0 2026-10-01 08:35:51
 8  0      0 990636  55628 858892    0    0     0  1648 83678 15220 50 50  0  0  0 2026-10-01 08:35:52
 7  0      0 969932  55656 861284    0    0     0  1344 85579 16617 50 51  0  0  0 2026-10-01 08:35:53
 6  0      0 951364  55676 864164    0    0     0  1288 82272 14079 45 55  0  0  0 2026-10-01 08:35:54
 9  0      0 920864  55692 866892    0    0     0  1212 85483 8386 43 57  0  0  0 2026-10-01 08:35:55
 5  0      0 881576  55740 869076    0    0     0  1164 85995 13057 50 50  0  0  0 2026-10-01 08:35:56
 4  0      0 849540  55772 870964    0    0     0  1064 84403 17580 48 52  0  0  0 2026-10-01 08:35:57
 5  0      0 833448  55804 873648    0    0     0  1204 85979 10733 50 50  0  0  0 2026-10-01 08:35:58
 5  0      0 821616  55848 876260    0    0     0  1036 84230 13373 50 50  0  0  0 2026-10-01 08:35:59
 3  0      0 802524  55884 879192    0    0     0   928 83852 6740 46 54  0  0  0 2026-10-01 08:36:00
procs -----------memory---------- ---swap-- -----io---- -system-- ------cpu----- -----timestamp-----
 r  b   swpd   free   buff  cache   si   so    bi    bo   in   cs us sy id wa st                 UTC
 4  0      0 779980  55924 881324    0    0     0  1032 88171 7221 51 50  0  0  0 2026-10-01 08:36:01
 3  0      0 759264  55980 883972    0    0     0   856 86384 7923 47 53  0  0  0 2026-10-01 08:36:02
 7  0      0 747672  56060 886156    0    0     0  1036 87529 11529 42 59  0  0  0 2026-10-01 08:36:03
 4  0      0 725808  56088 888988    0    0     0   780 82600 14872 47 54  0  0  0 2026-10-01 08:36:04
 5  0      0 680468  56112 891088    0    0     0 37056 86765 8202 43 57  0  0  0 2026-10-01 08:36:05
 4  0      0 648196  56144 892172    0    0     0   760 93140 5772 48 52  0  0  0 2026-10-01 08:36:06
 4  0      0 617588  56188 893336    0    0     0  1060 87665 7492 45 55  0  0  0 2026-10-01 08:36:07
 4  0      0 601232  56208 895696    0    0     0   704 87579 5801 41 59  0  0  0 2026-10-01 08:36:08
 7  0      0 591680  56244 897996    0    0     0   664 87196 8607 45 55  0  0  0 2026-10-01 08:36:09
 5  0      0 575600  56284 900536    0    0     0   700 82319 14437 46 54  0  0  0 2026-10-01 08:36:10
 5  0      0 560980  56312 902360    0    0     0   592 87461 4050 42 58  0  0  0 2026-10-01 08:36:11
 7  0      0 539288  56340 903872    0    0     0   544 89365 12365 47 54  0  0  0 2026-10-01 08:36:12
 4  0      0 522488  56364 905920    0    0     0   560 84601 4026 38 62  0  0  0 2026-10-01 08:36:13
 5  0      0 510188  56392 908280    0    0     0   516 85954 5226 45 54  0  0  0 2026-10-01 08:36:14
 4  0      0 496128  56412 910524    0    0     0   560 85449 6382 43 57  0  0  0 2026-10-01 08:36:15
 7  0      0 478248  56432 911972    0    0     0   468 89099 10176 43 57  0  0  0 2026-10-01 08:36:16
 4  0      0 447260  56452 914180    0    0     0   480 85348 14135 47 53  0  0  0 2026-10-01 08:36:17
 4  0      0 427856  56472 914460    0    0     0   444 87855 4005 40 61  0  0  0 2026-10-01 08:36:18
 5  0      0 432068  56488 916956    0    0     0   376 85195 7957 47 54  0  0  0 2026-10-01 08:36:19
 4  0      0 408176  56524 918788    0    0     0   356 85548 4175 38 62  0  0  0 2026-10-01 08:36:20
 4  0      0 389456  56540 920576    0    0     0   408 87324 9669 46 54  0  0  0 2026-10-01 08:36:21
procs -----------memory---------- ---swap-- -----io---- -system-- ------cpu----- -----timestamp-----
 r  b   swpd   free   buff  cache   si   so    bi    bo   in   cs us sy id wa st                 UTC
 4  0      0 375968  56552 922360    0    0     0   540 82207 3416 39 61  0  0  0 2026-10-01 08:36:22
 6  0      0 363408  56564 924668    0    0     0   468 88162 13266 44 56  0  0  0 2026-10-01 08:36:23
 4  0      0 351788  56584 925688    0    0     0   440 83897 3596 44 57  0  0  0 2026-10-01 08:36:24
 0  0      0 417928  56600 927620    0    0   288   396 18894 9149 24 13 62  1  0 2026-10-01 08:36:25
 2  0      0 445332  56608 907980    0    0   112   308 60933 17368 16 65 20  0  0 2026-10-01 08:36:26
