procs -----------memory---------- ---swap-- -----io---- -system-- ------cpu----- -----timestamp-----
 r  b   swpd   free   buff  cache   si   so    bi    bo   in   cs us sy id wa st                 UTC
 0  0      0 31207832  16428 436628    0    0    50     3 1060  769  5  2 93  0  0 2026-10-01 08:35:19
 0  0      0 31205296  16428 436668    0    0     0     0 1724 1757  1  0 99  0  0 2026-10-01 08:35:20
 1  0      0 31205324  16436 436664    0    0     0   100 2762 2078  1  0 99  0  0 2026-10-01 08:35:21
 0  0      0 31203588  16436 436668    0    0     0    12  571  723  1  0 99  0  0 2026-10-01 08:35:22
 0  0      0 31203588  16436 436668    0    0     0    84   90  123  0  0 100  0  0 2026-10-01 08:35:23
 0  0      0 31202832  16436 436668    0    0     0     4 3198 3288  1  0 99  0  0 2026-10-01 08:35:24
 0  0      0 31152208  16436 436668    0    0     0     0 43485 43170 12  1 86  0  0 2026-10-01 08:35:25
 0  0      0 31096796  16436 436636    0    0     0   460 42538 45526 12  1 86  0  0 2026-10-01 08:35:26
 4  0      0 31011088  16444 436644    0    0     0    40 56361 55904 18  2 80  0  0 2026-10-01 08:35:27
 1  0      0 30925396  16444 437020    0    0     0     0 56401 52865 19  2 80  0  0 2026-10-01 08:35:28
16  0      0 30851124  16444 437596    0    0     0     0 62391 55766 23  3 75  0  0 2026-10-01 08:35:29
 0  0      0 30712584  16444 438596    0    0     0     0 66732 56237 25  3 72  0  0 2026-10-01 08:35:30
 0  0      0 30580224  16444 439308    0    0     0     0 74106 62725 25  3 72  0  0 2026-10-01 08:35:31
 2  0      0 30450704  16444 439956    0    0     0   780 80522 62796 30  4 67  0  0 2026-10-01 08:35:32
 8  0      0 30376036  16452 440676    0    0     0    24 81028 64874 27  3 70  0  0 2026-10-01 08:35:33
 2  0      0 30289712  16452 441324    0    0     0     0 85231 64332 30  4 66  0  0 2026-10-01 08:35:34
 2  0      0 30214028  16452 441972    0    0     0     0 83054 64770 32  3 64  0  0 2026-10-01 08:35:35
 1  0      0 30062392  16452 442604    0    0     0     0 92667 66935 32  5 64  0  0 2026-10-01 08:35:36
 1  0      0 30058816  16452 443196    0    0     0     0 90504 70764 32  3 65  0  0 2026-10-01 08:35:37
 0  0      0 29860968  16452 443876    0    0     0     0 87512 60961 31  5 64  0  0 2026-10-01 08:35:38
 1  0      0 29856660  16460 444380    0    0     0    16 94071 68597 34  3 63  0  0 2026-10-01 08:35:39
procs -----------memory---------- ---swap-- -----io---- -system-- ------cpu----- -----timestamp-----
 r  b   swpd   free   buff  cache   si   so    bi    bo   in   cs us sy id wa st                 UTC
 7  0      0 29677488  16460 444892    0    0     0     0 102687 67844 36  5 59  0  0 2026-10-01 08:35:40
 2  0      0 29672532  16460 445620    0    0     0     0 99412 72691 33  5 62  0  0 2026-10-01 08:35:41
 1  0      0 29469404  16460 446132    0    0     0     0 105255 70559 36  6 58  0  0 2026-10-01 08:35:42
 3  0      0 29465876  16460 446460    0    0     0     0 103200 72497 38  4 58  0  0 2026-10-01 08:35:43
 0  0      0 29248660  16460 447116    0    0     0     0 102656 68257 37  5 58  0  0 2026-10-01 08:35:44
13  0      0 29245508  16468 447636    0    0     0    16 106271 68696 38  5 56  0  0 2026-10-01 08:35:45
 2  0      0 29241228  16468 448116    0    0     0     0 111507 75976 39  5 55  0  0 2026-10-01 08:35:46
 9  0      0 29190644  16468 448532    0    0     0     0 111652 72500 42  5 53  0  0 2026-10-01 08:35:47
16  0      0 28890272  16468 449108    0    0     0     0 115326 70038 41  6 53  0  0 2026-10-01 08:35:48
15  0      0 28884184  16468 449548    0    0     0     0 108818 73681 34  4 62  0  0 2026-10-01 08:35:49
 1  0      0 28879184  16468 449940    0    0     0     0 111642 71311 38  5 57  0  0 2026-10-01 08:35:50
 0  0      0 28875864  16476 450460    0    0     0    16 111100 66408 43  5 51  0  0 2026-10-01 08:35:51
 9  0      0 28870824  16476 450964    0    0     0     0 112396 68285 42  6 53  0  0 2026-10-01 08:35:52
 7  0      0 28475344  16476 451420    0    0     0     0 128836 65061 43  8 49  0  0 2026-10-01 08:35:53
 1  0      0 28470612  16476 451708    0    0     0     0 117162 75086 35  5 60  0  0 2026-10-01 08:35:54
 2  0      0 28465908  16476 451964    0    0     0     0 117245 65273 44  5 51  0  0 2026-10-01 08:35:55
 5  0      0 28227868  16476 452484    0    0     0     0 126797 66596 44  7 50  0  0 2026-10-01 08:35:56
16  0      0 28224004  16484 453068    0    0     0    48 118616 79124 32  6 62  0  0 2026-10-01 08:35:57
 2  0      0 28220704  16484 453412    0    0     0     0 112131 61382 46  5 49  0  0 2026-10-01 08:35:58
16  0      0 27948796  16484 453620    0    0     0     0 132394 65855 45  7 48  0  0 2026-10-01 08:35:59
 0  0      0 27940680  16484 453988    0    0     0     0 121033 73839 36  5 59  0  0 2026-10-01 08:36:00
procs -----------memory---------- ---swap-- -----io---- -system-- ------cpu----- -----timestamp-----
 r  b   swpd   free   buff  cache   si   so    bi    bo   in   cs us sy id wa st                 UTC
 3  0      0 27933936  16484 454612    0    0     0     0 117097 61348 46  7 47  0  0 2026-10-01 08:36:01
 4  0      0 27912076  16492 455008    0    0     0    36 123177 64772 47  7 46  0  0 2026-10-01 08:36:02
14  0      0 27908576  16492 455320    0    0     0     4 132372 88664 29  6 65  0  0 2026-10-01 08:36:03
 1  0      0 27904940  16492 455568    0    0     0     0 111776 59776 48  5 46  0  0 2026-10-01 08:36:04
16  0      0 27903072  16492 455976    0    0     0     0 115092 63884 43  6 51  0  0 2026-10-01 08:36:05
 0  0      0 27845000  16492 456320    0    0     0     0 136394 81669 37  6 56  0  0 2026-10-01 08:36:06
 2  0      0 27617876  16492 456744    0    0     0    12 141906 61883 49  7 44  0  0 2026-10-01 08:36:07
16  0      0 27614936  16500 456856    0    0     0    28 127889 80988 33  5 62  0  0 2026-10-01 08:36:08
 3  0      0 27494424  16500 457288    0    0     0     4 132423 67064 49  6 45  0  0 2026-10-01 08:36:09
16  0      0 27490768  16500 457456    0    0     0     0 117403 73167 35  6 59  0  0 2026-10-01 08:36:10
 5  0      0 27455600  16500 457928    0    0     0     0 123960 65034 45  7 48  0  0 2026-10-01 08:36:11
 9  0      0 27311684  16500 458296    0    0     0     0 129194 58052 51  7 42  0  0 2026-10-01 08:36:12
 0  0      0 27307904  16500 458560    0    0     0     0 127027 80547 31  6 63  0  0 2026-10-01 08:36:13
12  0      0 27173788  16508 458664    0    0     0    12 131370 58135 52  6 42  0  0 2026-10-01 08:36:14
 4  0      0 27169812  16508 459120    0    0     0     4 124525 73378 34  6 60  0  0 2026-10-01 08:36:15
 0  0      0 27129860  16508 459632    0    0     0     0 123556 62985 49  6 45  0  0 2026-10-01 08:36:16
 0  0      0 27126984  16508 459880    0    0     0     0 119887 81607 28  5 67  0  0 2026-10-01 08:36:17
10  0      0 27033912  16508 460160    0    0     0     0 128247 61911 50  6 43  0  0 2026-10-01 08:36:18
16  0      0 27031812  16508 460168    0    0     0     0 115253 66607 38  5 58  0  0 2026-10-01 08:36:19
 0  0      0 26965176  16516 460448    0    0     0    12 127806 65839 45  6 49  0  0 2026-10-01 08:36:20
 1  0      0 26858868  16516 460688    0    0     0     4 126394 55701 53  7 41  0  0 2026-10-01 08:36:21
procs -----------memory---------- ---swap-- -----io---- -system-- ------cpu----- -----timestamp-----
 r  b   swpd   free   buff  cache   si   so    bi    bo   in   cs us sy id wa st                 UTC
 1  0      0 26849352  16516 461040    0    0     0     0 125033 75426 35  5 60  0  0 2026-10-01 08:36:22
 0  0      0 26794472  16516 461400    0    0     0     0 123337 61833 49  6 45  0  0 2026-10-01 08:36:23
15  0      0 26792232  16516 461592    0    0     0     0 126766 85821 32  6 62  0  0 2026-10-01 08:36:24
 0  0      0 26791504  16524 461596    0    0     0    12 38238 41946  4  2 94  0  0 2026-10-01 08:36:25
 0  0      0 31225560  16524 437132    0    0     0     0 70569  886  0  5 95  0  0 2026-10-01 08:36:26
 0  0      0 31225560  16524 437132    0    0     0     4 11570  156  0  0 100  0  0 2026-10-01 08:36:27
 0  0      0 31225568  16524 437132    0    0     0     0  102  183  0  0 100  0  0 2026-10-01 08:36:28
 1  0      0 31200928  16524 437132    0    0     0     0  651  635  1  0 99  0  0 2026-10-01 08:36:29
