procs -----------memory---------- ---swap-- -----io---- -system-- ------cpu----- -----timestamp-----
 r  b   swpd   free   buff  cache   si   so    bi    bo   in   cs us sy id wa st                 UTC
 1  0      0 2096292  41640 792036    0    0    67    91  349  311  1  0 98  0  0 2026-10-01 08:35:19
 0  3      0 2299376  42152 631840    0    0     0 23708 2612 5351  1  4 75 20  0 2026-10-01 08:35:20
 0  0      0 2311252  43800 635464    0    0     0 30676 7218 12911 49  5 23 23  0 2026-10-01 08:35:21
 1  0      0 2543352  43800 635464    0    0     0   924  604  864  0  2 97  1  0 2026-10-01 08:35:22
 0  0      0 2543452  43800 635464    0    0     0     4   56   68  0  0 100  0  0 2026-10-01 08:35:23
 0  0      0 2543452  43832 635532    0    0     0   140 1089 1454  2  1 97  1  0 2026-10-01 08:35:24
 0  0      0 2751372  44100 638444    0    0     0  1460 19271 20788 34  8 53  5  0 2026-10-01 08:35:25
 2  0      0 2748752  44420 641812    0    0     0  1752 16964 17164 37  6 49  7  1 2026-10-01 08:35:26
 3  0      0 2739204  44708 646748    0    0     0  1616 18455 14917 49  8 38  5  0 2026-10-01 08:35:27
 0  0      0 2724440  44840 650564    0    0     0   852 18693 16009 49  7 42  3  0 2026-10-01 08:35:28
 1  0      0 2691612  44984 656336    0    0     0   804 19021 9842 68  9 21  3  0 2026-10-01 08:35:29
 2  0      0 2671816  45164 661312    0    0     0  1376 20261 14630 54  9 33  4  0 2026-10-01 08:35:30
 0  0      0 2638172  45256 666928    0    0     0   528 21117 10657 68  9 21  2  0 2026-10-01 08:35:31
 2  0      0 2615852  45376 672640    0    0     0   792 22341 12517 65  9 25  3  0 2026-10-01 08:35:32
 2  0      0 2579928  45428 678100    0    0     0   332 22235 10160 73  8 19  1  0 2026-10-01 08:35:33
 1  0      0 2565112  45492 684124    0    0     0   356 23472 10489 72  7 20  1  0 2026-10-01 08:35:34
 4  0      0 2517344  45580 690148    0    0     0   520 22457 7022 75 10 14  1  0 2026-10-01 08:35:35
 1  0      0 2503116  45668 696888    0    0     0   540 23933 5407 79 11 10  1  0 2026-10-01 08:35:36
 4  0      0 2478000  45744 703328    0    0     0   376 25284 7412 77  9 12  2  0 2026-10-01 08:35:37
 3  0      0 2431740  45744 709028    0    0     0     0 22706 3040 83 10  7  0  0 2026-10-01 08:35:38
 3  0      0 2420740  45744 715860    0    0     0     0 26236 3804 83 10  6  0  1 2026-10-01 08:35:39
procs -----------memory---------- ---swap-- -----io---- -system-- ------cpu----- -----timestamp-----
 r  b   swpd   free   buff  cache   si   so    bi    bo   in   cs us sy id wa st                 UTC
 3  1      0 2397388  45796 722108    0    0     0   404 27503 6407 80  8 11  1  0 2026-10-01 08:35:40
 3  0      0 2351384  45812 728180    0    0     0    84 24445 1510 87 11  1  0  0 2026-10-01 08:35:41
 3  0      0 2341652  45812 735140    0    0     0     0 28423 2149 88 10  3  0  0 2026-10-01 08:35:42
 3  0      0 2325844  45848 740972    0    0     0   196 29579 8040 77 12 11  1  0 2026-10-01 08:35:43
 3  0      0 2268512  45888 746376    0    0     0   192 26713 5112 79 13  7  0  0 2026-10-01 08:35:44
 3  0      0 2250856  45888 752848    0    0     0     0 29494  557 90 10  0  0  0 2026-10-01 08:35:45
 3  0      0 2239316  45888 759108    0    0     0     8 30352  578 91  9  0  0  0 2026-10-01 08:35:46
 3  0      0 2212468  45888 765104    0    0     0     0 31117 4000 82 12  6  0  0 2026-10-01 08:35:47
 3  0      0 2160832  45888 769776    0    0     0     0 29516 3156 85 12  3  0  0 2026-10-01 08:35:48
 3  0      0 2151568  45896 775736    0    0     0    76 31082  537 90 10  0  0  0 2026-10-01 08:35:49
 4  0      0 2143140  45896 781504    0    0     0     0 32966 1759 86 12  2  0  0 2026-10-01 08:35:50
 3  0      0 2124744  45896 787276    0    0     0    60 32701 1877 85 12  4  0  0 2026-10-01 08:35:51
 3  0      0 2063280  45896 792288    0    0     0     8 29892  619 85 15  0  0  0 2026-10-01 08:35:52
 3  0      0 2046768  45896 797472    0    0     0     0 34514  575 87 13  0  0  0 2026-10-01 08:35:53
 2  0      0 2038508  45904 802812    0    0     0    76 31584  853 88 11  1  1  0 2026-10-01 08:35:54
 2  0      0 2029980  45904 808260    0    0     0 10200 37161 3313 82 12  6  0  1 2026-10-01 08:35:55
 2  0      0 1998940  45912 813184    0    0     0   152 36469 3489 80 15  5  0  0 2026-10-01 08:35:56
 2  0      0 1941516  45912 817176    0    0     0     0 30127  547 86 14  0  0  0 2026-10-01 08:35:57
 2  0      0 1930128  45912 822236    0    0     0    16 39713  774 88 12  1  0  0 2026-10-01 08:35:58
 0  0      0 1919064  45912 827868    0    0     0     0 38636 1576 84 13  3  0  0 2026-10-01 08:35:59
 2  0      0 1914024  45912 832720    0    0     0 124100 38682 3072 85 14  2  0  0 2026-10-01 08:36:00
procs -----------memory---------- ---swap-- -----io---- -system-- ------cpu----- -----timestamp-----
 r  b   swpd   free   buff  cache   si   so    bi    bo   in   cs us sy id wa st                 UTC
 2  0      0 1899408  45920 837760    0    0     0   128 39991 1339 82 16  2  0  0 2026-10-01 08:36:01
 2  0      0 1834404  45928 842216    0    0     0   108 34334  749 85 15  1  0  0 2026-10-01 08:36:02
 2  0      0 1815288  45928 844988    0    0     0     0 38940  583 84 16  0  0  0 2026-10-01 08:36:03
 3  0      0 1804216  45928 850244    0    0     0     8 32740 1479 85 14  1  0  0 2026-10-01 08:36:04
 3  0      0 1798936  45928 854384    0    0     0 40468 42065 1811 85 14  1  0  0 2026-10-01 08:36:05
 2  0      0 1792020  45928 859332    0    0     0     0 43974  780 85 15  0  0  0 2026-10-01 08:36:06
 2  0      0 1776172  45936 863868    0    0     0   536 42107 1600 85 12  3  0  0 2026-10-01 08:36:07
 2  0      0 1709712  45936 867864    0    0     0     0 41134  813 80 19  0  0  0 2026-10-01 08:36:08
 2  0      0 1689576  45944 870352    0    0     0    92 36286  735 87 13  0  0  0 2026-10-01 08:36:09
 2  0      0 1681356  45944 874508    0    0     0 13984 36874  824 87 13  0  0  0 2026-10-01 08:36:10
 2  0      0 1675168  45944 878848    0    0     0     0 49262  866 83 17  0  0  0 2026-10-01 08:36:11
 2  0      0 1669876  45956 883844    0    0     0   132 43972 2011 83 15  2  1  0 2026-10-01 08:36:12
 2  0      0 1664344  45956 886996    0    0     0     0 49463 4320 79 15  6  0  0 2026-10-01 08:36:13
 2  0      0 1626808  45956 890896    0    0     0     0 42105  760 83 18  0  0  0 2026-10-01 08:36:14
 2  0      0 1570876  45956 893892    0    0     0  6324 37646  935 84 16  1  0  0 2026-10-01 08:36:15
 2  0      0 1553008  45956 896524    0    0     0    12 44582  809 84 16  0  0  0 2026-10-01 08:36:16
 2  0      0 1541680  45964 900628    0    0     0    96 38186  724 86 14  0  0  0 2026-10-01 08:36:17
 2  0      0 1535408  45964 904364    0    0     0     0 59059 1869 78 21  2  0  0 2026-10-01 08:36:18
 2  0      0 1530128  45964 908872    0    0     0     0 39757 1090 85 14  1  0  0 2026-10-01 08:36:19
 2  0      0 1527608  45964 911400    0    0     0     0 51270 6596 73 15 13  0  0 2026-10-01 08:36:20
 2  0      0 1517848  45964 915720    0    0     0     0 41969  709 87 13  0  0  0 2026-10-01 08:36:21
procs -----------memory---------- ---swap-- -----io---- -system-- ------cpu----- -----timestamp-----
 r  b   swpd   free   buff  cache   si   so    bi    bo   in   cs us sy id wa st                 UTC
 2  0      0 1464844  45972 918276    0    0     0    84 49172 9085 65 21 14  0  0 2026-10-01 08:36:22
 2  0      0 1420832  45972 919928    0    0     0    64 30045  464 90 10  0  0  0 2026-10-01 08:36:23
 0  0      0 1408788  45972 922588    0    0     0     0 56686 1292 80 20  1  0  0 2026-10-01 08:36:24
 0  0      0 1408284  45972 923280    0    0   404     0 3476 3885  2  1 96  0  1 2026-10-01 08:36:25
 1  0      0 1408284  45972 920020    0    0     0  2352 49625 35488 12 20 68  0  0 2026-10-01 08:36:26
 0  0      0 1406520  45980 912756    0    0     0   104 13756 10955  4  5 91  0  0 2026-10-01 08:36:27
