procs -----------memory---------- ---swap-- -----io---- -system-- ------cpu----- -----timestamp-----
 r  b   swpd   free   buff  cache   si   so    bi    bo   in   cs us sy id wa st                 UTC
 0  0      0 31217444  17544 439376    0    0    15     2  191 1256 11  2 87  0  0 2026-10-01 08:52:04
 0  0      0 31209980  17544 439372    0    0     0     0 1913 1797  1  0 99  0  0 2026-10-01 08:52:05
 0  0      0 31206312  17544 439372    0    0     0     0 3307 2268  2  0 98  0  0 2026-10-01 08:52:06
 0  0      0 31205584  17552 439376    0    0     0  1220  331  455  0  0 100  0  0 2026-10-01 08:52:07
 0  0      0 31205584  17552 439376    0    0     0     0   87  161  0  0 100  0  0 2026-10-01 08:52:08
 4  0      0 31182400  17552 439376    0    0     0     4 23030 22139  7  1 92  0  0 2026-10-01 08:52:09
 0  0      0 31125056  17552 439376    0    0     0     0 40651 43410 11  1 88  0  0 2026-10-01 08:52:10
 0  0      0 31053628  17552 439376    0    0     0     0 46661 45307 13  2 84  0  0 2026-10-01 08:52:11
 0  0      0 30973940  17560 439568    0    0     0    52 55234 51962 18  2 80  0  0 2026-10-01 08:52:12
 1  0      0 30857768  17560 440080    0    0     0     0 61965 54542 22  3 76  0  0 2026-10-01 08:52:13
 2  0      0 30768924  17560 440752    0    0     0     0 71219 66710 25  3 72  0  0 2026-10-01 08:52:14
 1  0      0 30659380  17560 441400    0    0     0     4 71677 58563 26  3 70  0  0 2026-10-01 08:52:15
 0  0      0 30513096  17560 442160    0    0     0     0 80901 64061 30  4 66  0  0 2026-10-01 08:52:16
 0  0      0 30404584  17560 443104    0    0     0    40 83695 66460 30  4 66  0  0 2026-10-01 08:52:17
 0  0      0 30284804  17568 443928    0    0     0    16 91337 65290 36  4 60  0  0 2026-10-01 08:52:18
 4  0      0 30168916  17568 444760    0    0     0     0 92309 69870 35  4 61  0  0 2026-10-01 08:52:19
 0  0      0 29958772  17568 445456    0    0     0     0 99338 63318 41  5 54  0  0 2026-10-01 08:52:20
 0  0      0 29854416  17568 446304    0    0     0     4 98950 68642 40  5 55  0  0 2026-10-01 08:52:21
 1  0      0 29733820  17568 447168    0    0     0     0 103334 65451 42  4 54  0  0 2026-10-01 08:52:22
 0  0      0 29642292  17568 448024    0    0     0     0 106705 71647 41  6 53  0  0 2026-10-01 08:52:23
 0  0      0 29490424  17576 448704    0    0     0    12 109117 67233 43  5 52  0  0 2026-10-01 08:52:24
procs -----------memory---------- ---swap-- -----io---- -system-- ------cpu----- -----timestamp-----
 r  b   swpd   free   buff  cache   si   so    bi    bo   in   cs us sy id wa st                 UTC
 0  0      0 29410348  17576 449376    0    0     0     0 109028 61096 46  5 48  0  0 2026-10-01 08:52:25
 0  0      0 29186628  17576 450256    0    0     0     0 110324 62710 46  6 48  0  0 2026-10-01 08:52:26
 0  0      0 29096188  17576 450840    0    0     0     4 117605 63895 51  5 44  0  0 2026-10-01 08:52:27
 0  0      0 28972204  17576 451680    0    0     0     0 117357 67567 43  6 51  0  0 2026-10-01 08:52:28
 0  0      0 28836308  17576 452264    0    0     0     0 113476 57026 50  6 44  0  0 2026-10-01 08:52:29
 0  0      0 28753908  17584 452960    0    0     0    12 112629 55937 52  6 42  0  0 2026-10-01 08:52:30
16  0      0 28570856  17584 453472    0    0     0     0 121196 65017 43  6 51  0  0 2026-10-01 08:52:31
 0  0      0 28451940  17584 454248    0    0     0     0 121973 59844 48  6 46  0  0 2026-10-01 08:52:32
14  0      0 28447376  17584 454824    0    0     0     8 115036 65238 51  6 44  0  0 2026-10-01 08:52:33
 2  0      0 28191996  17584 455344    0    0     0     0 124335 53856 55  7 39  0  0 2026-10-01 08:52:34
 0  0      0 28185304  17584 456256    0    0     0     0 109615 54152 52  6 42  0  0 2026-10-01 08:52:35
 0  0      0 28181504  17592 456488    0    0     0    12 120039 70555 38  6 56  0  0 2026-10-01 08:52:36
 6  0      0 27985560  17592 456952    0    0     0     0 127450 49687 52  7 41  0  0 2026-10-01 08:52:37
11  0      0 27962440  17592 457544    0    0     0     0 115662 51869 54  5 40  0  0 2026-10-01 08:52:38
16  0      0 27900396  17592 457960    0    0     0     4 125198 66604 41  5 53  0  0 2026-10-01 08:52:39
 2  0      0 27780360  17592 458252    0    0     0     0 134481 67774 46  7 48  0  0 2026-10-01 08:52:40
 5  0      0 27773532  17592 458956    0    0     0     0 115411 51594 54  5 40  0  0 2026-10-01 08:52:41
 2  0      0 27638516  17600 459356    0    0     0    12 123946 52079 56  7 37  0  0 2026-10-01 08:52:42
 1  0      0 27630116  17600 459932    0    0     0     0 126015 74166 35  6 60  0  0 2026-10-01 08:52:43
 0  0      0 27527720  17600 460036    0    0     0     0 125906 53586 55  6 39  0  0 2026-10-01 08:52:44
 1  0      0 27485076  17600 460516    0    0     0     8 118841 52521 52  6 42  0  0 2026-10-01 08:52:45
procs -----------memory---------- ---swap-- -----io---- -system-- ------cpu----- -----timestamp-----
 r  b   swpd   free   buff  cache   si   so    bi    bo   in   cs us sy id wa st                 UTC
 8  0      0 27482556  17600 460996    0    0     0     0 120353 72385 30  6 64  0  0 2026-10-01 08:52:46
 0  0      0 27407824  17600 461060    0    0     0     0 121625 56204 49  6 44  0  0 2026-10-01 08:52:47
16  0      0 27357508  17608 461332    0    0     0    36 120634 58715 49  6 45  0  0 2026-10-01 08:52:48
 8  0      0 27264412  17608 462156    0    0     0     0 133296 66436 43  7 50  0  0 2026-10-01 08:52:49
 4  0      0 27150956  17608 462332    0    0     0     0 126611 53569 55  6 39  0  0 2026-10-01 08:52:50
 2  0      0 27145304  17608 462508    0    0     0     4 123326 71247 36  5 59  0  0 2026-10-01 08:52:51
 3  0      0 27023592  17608 463092    0    0     0     0 132372 61689 49  7 44  0  0 2026-10-01 08:52:52
16  0      0 26972492  17608 463092    0    0     0     0 119152 56061 51  5 44  0  0 2026-10-01 08:52:53
 0  0      0 26879084  17616 463844    0    0     0    12 134130 64483 44  6 50  0  0 2026-10-01 08:52:54
 1  0      0 26855148  17616 464132    0    0     0     0 117743 54917 54  6 39  0  0 2026-10-01 08:52:55
 0  0      0 26852628  17616 464460    0    0     0     0 128215 77193 33  6 62  0  0 2026-10-01 08:52:56
 5  0      0 26725680  17616 464548    0    0     0     4 125966 48515 56  6 37  0  0 2026-10-01 08:52:57
 1  0      0 26722292  17616 465036    0    0     0     0 123050 69729 35  6 59  0  0 2026-10-01 08:52:58
 0  0      0 26673492  17616 465348    0    0     0     0 120002 53301 55  6 39  0  0 2026-10-01 08:52:59
16  0      0 26670788  17624 465676    0    0     0    12 123491 71521 35  6 59  0  0 2026-10-01 08:53:00
 1  0      0 26566768  17624 465748    0    0     0     0 126858 52219 52  7 41  0  0 2026-10-01 08:53:01
16  0      0 26563804  17624 466292    0    0     0     0 116151 62574 43  6 51  0  0 2026-10-01 08:53:02
 0  0      0 26464268  17624 466408    0    0     0     4 141649 74894 42  7 52  0  0 2026-10-01 08:53:03
16  0      0 26307256  17624 466728    0    0     0     0 133707 49507 61  6 33  0  0 2026-10-01 08:53:04
 0  0      0 26299948  17624 466984    0    0     0     0 135044 81941 35  6 59  0  0 2026-10-01 08:53:05
 7  0      0 26205760  17632 467192    0    0     0    32 131426 53682 61  7 32  0  0 2026-10-01 08:53:06
procs -----------memory---------- ---swap-- -----io---- -system-- ------cpu----- -----timestamp-----
 r  b   swpd   free   buff  cache   si   so    bi    bo   in   cs us sy id wa st                 UTC
 0  0      0 26198256  17632 467672    0    0     0   176 134073 84226 34  6 60  0  0 2026-10-01 08:53:07
 1  0      0 26015476  17632 468232    0    0     0     0 135505 48700 62  8 31  0  0 2026-10-01 08:53:08
 0  0      0 26012956  17632 468288    0    0     0     4 119910 88318 25  6 69  0  0 2026-10-01 08:53:09
 1  0      0 31081720  17632 468288    0    0     0     0 27632 3429  0  3 97  0  0 2026-10-01 08:53:10
 0  0      0 31228216  17632 439848    0    0     0     0 64717  573  0  3 97  0  0 2026-10-01 08:53:11
 0  0      0 31227964  17640 439848    0    0     0    32 6062  178  0  0 100  0  0 2026-10-01 08:53:12
 0  0      0 31227964  17640 439848    0    0     0     0   67  119  0  0 100  0  0 2026-10-01 08:53:13
 1  0      0 31195252  17640 439856    0    0     0     0  762  697  1  0 98  0  0 2026-10-01 08:53:14
