procs -----------memory---------- ---swap-- -----io---- -system-- ------cpu----- -----timestamp-----
 r  b   swpd   free   buff  cache   si   so    bi    bo   in   cs us sy id wa st                 UTC
 1  0      0 2036784  64956 1498436    0    0    91   318 1695  718  7  1 92  0  0 2026-10-01 08:52:04
 3  1      0 2311816  65432 1182916    0    0     0 17096 3407 6191 29  7 58  7  0 2026-10-01 08:52:05
 0  0      0 2274800  66136 1184812    0    0     0 13052 3176 6267 19  2 65 15  0 2026-10-01 08:52:06
 0  0      0 2274800  66136 1184812    0    0     0     0   26   39  0  0 100  0  0 2026-10-01 08:52:07
 0  0      0 2274800  66136 1184812    0    0     0   412   54   66  0  0 100  0  0 2026-10-01 08:52:08
 0  0      0 2252372  66228 1186964    0    0     0   976 7581 8052 14  4 79  3  0 2026-10-01 08:52:09
 0  0      0 2219652  66348 1190676    0    0     0  1600 9715 8874 17  6 70  7  0 2026-10-01 08:52:10
 0  0      0 2206576  66460 1193972    0    0     0  1056 11082 10217 23  3 70  4  0 2026-10-01 08:52:11
 1  0      0 2178204  66628 1199096    0    0     0  1444 16320 14603 34  5 57  5  0 2026-10-01 08:52:12
 1  1      0 2132956  66816 1204252    0    0     0  1272 20200 19064 38  7 52  4  0 2026-10-01 08:52:13
 4  0      0 2103832  66904 1209520    0    0     0   828 19810 16419 40  9 49  3  0 2026-10-01 08:52:14
 3  0      0 2088824  67000 1215064    0    0     0   792 22245 19899 40  9 48  2  0 2026-10-01 08:52:15
 0  0      0 2040324  67108 1221456    0    0     0   920 25199 20740 44 12 42  3  0 2026-10-01 08:52:16
 3  0      0 1971136  67196 1228412    0    0     0   940 26491 18366 50 11 37  2  0 2026-10-01 08:52:17
 6  0      0 1940532  67268 1235088    0    0     0   696 26120 15870 56 10 32  3  0 2026-10-01 08:52:18
 4  0      0 1924752  67296 1242144    0    0     0   216 30569 21181 59  8 33  1  0 2026-10-01 08:52:19
 1  0      0 1886572  67388 1249376    0    0     0  1024 31145 21763 58 11 28  2  0 2026-10-01 08:52:20
 4  0      0 1810064  67408 1256880    0    0     0   296 30928 16484 58 13 28  1  0 2026-10-01 08:52:21
 3  0      0 1731788  67448 1264296    0    0     0   400 33015 19152 62 14 24  0  0 2026-10-01 08:52:22
 5  0      0 1707480  67476 1272016    0    0     0   364 29581 9449 72 13 14  1  0 2026-10-01 08:52:23
 5  0      0 1697272  67528 1279504    0    0     0   380 36737 23082 66 13 21  0  0 2026-10-01 08:52:24
procs -----------memory---------- ---swap-- -----io---- -system-- ------cpu----- -----timestamp-----
 r  b   swpd   free   buff  cache   si   so    bi    bo   in   cs us sy id wa st                 UTC
 2  0      0 1674940  67540 1287604    0    0     0   232 34266 18065 66 13 21  1  0 2026-10-01 08:52:25
 8  0      0 1618112  67580 1295972    0    0     0   388 33645 10872 69 15 14  1  0 2026-10-01 08:52:26
 3  0      0 1532556  67580 1303656    0    0     0    12 37145 15690 64 18 18  0  0 2026-10-01 08:52:27
 4  0      0 1449756  67580 1310700    0    0     0    16 35050 11356 72 16 13  0  0 2026-10-01 08:52:28
 3  0      0 1434536  67580 1318376    0    0     0  1108 35134 9917 78 13 10  0  0 2026-10-01 08:52:29
 4  0      0 1424060  67588 1326472    0    0     0   152 36581 9377 73 15 13  0  0 2026-10-01 08:52:30
 3  0      0 1413560  67588 1333436    0    0     0 60008 37472 15218 66 13 20  2  0 2026-10-01 08:52:31
11  0      0 1388792  67616 1341744    0    0     0   280 38943 9871 75 13 10  1  1 2026-10-01 08:52:32
 5  0      0 1332636  67636 1348876    0    0     0   268 38568 13265 71 15 14  0  0 2026-10-01 08:52:33
 3  0      0 1248536  67660 1355640    0    0     0   376 41847 16727 70 15 14  1  0 2026-10-01 08:52:34
 7  0      0 1150152  67660 1363624    0    0     0     4 40143 5561 76 16  8  0  0 2026-10-01 08:52:35
 3  0      0 1111180  67660 1367700    0    0     0 102156 35628 8475 77 13 10  0  0 2026-10-01 08:52:36
 3  0      0 1099696  67660 1375464    0    0     0     0 43684 11707 73 15 12  0  0 2026-10-01 08:52:37
 5  0      0 1089880  67660 1381596    0    0     0     0 44208 12393 70 14 16  0  0 2026-10-01 08:52:38
 3  0      0 1082600  67668 1388184    0    0     0   152 44084 12888 71 15 14  0  0 2026-10-01 08:52:39
 3  0      0 1075316  67668 1394076    0    0     0   176 47803 16921 66 17 16  0  0 2026-10-01 08:52:40
 1  0      0 1064228  67668 1400148    0    0     0     0 46226 13471 65 17 18  0  0 2026-10-01 08:52:41
 9  0      0 1034268  67668 1406644    0    0     0  2680 50044 16975 65 17 17  0  0 2026-10-01 08:52:42
 2  0      0 955932  67672 1411832    0    0     0    88 45244 10234 69 19 12  0  0 2026-10-01 08:52:43
 3  0      0 878344  67672 1417548    0    0     0     0 48766 12033 65 22 12  0  0 2026-10-01 08:52:44
 0  0      0 800728  67672 1423016    0    0     0    16 48506 12677 61 22 17  0  0 2026-10-01 08:52:45
procs -----------memory---------- ---swap-- -----io---- -system-- ------cpu----- -----timestamp-----
 r  b   swpd   free   buff  cache   si   so    bi    bo   in   cs us sy id wa st                 UTC
 2  0      0 728672  67672 1426560    0    0     0     0 48030 16815 59 18 23  0  0 2026-10-01 08:52:46
 0  0      0 706084  67672 1430012    0    0     0     0 41340 1431 84 13  3  0  0 2026-10-01 08:52:47
 2  0      0 701056  67676 1434364    0    0     0   108 44785 15890 61 18 20  0  0 2026-10-01 08:52:48
 3  0      0 692852  67676 1440788    0    0     0     0 55535 7004 75 19  7  0  0 2026-10-01 08:52:49
 3  0      0 688412  67676 1444032    0    0     0     0 50111 22923 54 18 29  0  0 2026-10-01 08:52:50
 1  1      0 681384  67680 1449128    0    0     0   240 49024 13570 66 17 17  0  0 2026-10-01 08:52:51
 0  0      0 674424  67696 1454540    0    0     0    88 52447 15500 62 20 18  0  0 2026-10-01 08:52:52
 2  0      0 669648  67696 1458248    0    0     0     0 51371 18998 62 17 21  0  0 2026-10-01 08:52:53
 8  0      0 664860  67696 1462652    0    0     0     0 49466 21960 57 16 27  0  0 2026-10-01 08:52:54
 2  0      0 658824  67696 1467908    0    0     0     0 51814 6649 74 16 10  0  0 2026-10-01 08:52:55
 2  0      0 620016  67696 1470948    0    0     0     0 50230 24414 46 21 33  0  0 2026-10-01 08:52:56
 7  0      0 556272  67700 1474508    0    0     0   108 52386 17072 57 20 23  0  0 2026-10-01 08:52:57
 3  0      0 498060  67700 1477848    0    0     0     0 50213 21143 54 20 26  0  0 2026-10-01 08:52:58
 4  0      0 422212  67700 1482044    0    0     0     0 50224 11444 66 19 15  0  0 2026-10-01 08:52:59
 5  0      0 368536  67700 1485288    0    0     0     0 51485 24184 45 21 34  0  0 2026-10-01 08:53:00
 2  0      0 305548  67700 1487996    0    0     0     0 45851 13381 68 16 16  0  0 2026-10-01 08:53:01
 2  0      0 280072  67704 1490940    0    0     0 22864 45554  914 81 19  0  0  0 2026-10-01 08:53:02
 4  0      0 277580  67704 1493004    0    0     0     8 57339 38376 43 21 35  0  0 2026-10-01 08:53:03
 2  0      0 272820  67704 1497356    0    0     0     0 50521 10148 73 17 10  0  0 2026-10-01 08:53:04
 2  0      0 268536  67704 1501248    0    0     0     0 59032 27101 54 21 25  0  1 2026-10-01 08:53:05
 2  0      0 263748  67712 1504764    0    0     0   264 56889 21817 58 20 22  1  0 2026-10-01 08:53:06
procs -----------memory---------- ---swap-- -----io---- -system-- ------cpu----- -----timestamp-----
 r  b   swpd   free   buff  cache   si   so    bi    bo   in   cs us sy id wa st                 UTC
 9  0      0 258300  67712 1508868    0    0     0 81768 53388 18026 64 19 17  0  0 2026-10-01 08:53:07
 2  0      0 252532  67712 1513908    0    0     0    56 53439 7587 76 17  7  0  0 2026-10-01 08:53:08
 0  0      0 249508  67712 1516804    0    0     0     8 47250 29680 42 15 44  0  0 2026-10-01 08:53:09
 3  0      0 249508  67712 1516804    0    0     0     0 5463 3928  2  2 96  0  0 2026-10-01 08:53:10
 0  0      0 249508  67712 1511940    0    0     0   172 59819 48505 16 22 62  0  0 2026-10-01 08:53:11
 1  0      0 223300  67712 1504644    0    0     0 40284 9468 8049 11  5 80  3  0 2026-10-01 08:53:12
