procs -----------memory---------- ---swap-- -----io---- -system-- ------cpu----- -----timestamp-----
 r  b   swpd   free   buff  cache   si   so    bi    bo   in   cs us sy id wa st                 UTC
 1  0      0 2092108  62156 1461444    0    0    91   334 1702  657  7  2 92  0  0 2026-10-01 08:52:04
 3  1      0 2375076  62616 1136172    0    0   424 16592 3684 6569 29  6 56  8  0 2026-10-01 08:52:05
 0  0      0 2336016  63212 1138852    0    0    84 14464 5157 8839 22  3 58 17  0 2026-10-01 08:52:06
 0  0      0 2336016  63212 1138852    0    0     0     0   37   50  0  0 100  0  0 2026-10-01 08:52:07
 0  0      0 2336016  63212 1138852    0    0     0     0   29   35  0  0 100  0  0 2026-10-01 08:52:08
 0  0      0 2308100  63340 1141024    0    0     0  1080 9127 9183 16  5 76  4  0 2026-10-01 08:52:09
 0  0      0 2284716  63520 1144412    0    0     0  1700 18932 21736 25  8 61  6  0 2026-10-01 08:52:10
 5  0      0 2240208  63728 1149860    0    0     0  1920 23889 23609 40  7 47  7  0 2026-10-01 08:52:11
 3  0      0 2190264  63844 1154076    0    0     0  1072 23340 23865 32  9 56  4  0 2026-10-01 08:52:12
 0  0      0 2176072  63916 1160004    0    0     0  1116 26528 24519 46  9 42  3  0 2026-10-01 08:52:13
 0  0      0 2139108  64060 1165464    0    0     0  1252 27161 25987 45 10 42  2  0 2026-10-01 08:52:14
 2  0      0 2073752  64164 1172324    0    0     0   836 28702 21693 56 14 28  2  0 2026-10-01 08:52:15
 8  0      0 2063516  64236 1178516    0    0     0   828 29919 25038 53  9 37  2  0 2026-10-01 08:52:16
 5  0      0 2028148  64292 1185532    0    0     0   676 30631 22873 57 12 29  2  0 2026-10-01 08:52:17
 5  0      0 1951920  64360 1192984    0    0     0   864 33629 24565 58 15 25  2  0 2026-10-01 08:52:18
 0  0      0 1880208  64424 1200248    0    0     0   708 30120 15315 70 13 17  1  1 2026-10-01 08:52:19
 2  0      0 1869248  64456 1207728    0    0     0   396 34458 23017 62 13 24  1  0 2026-10-01 08:52:20
 3  0      0 1850656  64532 1215660    0    0     0   748 33402 19058 64 14 20  2  0 2026-10-01 08:52:21
 2  0      0 1800392  64584 1223600    0    0     0   640 35333 18430 66 15 18  1  0 2026-10-01 08:52:22
 7  0      0 1708060  64600 1232096    0    0     0   236 35241 13976 69 17 13  0  0 2026-10-01 08:52:23
 2  0      0 1636588  64652 1238996    0    0     0   496 32010 9806 73 15 11  1  0 2026-10-01 08:52:24
procs -----------memory---------- ---swap-- -----io---- -system-- ------cpu----- -----timestamp-----
 r  b   swpd   free   buff  cache   si   so    bi    bo   in   cs us sy id wa st                 UTC
 2  0      0 1624180  64652 1248292    0    0     0     0 34174 8298 80 13  8  0  0 2026-10-01 08:52:25
 5  0      0 1616372  64692 1254780    0    0     0   432 35572 18684 60 13 26  1  0 2026-10-01 08:52:26
 3  0      0 1588380  64692 1264768    0    0     0     0 36372 4712 82 16  2  0  0 2026-10-01 08:52:27
 5  0      0 1540616  64720 1271452    0    0     0   500 39250 19280 65 15 19  1  0 2026-10-01 08:52:28
 3  0      0 1440416  64736 1279868    0    0     0   288 36731 7962 75 18  7  0  0 2026-10-01 08:52:29
 3  0      0 1349012  64736 1287848    0    0     0     8 36347 5967 72 19  9  0  0 2026-10-01 08:52:30
 3  0      0 1328712  64736 1293956    0    0     0  1236 33189 2308 85 12  4  0  0 2026-10-01 08:52:31
 3  0      0 1316852  64736 1303148    0    0     0     0 37832 1481 83 14  3  0  0 2026-10-01 08:52:32
 3  0      0 1306784  64748 1310128    0    0     0   484 40596 11354 70 14 15  1  0 2026-10-01 08:52:33
 4  0      0 1294708  64748 1318164    0    0     0     0 38864 6740 79 12  8  0  0 2026-10-01 08:52:34
 6  0      0 1273396  64748 1324580    0    0     0     0 40296 14628 70 16 14  0  0 2026-10-01 08:52:35
 3  0      0 1187700  64748 1331972    0    0     0 87788 40238 3884 73 22  5  0  0 2026-10-01 08:52:36
11  0      0 1103208  64752 1338232    0    0     0   220 42095 9416 68 19 13  0  0 2026-10-01 08:52:37
 3  0      0 1009728  64752 1345676    0    0     0     0 45122 5857 74 19  7  0  0 2026-10-01 08:52:38
 3  0      0 962112  64752 1349508    0    0     0     0 37947 2415 81 17  3  0  1 2026-10-01 08:52:39
 4  0      0 954300  64752 1356192    0    0     0     0 46231 9199 70 19 11  0  0 2026-10-01 08:52:40
 4  0      0 945268  64752 1363876    0    0     0 114340 49113 8160 74 21  4  1  0 2026-10-01 08:52:41
 3  0      0 939484  64752 1368944    0    0     0    16 49618 19108 58 17 24  0  0 2026-10-01 08:52:42
 3  0      0 931292  64752 1374492    0    0     0   100 47992 9738 72 18 11  0  0 2026-10-01 08:52:43
 3  0      0 923900  64752 1380264    0    0     0   144 48742 8542 73 17 10  0  0 2026-10-01 08:52:44
 7  0      0 916256  64768 1385952    0    0     0   224 50456 13827 64 18 17  1  0 2026-10-01 08:52:45
procs -----------memory---------- ---swap-- -----io---- -system-- ------cpu----- -----timestamp-----
 r  b   swpd   free   buff  cache   si   so    bi    bo   in   cs us sy id wa st                 UTC
 6  0      0 900404  64768 1390128    0    0     0     0 49415 13740 64 17 19  0  0 2026-10-01 08:52:46
 2  0      0 819764  64768 1395716    0    0     0     0 47557 4651 73 19  8  0  0 2026-10-01 08:52:47
 3  0      0 752480  64768 1400096    0    0     0     8 52345 14611 66 17 17  0  0 2026-10-01 08:52:48
 4  0      0 668764  64768 1405652    0    0     0     0 48175 9083 66 20 13  0  0 2026-10-01 08:52:49
 3  0      0 583908  64768 1410928    0    0     0   100 53099 11003 68 21 11  0  0 2026-10-01 08:52:50
 2  0      0 533920  64768 1413108    0    0     0     0 39360 10318 77 11 12  0  0 2026-10-01 08:52:51
 2  0      0 494224  64768 1416476    0    0     0     0 53043 4240 77 18  5  0  0 2026-10-01 08:52:52
 2  0      0 488552  64768 1420628    0    0     0     0 44596 19107 58 16 25  0  0 2026-10-01 08:52:53
 0  0      0 480136  64768 1426316    0    0     0    76 57211 3908 73 23  4  0  0 2026-10-01 08:52:54
 2  0      0 477392  64772 1428808    0    0     0    96 51318 29813 44 17 40  0  0 2026-10-01 08:52:55
 3  0      0 472884  64772 1432692    0    0     0     0 57187 15601 62 22 16  0  0 2026-10-01 08:52:56
 8  0      0 469104  64772 1436072    0    0     0     0 50215 24623 53 16 31  0  0 2026-10-01 08:52:57
 0  0      0 462408  64772 1441360    0    0     0     0 50586 2651 79 20  1  0  0 2026-10-01 08:52:58
 0  0      0 459636  64772 1443824    0    0     0     0 51530 27662 41 17 41  0  0 2026-10-01 08:52:59
 9  0      0 456108  64776 1446776    0    0     0   124 53954 15403 62 17 21  0  1 2026-10-01 08:53:00
 0  0      0 452580  64776 1450292    0    0     0     0 51829 21192 55 17 28  0  0 2026-10-01 08:53:01
 2  0      0 445816  64776 1454996    0    0     0     0 48145 3211 78 16  6  0  0 2026-10-01 08:53:02
 6  0      0 408520  64776 1458524    0    0     0     0 61313 27887 49 24 27  0  0 2026-10-01 08:53:03
 2  0      0 342256  64776 1461752    0    0     0     0 53538 18479 65 19 16  0  0 2026-10-01 08:53:04
 2  0      0 274468  64776 1465584    0    0     0   172 55629 16462 57 25 18  0  0 2026-10-01 08:53:05
 2  0      0 204188  64776 1469516    0    0     0     8 54963 17558 59 23 18  0  0 2026-10-01 08:53:06
procs -----------memory---------- ---swap-- -----io---- -system-- ------cpu----- -----timestamp-----
 r  b   swpd   free   buff  cache   si   so    bi    bo   in   cs us sy id wa st                 UTC
 0  0      0 119092  64776 1474376    0    0     0 32764 56048 7164 70 24  6  0  0 2026-10-01 08:53:07
 0  0      0 109012  64056 1443188    0    0    12     0 56479 24190 51 23 26  0  0 2026-10-01 08:53:08
 1  1      0 107648  63116 1405384    0    0   232   152 32570 3892 85 13  2  0  0 2026-10-01 08:53:09
 3  0      0 105632  63120 1406840    0    0    24    16 8360 9481 17  5 78  0  0 2026-10-01 08:53:10
 2  0      0 105632  63120 1400760    0    0     0     0 63312 48884 16 23 61  0  0 2026-10-01 08:53:11
 0  0      0 105632  63128 1394364    0    0     8 66464 8675 7887  2  4 88  7  0 2026-10-01 08:53:12
 0  0      0 133224  63324 1395540    0    0  1844     4  633  967 12  4 81  3  0 2026-10-01 08:53:13
