procs -----------memory---------- ---swap-- -----io---- -system-- ------cpu----- -----timestamp-----
 r  b   swpd   free   buff  cache   si   so    bi    bo   in   cs us sy id wa st                 UTC
 1  0      0 2448208  27300 588184    0    0   140   319 3997 1175  6  5 88  0  0 2026-10-01 08:52:04
 3  0      0 2412712  28076 584588    0    0 11640 16468 3661 6597 27  8 53 12  0 2026-10-01 08:52:05
 0  0      0 2368416  29304 586832    0    0     0 15440 6573 10256 26  5 55 14  1 2026-10-01 08:52:06
 0  0      0 2368416  29320 586816    0    0     0   128  269  464  0  0 99  0  0 2026-10-01 08:52:07
 0  0      0 2368164  29336 586880    0    0     0   160  262  430  0  0 100  0  0 2026-10-01 08:52:08
 4  0      0 2358504  29440 587188    0    0     0  3404 17443 10445  4  6 86  4  0 2026-10-01 08:52:09
 6  0      0 2322072  29736 590564    0    0     0  1464 32967 21734 22 16 58  4  0 2026-10-01 08:52:10
 0  0      0 2290256  29904 593180    0    0     0  1100 40653 25353 19 16 62  3  0 2026-10-01 08:52:11
 0  0      0 2237660  30192 597792    0    0     0  1556 49507 31573 38 25 34  2  0 2026-10-01 08:52:12
 1  0      0 2208500  30388 601448    0    0    72  1112 55265 32781 28 25 46  1  0 2026-10-01 08:52:13
 1  0      0 2162040  30572 606988    0    0     0  1304 61311 38021 41 35 24  1  0 2026-10-01 08:52:14
 1  1      0 2107200  30696 611400    0    0     0   964 63330 34155 35 32 33  1  0 2026-10-01 08:52:15
 9  0      0 2040036  30868 617204    0    0     0  1048 71286 39472 53 35 12  1  0 2026-10-01 08:52:16
 3  0      0 1992800  30936 622152    0    0     0   616 74492 38386 46 41 14  0  0 2026-10-01 08:52:17
 8  0      0 1957624  31048 627672    0    0     0   764 78191 38049 49 44  7  1  0 2026-10-01 08:52:18
 5  0      0 1917880  31188 633264    0    0     0   892 80666 37718 45 46  8  1  0 2026-10-01 08:52:19
 8  0      0 1854124  31276 638984    0    0     0   656 79835 31743 51 48  2  0  0 2026-10-01 08:52:20
 5  0      0 1783036  31404 644784    0    0     0   816 84006 29444 55 44  1  0  0 2026-10-01 08:52:21
 3  0      0 1717224  31476 650160    0    0     0   640 83942 28044 52 47  0  0  0 2026-10-01 08:52:22
 3  0      0 1672400  31628 654520    0    0     0  1476 86033 29426 49 50  0  0  0 2026-10-01 08:52:23
 4  0      0 1636688  31696 659376    0    0     0  1196 85751 28329 49 51  0  0  0 2026-10-01 08:52:24
procs -----------memory---------- ---swap-- -----io---- -system-- ------cpu----- -----timestamp-----
 r  b   swpd   free   buff  cache   si   so    bi    bo   in   cs us sy id wa st                 UTC
 6  0      0 1601356  31828 664700    0    0     0  1512 83593 15570 52 48  0  0  0 2026-10-01 08:52:25
 6  0      0 1572884  31960 669696    0    0     4 47164 84347 17057 48 52  0  0  0 2026-10-01 08:52:26
 4  0      0 1539160  32072 673848    0    0     0  1284 90674 21407 44 56  0  0  0 2026-10-01 08:52:27
 5  0      0 1494912  32176 678280    0    0     0  1324 88472 19267 47 53  0  0  0 2026-10-01 08:52:28
 5  0      0 1434220  32284 682800    0    0     0  1304 88947 11751 46 54  0  0  0 2026-10-01 08:52:29
 3  0      0 1376736  32384 687120    0    0     0  1216 86580 10370 45 55  0  0  0 2026-10-01 08:52:30
 5  0      0 1327728  32416 690688    0    0     0 11156 87679 12547 48 52  0  0  0 2026-10-01 08:52:31
 4  0      0 1270500  32448 693704    0    0     0   968 90505 8107 46 55  0  0  0 2026-10-01 08:52:32
 5  0      0 1245588  32524 696708    0    0     0  1280 89057 9536 45 54  0  0  0 2026-10-01 08:52:33
 5  0      0 1216792  32568 701096    0    0     0   960 89508 9141 46 54  0  0  0 2026-10-01 08:52:34
 7  0      0 1187172  32604 704532    0    0     0   904 87750 5335 41 59  0  0  0 2026-10-01 08:52:35
 5  0      0 1169316  32644 707904    0    0     0  1324 87306 8401 45 55  0  0  0 2026-10-01 08:52:36
 6  0      0 1144108  32696 711424    0    0     0  1144 88158 5805 44 56  0  0  0 2026-10-01 08:52:37
 5  0      0 1119600  32732 714488    0    0     0  1112 89170 4856 40 59  0  0  0 2026-10-01 08:52:38
 5  0      0 1095296  32764 717188    0    0     0  1024 89628 5679 42 59  0  0  0 2026-10-01 08:52:39
 5  0      0 1065604  32812 720200    0    0     0  1096 90983 5575 40 60  0  0  0 2026-10-01 08:52:40
 5  0      0 1045492  32856 723404    0    0     0   956 89613 4715 39 61  0  0  0 2026-10-01 08:52:41
 5  0      0 1008244  32908 726376    0    0     0   852 87983 4353 41 59  0  0  0 2026-10-01 08:52:42
 5  0      0 962792  32964 729200    0    0     0   876 87520 6127 38 62  0  0  0 2026-10-01 08:52:43
 5  0      0 926540  33004 731564    0    0     0   808 90169 4220 39 61  0  0  0 2026-10-01 08:52:44
 5  0      0 885584  33040 734676    0    0     0   804 86483 3956 38 62  0  0  0 2026-10-01 08:52:45
procs -----------memory---------- ---swap-- -----io---- -system-- ------cpu----- -----timestamp-----
 r  b   swpd   free   buff  cache   si   so    bi    bo   in   cs us sy id wa st                 UTC
 5  0      0 839460  33076 736448    0    0     8 27104 86044 4730 42 58  0  0  0 2026-10-01 08:52:46
 7  0      0 810156  33116 738064    0    0     0   660 88773 5744 38 62  0  0  0 2026-10-01 08:52:47
 7  0      0 796344  33160 740600    0    0     0   684 87481 3908 41 59  0  0  0 2026-10-01 08:52:48
 7  0      0 778740  33204 742896    0    0     0   636 90375 5214 39 61  0  0  0 2026-10-01 08:52:49
 6  0      0 763656  33252 745736    0    0     0   600 86382 3810 37 63  0  0  0 2026-10-01 08:52:50
 5  0      0 745828  33288 748492    0    0     8 20396 87613 4638 39 61  0  0  0 2026-10-01 08:52:51
 7  0      0 722676  33324 750500    0    0     0   556 90646 3998 37 63  0  0  0 2026-10-01 08:52:52
 7  0      0 706344  33336 753580    0    0     0   528 87103 3728 42 59  0  0  0 2026-10-01 08:52:53
 9  0      0 680612  33364 756024    0    0     0   484 89452 4130 38 61  0  0  0 2026-10-01 08:52:54
 6  0      0 665740  33396 757972    0    0     0   460 85928 3924 37 64  0  0  0 2026-10-01 08:52:55
 8  0      0 653656  33424 760516    0    0     0   612 85821 4143 38 63  0  0  0 2026-10-01 08:52:56
 5  0      0 641092  33444 762916    0    0     0   408 84754 3353 42 59  0  0  0 2026-10-01 08:52:57
 5  0      0 624748  33460 765360    0    0     0   340 86901 3905 40 61  0  0  0 2026-10-01 08:52:58
 5  0      0 607580  33488 767720    0    0     0   328 85871 3478 40 60  0  0  0 2026-10-01 08:52:59
 7  0      0 574340  33508 769968    0    0     0   360 84647 3916 38 63  0  0  0 2026-10-01 08:53:00
 7  0      0 540400  33524 772164    0    0     0   324 85377 3546 41 60  0  0  0 2026-10-01 08:53:01
15  0      0 485484  33536 774416    0    0     0   436 90037 4543 39 61  0  0  0 2026-10-01 08:53:02
 5  0      0 475732  33552 775788    0    0     0   336 95666 4234 37 63  0  0  0 2026-10-01 08:53:03
 7  0      0 430000  33584 778452    0    0     0   312 95667 3865 35 65  0  0  0 2026-10-01 08:53:04
 7  0      0 377244  33600 779984    0    0     0   332 93889 3689 34 66  0  0  0 2026-10-01 08:53:05
 4  0      0 355312  33616 781084    0    0     0   372 96087 2870 37 63  0  0  0 2026-10-01 08:53:06
procs -----------memory---------- ---swap-- -----io---- -system-- ------cpu----- -----timestamp-----
 r  b   swpd   free   buff  cache   si   so    bi    bo   in   cs us sy id wa st                 UTC
 4  0      0 339384  33640 782536    0    0     0   368 96353 4095 39 61  0  0  0 2026-10-01 08:53:07
 5  0      0 307748  33660 784464    0    0   240   400 94412 3530 36 64  0  0  0 2026-10-01 08:53:08
 0  0      0 363724  33680 786888    0    0   224   456 79743 5495 38 56  5  0  0 2026-10-01 08:53:09
 4  0      0 354040  33688 786472    0    0     0   384 11509 3828  3 10 87  1  0 2026-10-01 08:53:10
 4  0      0 453208  33708 761400    0    0  7340   400 83053 23092 27 73  0  0  0 2026-10-01 08:53:11
