+-------+--------+-------------------------------------------+-------+-------+-------+-------+-------+------+-----+-----+-----+
| COUNT | METHOD |                    URI                    |  MIN  |  AVG  |  MAX  |  SUM  |  P99  | 2XX  | 3XX | 4XX | 5XX |
+-------+--------+-------------------------------------------+-------+-------+-------+-------+-------+------+-----+-----+-----+
| 1229  | GET    | ^/api/player/competition/[^/]+/ranking    | 0.000 | 0.002 | 0.028 | 2.828 | 0.016 | 1226 | 0   | 3   | 0   |
| 483   | GET    | /api/player/competitions                  | 0.000 | 0.003 | 0.024 | 1.432 | 0.016 | 481  | 0   | 2   | 0   |
| 57    | POST   | /api/organizer/players/add                | 0.004 | 0.021 | 0.044 | 1.176 | 0.044 | 57   | 0   | 0   | 0   |
| 1     | POST   | /initialize                               | 1.108 | 1.108 | 1.108 | 1.108 | 1.108 | 1    | 0   | 0   | 0   |
| 693   | GET    | /api/admin/tenants/billing?before=xxx     | 0.000 | 0.001 | 0.024 | 0.856 | 0.012 | 693  | 0   | 0   | 0   |
| 776   | GET    | ^/api/player/player/[^/]+                 | 0.000 | 0.001 | 0.024 | 0.832 | 0.012 | 774  | 0   | 2   | 0   |
| 103   | POST   | ^/api/organizer/competition/[^/]+/score   | 0.000 | 0.002 | 0.016 | 0.240 | 0.016 | 98   | 0   | 5   | 0   |
| 96    | POST   | /api/organizer/competitions/add           | 0.000 | 0.002 | 0.024 | 0.160 | 0.024 | 95   | 0   | 1   | 0   |
| 91    | GET    | /api/organizer/players                    | 0.000 | 0.002 | 0.012 | 0.144 | 0.012 | 91   | 0   | 0   | 0   |
| 41    | POST   | ^/api/organizer/competition/[^/]+/finish  | 0.000 | 0.003 | 0.024 | 0.120 | 0.024 | 40   | 0   | 1   | 0   |
| 51    | GET    | /api/admin/tenants/billing                | 0.000 | 0.001 | 0.016 | 0.064 | 0.016 | 51   | 0   | 0   | 0   |
| 62    | POST   | /api/admin/tenants/add                    | 0.000 | 0.001 | 0.012 | 0.064 | 0.012 | 57   | 0   | 5   | 0   |
| 38    | GET    | /api/organizer/billing                    | 0.000 | 0.001 | 0.008 | 0.036 | 0.008 | 38   | 0   | 0   | 0   |
| 4     | POST   | ^/api/organizer/player/[^/]+/disqualified | 0.004 | 0.001 | 0.004 | 0.004 | 0.004 | 3    | 0   | 1   | 0   |
| 1     | GET    | /index.html                               | 0.000 | 0.000 | 0.000 | 0.000 | 0.000 | 1    | 0   | 0   | 0   |
| 1     | GET    | ^/js/                                     | 0.000 | 0.000 | 0.000 | 0.000 | 0.000 | 1    | 0   | 0   | 0   |
| 1     | GET    | /api/me                                   | 0.000 | 0.000 | 0.000 | 0.000 | 0.000 | 1    | 0   | 0   | 0   |
| 1     | GET    | ^/css/                                    | 0.000 | 0.000 | 0.000 | 0.000 | 0.000 | 1    | 0   | 0   | 0   |
| 1     | GET    | /api/organizer/competitions               | 0.000 | 0.000 | 0.000 | 0.000 | 0.000 | 1    | 0   | 0   | 0   |
+-------+--------+-------------------------------------------+-------+-------+-------+-------+-------+------+-----+-----+-----+
