procs -----------memory---------- ---swap-- -----io---- -system-- ------cpu----- -----timestamp-----
 r  b   swpd   free   buff  cache   si   so    bi    bo   in   cs us sy id wa st                 UTC
 0  0      0 2289144  30124 1232504    0    0   536   176  270  422  1  1 93  5  0 2026-10-01 07:23:13
 0  0      0 2288892  30124 1232508    0    0     0     0  792 1218  6  2 93  0  0 2026-10-01 07:23:14
 0  0      0 2287380  30124 1232508    0    0     0     0 1473 1037 13  1 87  0  0 2026-10-01 07:23:15
 0  0      0 2287380  30132 1232508    0    0     0    52  733 1212  0  0 100  0  0 2026-10-01 07:23:16
 0  0      0 2287380  30132 1232508    0    0     0     4   91  153  0  0 100  0  0 2026-10-01 07:23:17
 2  0      0 2279820  30132 1232508    0    0     0  1604 3154 2630 15  2 83  1  0 2026-10-01 07:23:18
 3  0      0 2242272  30132 1232668    0    0     0     0 13578 10656 63  5 32  0  0 2026-10-01 07:23:19
 2  0      0 2199684  30132 1232892    0    0     0     0 14005 9071 65  8 27  0  0 2026-10-01 07:23:20
 2  0      0 2169764  30132 1233212    0    0     0     0 13749 6718 76  6 19  0  0 2026-10-01 07:23:21
 0  0      0 2156156  30140 1233212    0    0     0    40 2465 2613 15  2 83  0  0 2026-10-01 07:23:22
 0  0      0 2285352  30404 1232636    0    0   264     4 2825  918  0  2 96  2  0 2026-10-01 07:23:23
 0  0      0 2285352  30404 1232636    0    0     0     0   74  130  0  0 100  0  0 2026-10-01 07:23:24
 2  0      0 2285352  30404 1232636    0    0     0     0  239  382  1  0 99  0  0 2026-10-01 07:23:25
