procs -----------memory---------- ---swap-- -----io---- -system-- ------cpu----- -----timestamp-----
 r  b   swpd   free   buff  cache   si   so    bi    bo   in   cs us sy id wa st                 UTC
 1  0      0 508812 106776 2290368    0    0   998  2097  841 1543 18  3 68 11  0 2026-10-01 07:23:13
 2  0      0 529152 106816 2268668    0    0     0 44716 5116 8731 14  8 57 22  0 2026-10-01 07:23:14
 0  0      0 539540 106868 2271964    0    0     0 19564 7000 12590 42  8 32 17  0 2026-10-01 07:23:15
 0  0      0 539540 106868 2271976    0    0     0   152  422  619  0  0 99  1  0 2026-10-01 07:23:16
 0  0      0 539540 106868 2271976    0    0     0   484  333  500  0  1 99  1  0 2026-10-01 07:23:17
 0  1      0 539092 106872 2273372    0    0     0  1056 4502 5154 14  4 80  2  0 2026-10-01 07:23:18
 0  1      0 538604 106880 2279788    0    0     0  3884 16424 18981 46 12 33 10  0 2026-10-01 07:23:19
 2  1      0 528356 106888 2285876    0    0     0  2728 17515 19790 49 13 31  7  0 2026-10-01 07:23:20
 0  0      0 517532 106896 2292052    0    0     0  1376 17261 17718 44 16 37  4  0 2026-10-01 07:23:21
 0  0      0 516776 106896 2292616    0    0     0   172 1919 2605  2  1 97  0  0 2026-10-01 07:23:22
 0  0      0 510596 106916 2292472    0    0   212   140 3262 3629  7  4 88  1  0 2026-10-01 07:23:23
