procs -----------memory---------- ---swap-- -----io---- -system-- ------cpu----- -----timestamp-----
 r  b   swpd   free   buff  cache   si   so    bi    bo   in   cs us sy id wa st                 UTC
 1  0      0 2500884  51856 509512    0    0   236   494 2077 1849  9 10 80  1  0 2026-10-01 09:40:52
 2  1      0 2475464  52052 494144    0    0     0 11380 2422 4568 15  6 74  5  0 2026-10-01 09:40:53
 0  0      0 2425144  52524 496936    0    0     8 19936 6530 10954 39  7 35 19  0 2026-10-01 09:40:54
 0  0      0 2425144  52536 496936    0    0     0   516  368  615  0  0 99  1  0 2026-10-01 09:40:55
 0  0      0 2425144  52536 496936    0    0     0     0  211  392  0  0 100  0  0 2026-10-01 09:40:56
 0  0      0 2419488  52544 497048    0    0     0  5448 9745 9290  7  4 84  6  0 2026-10-01 09:40:57
 0  0      0 2398056  52544 498256    0    0     0  1200 37551 35848 24 17 58  1  0 2026-10-01 09:40:58
 3  0      0 2365120  52544 499800    0    0     0   468 43911 38436 27 19 54  1  0 2026-10-01 09:40:59
 0  0      0 2325764  52544 501608    0    0     0   336 51433 38806 24 27 48  1  0 2026-10-01 09:41:00
 2  0      0 2283432  52548 503592    0    0     0   344 57336 39999 28 27 44  0  0 2026-10-01 09:41:01
 3  0      0 2238908  52560 505856    0    0     0   380 63516 40778 26 32 40  1  1 2026-10-01 09:41:02
 0  0      0 2191636  52560 508348    0    0     0   372 68257 39296 27 37 36  1  0 2026-10-01 09:41:03
 4  0      0 2148428  52560 510752    0    0     0   368 72138 38928 29 36 35  1  0 2026-10-01 09:41:04
 5  0      0 2102292  52564 513788    0    0     0   428 76067 37233 20 47 32  0  0 2026-10-01 09:41:05
 2  0      0 2065952  52568 516136    0    0     0   436 78899 35956 26 45 28  1  0 2026-10-01 09:41:06
 2  0      0 2034284  52568 518460    0    0     0  1020 80169 36549 26 43 31  1  0 2026-10-01 09:41:07
 2  0      0 2007896  52592 520512    0    0     0  1048 81181 34174 27 48 24  1  0 2026-10-01 09:41:08
 7  0      0 1980612  52604 522408    0    0    24  1076 84529 33798 23 50 26  1  0 2026-10-01 09:41:09
 3  0      0 1955384  52640 524076    0    0     0  1044 87608 32351 23 53 23  0  0 2026-10-01 09:41:10
 4  0      0 1932032  52652 526036    0    0    64  1020 89755 32412 26 53 22  1  0 2026-10-01 09:41:11
 2  0      0 1906288  52660 528064    0    0     0   936 89337 31556 25 53 22  1  0 2026-10-01 09:41:12
procs -----------memory---------- ---swap-- -----io---- -system-- ------cpu----- -----timestamp-----
 r  b   swpd   free   buff  cache   si   so    bi    bo   in   cs us sy id wa st                 UTC
 3  0      0 1890616  52688 529148    0    0   324   968 90439 33299 25 53 22  0  0 2026-10-01 09:41:13
 2  0      0 1864984  52716 531348    0    0     0  1304 90327 31669 25 54 21  0  0 2026-10-01 09:41:14
 4  0      0 1841632  52728 533132    0    0     0   904 92268 29590 26 56 18  0  0 2026-10-01 09:41:15
 6  0      0 1816572  52756 534732    0    0     0   932 92683 28740 29 55 16  1  0 2026-10-01 09:41:16
 4  0      0 1794484  52784 536492    0    0     0   828 94304 28561 23 59 17  1  0 2026-10-01 09:41:17
 7  0      0 1773476  52808 537940    0    0     0   768 94415 28506 25 59 15  1  1 2026-10-01 09:41:18
 5  0      0 1754200  52824 539316    0    0     0  3980 89129 32996 27 50 23  0  0 2026-10-01 09:41:19
 5  0      0 1732184  52856 540660    0    0     0   836 93560 26173 23 61 15  0  0 2026-10-01 09:41:20
 5  0      0 1702252  52872 543012    0    0     0   800 91026 28495 29 53 17  1  0 2026-10-01 09:41:21
 5  0      0 1686180  52876 543532    0    0     0   728 94793 22867 27 61 13  0  0 2026-10-01 09:41:22
 1  0      0 1660488  52904 545692    0    0     0   752 92388 27336 21 60 19  0  0 2026-10-01 09:41:23
 7  0      0 1649576  52932 546496    0    0     0   752 94757 26599 26 59 15  0  0 2026-10-01 09:41:24
 7  0      0 1616756  52956 549508    0    0     0  1096 92381 23705 26 63 11  1  0 2026-10-01 09:41:25
11  0      0 1605524  52984 549904    0    0     0  1044 94916 27851 25 58 15  1  0 2026-10-01 09:41:26
 5  0      0 1583504  53028 551600    0    0     0  1100 93599 25839 23 60 17  0  0 2026-10-01 09:41:27
 8  0      0 1568544  53044 552784    0    0     0   940 93172 26507 25 61 14  0  0 2026-10-01 09:41:28
 2  0      0 1551472  53072 553684    0    0     0   868 93437 26342 23 60 17  1  0 2026-10-01 09:41:29
 4  0      0 1524352  53096 556232    0    0     0   848 91650 22420 22 61 16  1  0 2026-10-01 09:41:30
 3  0      0 1509368  53120 556800    0    0     0  1024 95436 24768 25 61 14  0  0 2026-10-01 09:41:31
 9  0      0 1488328  53144 558620    0    0     0   772 96549 22278 22 67 11  0  0 2026-10-01 09:41:32
 8  0      0 1471100  53176 559704    0    0     0   760 93038 20413 20 69 11  0  1 2026-10-01 09:41:33
procs -----------memory---------- ---swap-- -----io---- -system-- ------cpu----- -----timestamp-----
 r  b   swpd   free   buff  cache   si   so    bi    bo   in   cs us sy id wa st                 UTC
 4  0      0 1442196  53196 562424    0    0     0   660 93105 25733 25 56 19  1  0 2026-10-01 09:41:34
 6  0      0 1432184  53204 562832    0    0     0   616 93119 22279 23 65 12  0  0 2026-10-01 09:41:35
 2  0      0 1417084  53216 564036    0    0     0   596 92537 23820 16 63 21  1  0 2026-10-01 09:41:36
 0  0      0 1390884  53232 566548    0    0     0   548 94413 23479 14 63 22  1  0 2026-10-01 09:41:37
 4  0      0 1384696  53252 566676    0    0     0   540 89243 29416 25 53 22  0  0 2026-10-01 09:41:38
 2  0      0 1371352  53264 566892    0    0     0   552 90020 12929 23 74  4  0  0 2026-10-01 09:41:39
 2  0      0 1359428  53268 568280    0    0     0   544 92383 26039 12 64 23  0  0 2026-10-01 09:41:40
 2  0      0 1343908  53268 569732    0    0     0   480 95953 27793 13 64 23  1  0 2026-10-01 09:41:41
 0  0      0 1321340  53272 571668    0    0     0   436 95001 22147 15 67 17  1  0 2026-10-01 09:41:42
 3  0      0 1296032  53280 573264    0    0     0   412 95082 27306 14 62 24  0  0 2026-10-01 09:41:43
 3  0      0 1285488  53292 573388    0    0     0   428 90177 13757 22 73  5  0  0 2026-10-01 09:41:44
 2  0      0 1269228  53296 574200    0    0     0   492 89420 18758 18 70 12  1  0 2026-10-01 09:41:45
 3  0      0 1257080  53300 575832    0    0     0   364 91515 24382 14 66 21  0  0 2026-10-01 09:41:46
 0  0      0 1239600  53308 577316    0    0     0   328 90753 25741 13 57 30  0  0 2026-10-01 09:41:47
 2  0      0 1209496  53308 579628    0    0     0   356 93994 26405 19 56 25  0  0 2026-10-01 09:41:48
 4  0      0 1200852  53316 579708    0    0     0   348 89432 22151 21 62 16  0  0 2026-10-01 09:41:49
 3  0      0 1197828  53324 579820    0    0     0   312 92701 20713 22 66 13  0  0 2026-10-01 09:41:50
 5  0      0 1185724  53328 580888    0    0     0   312 94548 25276 20 60 21  0  0 2026-10-01 09:41:51
 3  0      0 1179072  53332 581248    0    0     0   296 92146 15159 21 71  7  0  0 2026-10-01 09:41:52
 4  0      0 1161568  53352 582052    0    0     0   344 89177 15461 17 73 10  0  0 2026-10-01 09:41:53
 2  0      0 1146408  53352 583884    0    0     0   352 88812 20687 15 67 18  0  0 2026-10-01 09:41:54
procs -----------memory---------- ---swap-- -----io---- -system-- ------cpu----- -----timestamp-----
 r  b   swpd   free   buff  cache   si   so    bi    bo   in   cs us sy id wa st                 UTC
 4  0      0 1140328  53356 584304    0    0     0   432 91855 30246 10 54 36  1  0 2026-10-01 09:41:55
 1  0      0 1116124  53368 586248    0    0     0   332 92286 25931 15 58 27  0  0 2026-10-01 09:41:56
 2  0      0 1099964  53368 586832    0    0     0   352 88465 25697 15 61 24  0  0 2026-10-01 09:41:57
 0  0      0 1094780  53368 586832    0    0     0   344 45124 1925  9 47 45  0  0 2026-10-01 09:41:58
 1  0      0 1411432  53380 500656    0    0     0   256 54899 1507 19 62 19  0  0 2026-10-01 09:41:59
