procs -----------memory---------- ---swap-- -----io---- -system-- ------cpu----- -----timestamp-----
 r  b   swpd   free   buff  cache   si   so    bi    bo   in   cs us sy id wa st                 UTC
 1  0      0 2536352  78628 998864    0    0    63   674  815 1599 12  3 84  0  0 2026-10-01 09:40:53
 2  0      0 2524932  78696 959856    0    0     0 18184 3778 6853 32  5 54  9  0 2026-10-01 09:40:54
 0  0      0 2490228  78744 961968    0    0     0 11992 3320 5874 17  3 65 15  0 2026-10-01 09:40:55
 0  0      0 2490228  78744 961968    0    0     0     0   26   34  0  0 100  0  0 2026-10-01 09:40:56
 0  0      0 2490228  78744 961968    0    0     0     0   39   54  0  0 100  0  0 2026-10-01 09:40:57
 0  0      0 2450004  78784 966728    0    0     0  2652 8054 7126 24  6 62  8  0 2026-10-01 09:40:58
 4  0      0 2389844  78804 973280    0    0     0  3448 11689 11718 32  7 48 14  0 2026-10-01 09:40:59
 0  0      0 2373236  78864 981980    0    0     0  3080 18038 16108 54  9 29  8  0 2026-10-01 09:41:00
 5  0      0 2302756  78888 989324    0    0     0  1808 18196 16686 44 11 39  6  0 2026-10-01 09:41:01
 2  3      0 2240284  78916 1000108    0    0     0  2856 21187 13437 74 10 11  4  0 2026-10-01 09:41:02
 2  0      0 2209536  78952 1010856    0    0     0  2704 23656 18480 68 11 15  6  0 2026-10-01 09:41:03
 2  0      0 2082892  78976 1023004    0    0     0  2056 24202 9137 84 11  1  4  0 2026-10-01 09:41:04
 2  0      0 2053036  79004 1035020    0    0     0  2296 23980 7186 81 11  1  7  0 2026-10-01 09:41:05
 3  0      0 2032352  79040 1047976    0    0     0  1520 26758 7677 85 13  0  2  0 2026-10-01 09:41:06
 3  0      0 1920836  79076 1060204    0    0     0  1912 28170 5792 79 16  2  4  0 2026-10-01 09:41:07
 6  0      0 1811116  79088 1070996    0    0     0  2212 27896 4418 80 16  0  4  0 2026-10-01 09:41:08
 3  0      0 1794664  79092 1082476    0    0     0  1696 31937 8153 87 12  0  2  0 2026-10-01 09:41:09
 5  0      0 1773044  79116 1094948    0    0     0  2528 32918 4047 80 15  0  5  0 2026-10-01 09:41:10
 3  0      0 1748656  79124 1107092    0    0     0  1712 33797 5004 83 13  0  3  0 2026-10-01 09:41:11
 4  0      0 1642968  79144 1117184    0    0     0  1612 35601 4389 80 18  1  3  0 2026-10-01 09:41:12
 3  0      0 1526680  79156 1126176    0    0     0   948 31535 3236 81 17  0  2  0 2026-10-01 09:41:13
procs -----------memory---------- ---swap-- -----io---- -system-- ------cpu----- -----timestamp-----
 r  b   swpd   free   buff  cache   si   so    bi    bo   in   cs us sy id wa st                 UTC
 4  0      0 1497292  79188 1138308    0    0     0  2704 39626 7731 79 16  0  4  0 2026-10-01 09:41:14
 3  0      0 1482688  79200 1150296    0    0     0   884 36745 2939 83 16  0  2  0 2026-10-01 09:41:15
 7  0      0 1466976  79208 1161016    0    0     0  1440 36447 4085 78 19  0  3  0 2026-10-01 09:41:16
 3  0      0 1453900  79212 1171260    0    0     0  1160 39642 4512 81 18  0  1  0 2026-10-01 09:41:17
 3  0      0 1379556  79220 1183028    0    0     0  1324 39157 3257 82 16  0  2  0 2026-10-01 09:41:18
 3  0      0 1271264  79232 1192932    0    0     0  1376 41005 5714 76 21  0  3  0 2026-10-01 09:41:19
 3  0      0 1180596  79244 1201220    0    0     0 55436 39648 4753 80 19  0  2  0 2026-10-01 09:41:20
 4  0      0 1161344  79260 1213860    0    0     0  2036 41845 3372 79 17  0  4  0 2026-10-01 09:41:21
 3  0      0 1145016  79260 1221856    0    0     0     0 37140  620 86 14  0  0  0 2026-10-01 09:41:22
12  0      0 1129588  79276 1233184    0    0     0  2952 45824 7036 72 24  1  4  0 2026-10-01 09:41:23
 4  0      0 1111188  79280 1243880    0    0     0   828 39382 2444 82 17  0  2  0 2026-10-01 09:41:24
 7  2      0 1092472  79288 1253140    0    0     0 188328 48782 5238 74 23  0  2  0 2026-10-01 09:41:25
 2  0      0 1032636  79288 1263992    0    0     0 25416 43526 3410 80 19  0  1  0 2026-10-01 09:41:26
 3  0      0 912684  79300 1274340    0    0     0   792 46565  821 75 24  0  1  0 2026-10-01 09:41:27
 2  0      0 806376  79308 1282540    0    0     0  1320 35407 1176 83 16  0  1  0 2026-10-01 09:41:28
 3  0      0 787768  79312 1290324    0    0     0   672 46073  803 82 18  0  1  0 2026-10-01 09:41:29
 2  0      0 771892  79324 1302336    0    0     0  1372 44110  974 81 18  1  1  0 2026-10-01 09:41:30
 2  0      0 753456  79340 1312340    0    0     0   528 46688  786 79 21  0  1  0 2026-10-01 09:41:31
 2  0      0 740276  79344 1318384    0    0     0   324 38747 4733 85 15  1  1  0 2026-10-01 09:41:32
 2  0      0 723712  79360 1331524    0    0     0  1016 53615  899 74 25  0  1  0 2026-10-01 09:41:33
 2  0      0 708588  79360 1341048    0    0     0   632 47193  688 81 19  0  0  0 2026-10-01 09:41:34
procs -----------memory---------- ---swap-- -----io---- -system-- ------cpu----- -----timestamp-----
 r  b   swpd   free   buff  cache   si   so    bi    bo   in   cs us sy id wa st                 UTC
 2  0      0 696784  79360 1348648    0    0     0     0 45392  619 82 18  1  0  0 2026-10-01 09:41:35
 2  0      0 591812  79380 1360060    0    0     0  1388 51684  942 75 24  0  1  0 2026-10-01 09:41:36
 2  0      0 485996  79388 1368712    0    0     0   448 46029  716 79 21  0  0  0 2026-10-01 09:41:37
 2  0      0 382184  79388 1377224    0    0     0     0 49771  728 78 23  0  0  0 2026-10-01 09:41:38
 2  0      0 314508  79388 1382056    0    0     0     0 37488 1104 86 14  0  0  0 2026-10-01 09:41:39
 2  0      0 325172  79408 1392300    0    0     0  1884 56252 1079 73 25  0  1  0 2026-10-01 09:41:40
 2  0      0 314588  79416 1401044    0    0     0 91244 46064 3840 85 15  1  0  0 2026-10-01 09:41:41
 2  0      0 301984  79416 1408528    0    0     0     0 52535  713 78 22  0  0  0 2026-10-01 09:41:42
 2  0      0 286300  79416 1419596    0    0     0     0 48244  700 81 20  0  0  0 2026-10-01 09:41:43
 2  0      0 268716  79416 1425360    0    0     0     0 49348  670 80 20  0  0  0 2026-10-01 09:41:44
 2  0      0 257628  79416 1434276    0    0     0   428 50368  770 77 22  0  0  0 2026-10-01 09:41:45
 2  0      0 246544  79420 1443876    0    0     0 83212 61342 1731 71 28  0  0  0 2026-10-01 09:41:46
 4  0      0 239488  79420 1449244    0    0     0     0 54641 24668 48 19 33  0  0 2026-10-01 09:41:47
 2  0      0 232204  79420 1455224    0    0     0     0 49678 5102 79 16  6  0  0 2026-10-01 09:41:48
 2  0      0 134228  79420 1465804    0    0     0     0 37663  577 79 21  0  0  0 2026-10-01 09:41:49
 2  0      0 114920  77268 1422480    0    0     0    52 46911  831 79 20  0  0  0 2026-10-01 09:41:50
 2  0      0 117484  77120 1345448    0    0     0   316 48533  829 76 24  0  0  0 2026-10-01 09:41:51
 2  0      0 109248  77084 1271320    0    0     0   376 47798 2894 80 20  0  1  0 2026-10-01 09:41:52
 2  0      0 116060  77084 1274584    0    0     0   692 52292 1061 73 26  0  1  0 2026-10-01 09:41:53
 4  0      0 105504  77088 1283428    0    0     0   860 58718 3218 73 23  2  2  0 2026-10-01 09:41:54
 6  0      0 126132  77088 1288300    0    0     0     0 55050 11661 67 18 14  0  0 2026-10-01 09:41:55
procs -----------memory---------- ---swap-- -----io---- -system-- ------cpu----- -----timestamp-----
 r  b   swpd   free   buff  cache   si   so    bi    bo   in   cs us sy id wa st                 UTC
 2  0      0 105056  77092 1296044    0    0  1112  2276 44686 11253 72 15 12  1  0 2026-10-01 09:41:56
 2  0      0 102432  76444 1284956    0    0     4 95232 41758 2444 80 20  0  0  0 2026-10-01 09:41:57
 2  0      0 109320  76428 1271804    0    0    12   344 55055 5823 71 26  3  0  0 2026-10-01 09:41:58
 1  0      0 109320  76428 1270668    0    0     0     0 41812 23589  8 21 71  0  0 2026-10-01 09:41:59
 0  0      0 226488  76428 1251204    0    0     0     0 50075 32990  9 20 71  0  0 2026-10-01 09:42:00
 0  0      0 224728  76428 1251204    0    0    80     0   49   76  1  0 100  0  0 2026-10-01 09:42:01
 0  0      0 224728  76428 1251284    0    0     0     0   53   47  0  0 100  0  0 2026-10-01 09:42:02
