procs -----------memory---------- ---swap-- -----io---- -system-- ------cpu----- -----timestamp-----
 r  b   swpd   free   buff  cache   si   so    bi    bo   in   cs us sy id wa st                 UTC
 0  0      0 31167488  23236 473988    0    0     5     2  354   24 13  2 84  0  0 2026-10-01 09:40:53
 0  0      0 31158700  23236 474112    0    0     0   584 1741 1661  1  0 99  0  0 2026-10-01 09:40:54
 0  0      0 31158140  23236 474112    0    0     0     0 3629 2192  2  0 98  0  0 2026-10-01 09:40:55
 0  0      0 31157972  23236 474112    0    0     0    16  107  174  0  0 100  0  0 2026-10-01 09:40:56
 0  0      0 31157972  23236 474112    0    0     0     4   95  145  0  0 100  0  0 2026-10-01 09:40:57
 1  0      0 31128992  23236 474112    0    0     0     0 27574 29787  9  1 90  0  0 2026-10-01 09:40:58
 2  0      0 31066060  23244 474124    0    0     0    60 43849 50790 15  2 83  0  0 2026-10-01 09:40:59
 0  0      0 30952512  23244 474364    0    0     0     0 55132 58985 24  2 74  0  0 2026-10-01 09:41:00
 4  0      0 30839740  23244 475100    0    0     0     0 57255 53423 25  3 72  0  0 2026-10-01 09:41:01
 1  0      0 30691364  23244 476132    0    0     0     4 64762 54483 33  3 64  0  0 2026-10-01 09:41:02
 7  0      0 30567548  23244 477508    0    0     0  1092 67650 59803 34  3 63  0  0 2026-10-01 09:41:03
 2  0      0 30399100  23244 478692    0    0     0     0 75987 55022 41  4 54  0  0 2026-10-01 09:41:04
14  0      0 30231784  23252 479956    0    0     0    44 80031 52699 45  3 51  0  0 2026-10-01 09:41:05
 4  0      0 29997416  23252 481428    0    0     0     8 86212 50594 50  5 46  0  0 2026-10-01 09:41:06
 1  0      0 29898604  23252 482660    0    0     0     0 82794 52969 46  4 50  0  0 2026-10-01 09:41:07
 5  0      0 29769476  23252 483692    0    0     0     4 84697 51148 43  4 53  0  0 2026-10-01 09:41:08
16  0      0 29585884  23252 484644    0    0     0     0 91857 52520 48  5 47  0  0 2026-10-01 09:41:09
15  0      0 29526076  23252 485612    0    0     0     0 91026 45749 55  5 40  0  0 2026-10-01 09:41:10
 3  0      0 29221524  23260 486596    0    0     0    32 103233 48124 51  6 43  0  0 2026-10-01 09:41:11
16  0      0 29212200  23260 487380    0    0     0     0 97879 57693 48  5 48  0  0 2026-10-01 09:41:12
 1  0      0 29083708  23260 488036    0    0     0     0 101923 60828 46  5 48  0  0 2026-10-01 09:41:13
procs -----------memory---------- ---swap-- -----io---- -system-- ------cpu----- -----timestamp-----
 r  b   swpd   free   buff  cache   si   so    bi    bo   in   cs us sy id wa st                 UTC
 5  0      0 29087076  23260 488596    0    0     0     4 99225 54306 49  6 46  0  0 2026-10-01 09:41:14
 0  0      0 28949296  23260 489660    0    0     0     0 110017 51283 53  6 42  0  0 2026-10-01 09:41:15
 7  0      0 28774644  23260 490588    0    0     0     0 118707 55527 53  6 42  0  0 2026-10-01 09:41:16
16  0      0 28632468  23268 491236    0    0     0    12 117602 54037 51  5 44  0  0 2026-10-01 09:41:17
 1  0      0 28634808  23268 492132    0    0     0     0 105873 45124 62  5 33  0  0 2026-10-01 09:41:18
 5  0      0 28625284  23268 492812    0    0     0     0 115853 68424 43  6 51  0  0 2026-10-01 09:41:19
16  0      0 28283520  23268 493644    0    0     0     4 118875 64023 42  6 52  0  0 2026-10-01 09:41:20
 0  0      0 28273816  23268 493860    0    0     0     0 106597 42128 66  6 29  0  0 2026-10-01 09:41:21
16  0      0 28134632  23268 495340    0    0     0     0 123709 68657 42  6 53  0  0 2026-10-01 09:41:22
16  0      0 28042764  23276 495628    0    0     0    12 122992 56658 54  7 40  0  0 2026-10-01 09:41:23
 6  0      0 28035752  23276 496484    0    0     0     0 115224 55742 57  6 37  0  0 2026-10-01 09:41:24
16  0      0 27810888  23276 497028    0    0     0     0 131417 50605 59  7 35  0  0 2026-10-01 09:41:25
 2  0      0 27811688  23276 497828    0    0     0     4 112105 48508 61  6 33  0  0 2026-10-01 09:41:26
 2  0      0 27809616  23276 498788    0    0     0     0 135054 80646 43  7 51  0  0 2026-10-01 09:41:27
16  0      0 27701620  23276 499404    0    0     0     0 109601 52307 52  5 42  0  0 2026-10-01 09:41:28
16  0      0 27539284  23284 499796    0    0     0    68 137394 58801 57  6 36  0  0 2026-10-01 09:41:29
 6  0      0 27529052  23284 500476    0    0     0     0 120382 62850 50  6 44  0  0 2026-10-01 09:41:30
 5  0      0 27427044  23284 501228    0    0     0     0 132630 53866 63  8 30  0  0 2026-10-01 09:41:31
16  0      0 27291028  23284 502204    0    0     0     8 131779 59592 61  7 33  0  0 2026-10-01 09:41:32
11  0      0 27288104  23284 502724    0    0     0     0 140655 83276 44  7 49  0  0 2026-10-01 09:41:33
16  0      0 27136100  23292 503436    0    0     0    20 135764 32652 73 10 18  0  0 2026-10-01 09:41:34
procs -----------memory---------- ---swap-- -----io---- -system-- ------cpu----- -----timestamp-----
 r  b   swpd   free   buff  cache   si   so    bi    bo   in   cs us sy id wa st                 UTC
13  0      0 27052560  23292 504292    0    0     0     0 119308 37532 58 19 23  0  0 2026-10-01 09:41:35
 1  0      0 27045508  23292 504844    0    0     0     0 130400 55530 43 25 32  0  0 2026-10-01 09:41:36
16  0      0 26875292  23292 505340    0    0     0     4 115484 5486 61 38  1  0  0 2026-10-01 09:41:37
 5  0      0 26865364  23292 506236    0    0     0     4 109660 25713 46 37 17  0  0 2026-10-01 09:41:38
 8  0      0 26732736  23292 506812    0    0     0     0 140479 76023 50 10 40  0  0 2026-10-01 09:41:39
16  0      0 26619244  23300 506812    0    0     0    12 147707 55527 61 16 24  0  0 2026-10-01 09:41:40
16  0      0 26549196  23300 506836    0    0     0     0 116637 3205 51 49  0  0  0 2026-10-01 09:41:41
16  0      0 26500580  23300 508092    0    0     0     0 118325 14698 62 37  1  0  0 2026-10-01 09:41:42
27  0      0 26543096  23300 508924    0    0     0     0 111336 14142 55 45  1  0  0 2026-10-01 09:41:43
16  0      0 26282512  23300 509628    0    0     0     4 139309 20104 64 32  4  0  0 2026-10-01 09:41:44
18  0      0 26280700  23300 509892    0    0     0     0 133461 51165 58 22 20  0  0 2026-10-01 09:41:45
16  0      0 26260672  23308 510012    0    0     0    12 127677 8187 52 47  1  0  0 2026-10-01 09:41:46
16  0      0 26060856  23308 510916    0    0     0     0 114753 4897 50 49  1  0  0 2026-10-01 09:41:47
16  0      0 26148500  23308 511708    0    0     0     0 108249 10631 60 40  0  0  0 2026-10-01 09:41:48
16  0      0 25774524  23308 512372    0    0     0     0 114959 5106 56 44  0  0  0 2026-10-01 09:41:49
16  0      0 25771740  23308 512988    0    0     0     4 127914 35977 49 32 19  0  0 2026-10-01 09:41:50
16  0      0 25745572  23308 512988    0    0     0     0 120690 47508 55 23 22  0  0 2026-10-01 09:41:51
 1  0      0 25782244  23316 513076    0    0     0    12 128079 40408 47 38 16  0  0 2026-10-01 09:41:52
21  0      0 25587964  23316 513668    0    0     0     0 152644 37905 56 31 13  0  0 2026-10-01 09:41:53
16  0      0 25503240  23316 513668    0    0     0     0 132502 6544 52 48  1  0  0 2026-10-01 09:41:54
16  0      0 25438036  23316 514908    0    0     0     0 111964 14985 50 49  1  0  0 2026-10-01 09:41:55
procs -----------memory---------- ---swap-- -----io---- -system-- ------cpu----- -----timestamp-----
 r  b   swpd   free   buff  cache   si   so    bi    bo   in   cs us sy id wa st                 UTC
33  0      0 25486088  23316 515580    0    0     0     4 103265 23368 54 45  1  0  0 2026-10-01 09:41:56
23  0      0 25412344  23316 515812    0    0     0     0 98889 8256 53 46  1  0  0 2026-10-01 09:41:57
 4  0      0 25269028  23324 516484    0    0     0    12 183468 99405 49 17 34  0  0 2026-10-01 09:41:58
 0  0      0 31041548  23324 499260    0    0     0     0 69144 16715  2  6 92  0  0 2026-10-01 09:41:59
 0  0      0 31153540  23324 474936    0    0     0     0 42077  499  0  1 99  0  0 2026-10-01 09:42:00
 0  0      0 31153540  23324 474936    0    0     0     0   61  104  0  0 100  0  0 2026-10-01 09:42:01
 0  0      0 31152028  23324 474936    0    0     0     4  235  201  0  0 100  0  0 2026-10-01 09:42:02
 0  0      0 31151528  23332 474936    0    0     0    44   75  118  0  0 100  0  0 2026-10-01 09:42:03
