procs -----------memory---------- ---swap-- -----io---- -system-- ------cpu----- -----timestamp-----
 r  b   swpd   free   buff  cache   si   so    bi    bo   in   cs us sy id wa st                 UTC
 1  0      0 2441948  82140 1086312    0    0    60   642  707 1655 12  3 85  0  0 2026-10-01 09:40:53
 5  0      0 2426476  82192 1056620    0    0     0 18036 3136 5660 30  5 55 10  0 2026-10-01 09:40:54
 0  0      0 2392248  82268 1058628    0    0     0 12688 3508 6679 17  2 66 14  0 2026-10-01 09:40:55
 0  0      0 2392248  82268 1058628    0    0     0  1180   82   75  0  0 99  0  0 2026-10-01 09:40:56
 0  0      0 2392248  82268 1058628    0    0     0     0   29   38  0  0 100  0  0 2026-10-01 09:40:57
 1  1      0 2372368  82296 1061200    0    0     0  1452 4241 4138 11  2 82  6  0 2026-10-01 09:40:58
 0  1      0 2312752  82368 1068020    0    0     0  3652 11732 11530 33  6 48 13  0 2026-10-01 09:40:59
 3  1      0 2284572  82408 1075292    0    0     0  2916 15094 13982 43  7 39 10  0 2026-10-01 09:41:00
 0  0      0 2219392  82480 1084496    0    0     0  3176 18074 14079 53 10 26 10  0 2026-10-01 09:41:01
 0  0      0 2155884  82532 1093576    0    0     0  2312 19338 13023 62  9 23  5  0 2026-10-01 09:41:02
 7  0      0 2141208  82584 1102728    0    0     0  1756 22765 19109 61 11 25  5  0 2026-10-01 09:41:03
 2  0      0 2041228  82628 1113916    0    0     0  2168 26669 18089 76 13  7  3  0 2026-10-01 09:41:04
 3  0      0 1966328  82636 1125480    0    0     0  1916 24482 8814 82 13  0  5  0 2026-10-01 09:41:05
 3  0      0 1948124  82656 1138128    0    0     0  2196 26915 10943 83 12  3  3  0 2026-10-01 09:41:06
12  0      0 1875936  82668 1150724    0    0     0  1712 26786 4661 78 17  2  4  0 2026-10-01 09:41:07
 3  0      0 1764756  82668 1161996    0    0     0   876 28959 7253 78 18  3  2  0 2026-10-01 09:41:08
 3  0      0 1716120  82672 1173196    0    0     0  1288 28568 2575 85 12  0  4  0 2026-10-01 09:41:09
 3  0      0 1699916  82676 1184988    0    0     0   972 30837 3588 85 13  0  2  0 2026-10-01 09:41:10
 3  0      0 1681628  82676 1196504    0    0     0  1424 33309 6236 82 13  2  2  0 2026-10-01 09:41:11
 4  0      0 1595332  82684 1207776    0    0     0  1548 35587 5310 82 14  1  3  0 2026-10-01 09:41:12
 3  0      0 1483624  82704 1218536    0    0     0  1484 36706 6456 78 19  0  3  0 2026-10-01 09:41:13
procs -----------memory---------- ---swap-- -----io---- -system-- ------cpu----- -----timestamp-----
 r  b   swpd   free   buff  cache   si   so    bi    bo   in   cs us sy id wa st                 UTC
 3  0      0 1427200  82712 1228432    0    0     0   932 33070 1551 82 16  0  3  0 2026-10-01 09:41:14
 3  0      0 1411908  82716 1239600    0    0     0  1516 36761 5012 82 15  1  3  0 2026-10-01 09:41:15
 3  0      0 1394408  82728 1250852    0    0     0   760 38977 3914 83 15  0  1  0 2026-10-01 09:41:16
 3  0      0 1376456  82744 1262664    0    0     0  1656 37138 1380 81 16  0  4  0 2026-10-01 09:41:17
 3  0      0 1329860  82756 1274276    0    0     0  1136 40402 1461 81 16  0  3  0 2026-10-01 09:41:18
 3  0      0 1216876  82768 1285004    0    0     0   884 41205 1935 80 17  1  2  0 2026-10-01 09:41:19
 3  0      0 1114620  82772 1292752    0    0     0 83584 35872 1618 82 17  0  2  0 2026-10-01 09:41:20
 6  0      0 1098180  82776 1303448    0    0     0  1296 42315 2864 80 18  0  3  0 2026-10-01 09:41:21
 3  0      0 1085592  82776 1313628    0    0     0   596 41900 4832 80 19  0  1  0 2026-10-01 09:41:22
 3  0      0 1070804  82784 1323944    0    0     0  1472 42196 3889 78 19  0  2  0 2026-10-01 09:41:23
 5  0      0 1057020  82796 1333944    0    0     0  2100 46206 3096 78 20  0  3  0 2026-10-01 09:41:24
 3  0      0 1043436  82812 1345196    0    0     0 169432 46398 7263 76 21  0  3  0 2026-10-01 09:41:25
 1  2      0 972412  82812 1354372    0    0     0   508 43439 1296 81 18  0  0  0 2026-10-01 09:41:26
 3  0      0 859008  82824 1364928    0    0     0  1364 47761 2580 70 27  0  3  0 2026-10-01 09:41:27
 3  0      0 743380  82828 1372904    0    0     0   288 38999 3851 83 16  0  1  0 2026-10-01 09:41:28
 3  0      0 717872  82840 1380200    0    0     0   460 42928 1141 81 18  0  0  0 2026-10-01 09:41:29
 3  0      0 729192  82860 1390680    0    0     0  1556 42411 1696 80 17  1  4  0 2026-10-01 09:41:30
 3  0      0 703472  82860 1398932    0    0     0     0 45178  660 82 18  0  0  0 2026-10-01 09:41:31
 3  0      0 685776  82876 1411416    0    0     0  2232 49839 2113 76 19  0  4  0 2026-10-01 09:41:32
 3  0      0 670832  82876 1419248    0    0     0     0 42891  632 85 14  1  0  0 2026-10-01 09:41:33
 3  0      0 654084  82892 1430432    0    0     0  1972 51050 2335 70 27  1  3  0 2026-10-01 09:41:34
procs -----------memory---------- ---swap-- -----io---- -system-- ------cpu----- -----timestamp-----
 r  b   swpd   free   buff  cache   si   so    bi    bo   in   cs us sy id wa st                 UTC
 3  0      0 643020  82892 1438552    0    0     0     0 39097  635 84 16  0  0  0 2026-10-01 09:41:35
 3  0      0 533752  82892 1447452    0    0     0   380 48966  827 76 23  0  1  0 2026-10-01 09:41:36
 3  0      0 435332  82900 1458160    0    0     0  1012 49929 7701 70 20  8  2  0 2026-10-01 09:41:37
 3  0      0 347672  82900 1463300    0    0     0   228 43360  778 82 19  0  0  0 2026-10-01 09:41:38
 4  0      0 338892  82900 1469436    0    0     0     0 47015  695 80 20  1  0  0 2026-10-01 09:41:39
 3  0      0 323492  82904 1480056    0    0     0  1140 45861 1957 78 20  0  2  0 2026-10-01 09:41:40
 3  0      0 310316  82916 1489244    0    0     0   520 57439 1944 77 23  0  1  0 2026-10-01 09:41:41
 3  0      0 301760  82916 1496400    0    0     0 48348 50793 1446 79 21  0  0  0 2026-10-01 09:41:42
 3  0      0 289676  82916 1506276    0    0     0     0 51653  686 79 21  0  0  0 2026-10-01 09:41:43
 3  0      0 279156  82916 1514448    0    0     0     0 50898  679 76 24  0  0  0 2026-10-01 09:41:44
 3  0      0 289124  82916 1523556    0    0     0    48 55962  865 76 24  0  0  0 2026-10-01 09:41:45
 3  0      0 272792  82920 1532872    0    0     0   376 58313 5672 73 24  2  0  0 2026-10-01 09:41:46
 1  0      0 195596  82920 1538728    0    0     0 150604 53415 10271 66 24  9  0  0 2026-10-01 09:41:47
 2  0      0 116504  82920 1543724    0    0     0     0 47213 5726 74 20  6  0  0 2026-10-01 09:41:48
 2  0      0 108852  82588 1475820    0    0     0     0 50841  779 74 26  0  0  0 2026-10-01 09:41:49
 2  0      0 112648  82588 1365712    0    0     4   300 51115 1347 77 22  0  1  0 2026-10-01 09:41:50
 2  1      0 117636  82420 1360436    0    0    32 37940 50733 3722 80 20  0  1  0 2026-10-01 09:41:51
 1  1      0 104248  82424 1368452    0    0    12  6408 54629 1382 76 23  0  1  0 2026-10-01 09:41:52
 2  0      0 106596  82436 1376020    0    0     8   752 58236 3565 73 25  0  1  0 2026-10-01 09:41:53
 2  0      0 119616  82312 1376076    0    0    12 22928 63507 2639 71 28  1  0  0 2026-10-01 09:41:54
 9  0      0 112536  82312 1380544    0    0     0     0 54938 14505 65 18 17  0  0 2026-10-01 09:41:55
procs -----------memory---------- ---swap-- -----io---- -system-- ------cpu----- -----timestamp-----
 r  b   swpd   free   buff  cache   si   so    bi    bo   in   cs us sy id wa st                 UTC
 2  0      0 109260  82312 1383676    0    0     0     0 51791 18933 51 19 30  0  0 2026-10-01 09:41:56
 2  0      0 127208  82312 1361692    0    0     0     0 49615 2647 80 18  1  0  0 2026-10-01 09:41:57
 2  0      0 108180  82312 1366436    0    0     0   304 57163 14887 62 24 14  0  0 2026-10-01 09:41:58
 2  0      0 108180  82312 1366036    0    0     0     0 34444 21832  8 14 78  0  0 2026-10-01 09:41:59
 0  0      0 218552  82312 1346124    0    0     0    12 57652 34446 14 23 62  0  0 2026-10-01 09:42:00
 0  0      0 216544  82316 1346320    0    0   360     0  101  119  0  0 100  0  0 2026-10-01 09:42:01
