procs -----------memory---------- ---swap-- -----io---- -system-- ------cpu----- -----timestamp-----
 r  b   swpd   free   buff  cache   si   so    bi    bo   in   cs us sy id wa st                 UTC
 1  0      0 1616692  54048 514180    0    0   232   493 2381 1927  9 11 79  1  0 2026-10-01 09:43:18
 2  0      0 1596472  54240 514860    0    0    36 13064 2128 3863 13  5 76  6  0 2026-10-01 09:43:19
 0  0      0 1536944  55168 517712    0    0     0 23072 7493 12716 43  8 30 19  0 2026-10-01 09:43:20
 0  0      0 1536944  55180 517712    0    0     0   240  375  599  0  0 100  1  0 2026-10-01 09:43:21
 0  0      0 1536944  55188 517712    0    0     0   140  279  481  1  0 99  1  0 2026-10-01 09:43:22
 1  0      0 1535500  55196 517704    0    0     0   208 7506 6979  5  4 91  1  0 2026-10-01 09:43:23
 1  0      0 1529568  55220 519048    0    0     0   824 39266 36595 24 17 59  1  0 2026-10-01 09:43:24
 4  0      0 1511724  55240 520324    0    0     0  2572 42458 38104 24 21 53  2  0 2026-10-01 09:43:25
 0  0      0 1490796  55268 522288    0    0     0   568 54102 41380 26 27 46  1  0 2026-10-01 09:43:26
 4  0      0 1470368  55296 524304    0    0     0   580 57899 41920 21 35 43  0  0 2026-10-01 09:43:27
 4  0      0 1448312  55316 526584    0    0     0   560 65464 42020 27 32 40  1  0 2026-10-01 09:43:28
 1  0      0 1427056  55324 528820    0    0     0   656 69246 42037 27 35 38  1  0 2026-10-01 09:43:29
 1  1      0 1404328  55348 531520    0    0     0   696 75302 41258 27 39 34  0  0 2026-10-01 09:43:30
 3  1      0 1383996  55400 534112    0    0     0  1252 77301 39454 28 40 31  1  0 2026-10-01 09:43:31
 8  1      0 1363372  55424 536484    0    0     0  1228 77756 38825 25 43 30  1  0 2026-10-01 09:43:32
 4  1      0 1351540  55476 539016    0    0     0  1184 82351 38329 29 44 28  0  0 2026-10-01 09:43:33
 7  1      0 1341600  55512 541132    0    0     0  1804 83952 39067 27 45 27  1  1 2026-10-01 09:43:34
 5  1      0 1332164  55556 543140    0    0     0  1120 86288 37973 26 48 26  0  0 2026-10-01 09:43:35
 2  1      0 1321328  55620 545436    0    0     0  1096 87396 37604 30 47 23  1  0 2026-10-01 09:43:36
 6  1      0 1313492  55660 547112    0    0     0  1044 86969 37465 25 50 24  0  0 2026-10-01 09:43:37
 6  1      0 1305696  55696 548624    0    0     0   988 88382 37111 29 47 23  0  0 2026-10-01 09:43:38
procs -----------memory---------- ---swap-- -----io---- -system-- ------cpu----- -----timestamp-----
 r  b   swpd   free   buff  cache   si   so    bi    bo   in   cs us sy id wa st                 UTC
 3  1      0 1296064  55728 550664    0    0     0   988 89182 35218 25 50 25  1  0 2026-10-01 09:43:39
 5  1      0 1286212  55776 552160    0    0     0   920 91592 35937 26 54 20  0  0 2026-10-01 09:43:40
 8  1      0 1276708  55800 553964    0    0     0   944 91218 34687 24 54 21  0  0 2026-10-01 09:43:41
 9  0      0 1268716  55820 555772    0    0     0   952 93595 33669 25 55 20  0  0 2026-10-01 09:43:42
 5  1      0 1261872  55868 557232    0    0     0   916 92979 34097 27 53 20  1  0 2026-10-01 09:43:43
 6  1      0 1255112  55888 559252    0    0     0   896 94126 32255 28 55 17  0  0 2026-10-01 09:43:44
 8  1      0 1241984  55916 560756    0    0     0  4156 94451 32518 27 55 17  1  0 2026-10-01 09:43:45
 5  1      0 1232960  55948 561988    0    0     0   852 94130 31864 27 54 19  0  0 2026-10-01 09:43:46
 6  1      0 1226440  55988 563356    0    0     0   880 96249 32308 24 59 17  0  0 2026-10-01 09:43:47
 7  0      0 1217456  56032 564800    0    0     0   688 97356 31528 25 56 19  1  0 2026-10-01 09:43:48
 5  1      0 1211144  56060 566656    0    0     0   724 97007 28258 28 59 12  0  0 2026-10-01 09:43:49
 8  1      0 1203448  56096 568356    0    0     0   780 97342 29850 23 60 16  1  0 2026-10-01 09:43:50
 3  1      0 1196032  56144 569448    0    0     0   960 94513 30701 24 57 19  0  0 2026-10-01 09:43:51
 4  2      0 1189636  56160 571176    0    0     0   952 94847 27286 22 66 13  0  0 2026-10-01 09:43:52
 7  1      0 1182364  56184 572248    0    0     0   940 97892 25136 28 62 10  1  0 2026-10-01 09:43:53
 6  1      0 1175612  56220 572648    0    0     0   868 98758 28641 23 60 16  0  0 2026-10-01 09:43:54
 4  0      0 1174884  56252 572752    0    0     0   792 99715 28449 26 62 13  0  0 2026-10-01 09:43:55
 5  1      0 1172276  56284 573396    0    0     0   892 97980 23680 27 64 10  0  0 2026-10-01 09:43:56
 6  1      0 1155396  56312 576196    0    0     0   944 95004 22471 19 67 14  0  0 2026-10-01 09:43:57
 6  0      0 1145584  56324 578180    0    0     0   612 96061 23392 20 66 14  0  0 2026-10-01 09:43:58
 2  2      0 1143156  56348 579296    0    0     0   860 98729 22066 23 70  7  0  0 2026-10-01 09:43:59
procs -----------memory---------- ---swap-- -----io---- -system-- ------cpu----- -----timestamp-----
 r  b   swpd   free   buff  cache   si   so    bi    bo   in   cs us sy id wa st                 UTC
 8  1      0 1134480  56356 580824    0    0     0   636 97137 21361 19 69 12  0  0 2026-10-01 09:44:00
 5  1      0 1128704  56360 581492    0    0     0   576 95230 25739 22 63 15  0  0 2026-10-01 09:44:01
 4  1      0 1121656  56376 582944    0    0     0   612 91644 16438 20 72  8  0  0 2026-10-01 09:44:02
 0  2      0 1115152  56388 583736    0    0     0   704 95936 22620 16 65 18  0  0 2026-10-01 09:44:03
 4  1      0 1113052  56412 583840    0    0     0   448 100196 25665 24 64 12  1  0 2026-10-01 09:44:04
 3  1      0 1111792  56432 583844    0    0     0   496 97889 18448 21 70  8  0  0 2026-10-01 09:44:05
 8  0      0 1107760  56444 583860    0    0     0   404 97518 24171 19 68 14  0  0 2026-10-01 09:44:06
 2  1      0 1105688  56460 583956    0    0    44   524 94470 13962 25 71  5  0  0 2026-10-01 09:44:07
 3  1      0 1100208  56480 585760    0    0     0   508 93790 20208 18 68 15  1  0 2026-10-01 09:44:08
 4  1      0 1095632  56488 587528    0    0     0   460 95133 27952 14 59 27  0  0 2026-10-01 09:44:09
 3  0      0 1090088  56496 589388    0    0     0   460 94339 23123 19 60 21  0  0 2026-10-01 09:44:10
 2  2      0 1072624  56500 590508    0    0     0   484 88267 14978 16 74 10  1  0 2026-10-01 09:44:11
 2  1      0 1064524  56500 591400    0    0     0   484 92362 19995 16 70 15  0  0 2026-10-01 09:44:12
 5  1      0 1057944  56520 593924    0    0     0   472 95251 23543 15 63 21  1  0 2026-10-01 09:44:13
 3  0      0 1052516  56544 595144    0    0     0   516 93090 24650 12 66 23  0  0 2026-10-01 09:44:14
 2  1      0 1046608  56548 597120    0    0     0   536 90950 15087 20 69 11  0  0 2026-10-01 09:44:15
 2  1      0 1044536  56564 597276    0    0     0   436 89859 18340 17 68 15  0  0 2026-10-01 09:44:16
 2  1      0 1041988  56588 597268    0    0     0   436 95638 18245 21 70 10  0  0 2026-10-01 09:44:17
 3  1      0 1037032  56600 597268    0    0     0   424 88650 5090 17 81  2  0  0 2026-10-01 09:44:18
 3  1      0 1033728  56620 597268    0    0     0   424 94559 18229 21 68 11  0  0 2026-10-01 09:44:19
 3  1      0 1026392  56632 597284    0    0     0   464 88197 6173 20 80  0  0  1 2026-10-01 09:44:20
procs -----------memory---------- ---swap-- -----io---- -system-- ------cpu----- -----timestamp-----
 r  b   swpd   free   buff  cache   si   so    bi    bo   in   cs us sy id wa st                 UTC
 6  0      0 1025244  56644 597364    0    0     0   464 90683 18698 15 71 14  1  0 2026-10-01 09:44:21
 2  2      0 1023024  56656 598440    0    0     0   508 92051 25357 16 58 25  0  0 2026-10-01 09:44:22
 2  2      0 1022784  56672 598704    0    0     0   348 87768 23140 11 58 30  0  0 2026-10-01 09:44:23
 0  2      0 1022784  56684 598756    0    0     0   480 25690 2750  3 22 75  1  0 2026-10-01 09:44:24
 3  1      0 1065372  56712 589788    0    0     0   412 30766 1462  7 35 58  0  0 2026-10-01 09:44:25
 1  1      0 1359140  56784 520608    0    0     0  7136 53701 3746 31 43 26  1  0 2026-10-01 09:44:26
