procs -----------memory---------- ---swap-- -----io---- -system-- ------cpu----- -----timestamp-----
 r  b   swpd   free   buff  cache   si   so    bi    bo   in   cs us sy id wa st                 UTC
 0  0      0 31166040  23404 474788    0    0     5     2  438   62 14  2 84  0  0 2026-10-01 09:43:18
 0  0      0 31152024  23404 474940    0    0     0     0 1730 1675  1  0 99  0  0 2026-10-01 09:43:19
 0  0      0 31148580  23404 474940    0    0     0     0 3447 2253  2  0 98  0  0 2026-10-01 09:43:20
 0  0      0 31148076  23404 474940    0    0     0     0   81  136  0  0 100  0  0 2026-10-01 09:43:21
 0  0      0 31148076  23404 474940    0    0     0     0   97  170  0  0 100  0  0 2026-10-01 09:43:22
 2  0      0 31111368  23412 474940    0    0     0  1164 26748 26860 10  1 89  0  0 2026-10-01 09:43:23
 0  0      0 31046660  23412 474940    0    0     0     0 43250 51244 17  1 82  0  0 2026-10-01 09:43:24
 1  0      0 30941464  23412 475036    0    0     0     0 54036 54902 23  2 74  0  0 2026-10-01 09:43:25
 6  0      0 30838768  23412 475620    0    0     0     0 57336 56126 26  2 72  0  0 2026-10-01 09:43:26
13  0      0 30688028  23412 476652    0    0     0     0 68183 58035 35  3 62  0  0 2026-10-01 09:43:27
 5  0      0 30565228  23412 478132    0    0     0     0 72236 63231 35  3 62  0  0 2026-10-01 09:43:28
16  0      0 30430776  23420 479524    0    0     0    40 75997 62318 38  4 58  0  0 2026-10-01 09:43:29
 4  0      0 30238052  23420 480524    0    0     0     0 83938 60018 44  4 52  0  0 2026-10-01 09:43:30
16  0      0 30015612  23420 481860    0    0     0     0 90413 60697 44  4 51  0  0 2026-10-01 09:43:31
16  0      0 29913216  23420 483284    0    0     0     0 86586 64113 45  4 51  0  0 2026-10-01 09:43:32
16  0      0 29791676  23420 484316    0    0     0     0 92405 63191 45  4 50  0  0 2026-10-01 09:43:33
 2  0      0 29641944  23428 485188    0    0     0    16 98668 68058 45  5 50  0  0 2026-10-01 09:43:34
16  0      0 29488876  23428 486236    0    0     0     4 98609 60867 51  5 43  0  0 2026-10-01 09:43:35
 3  0      0 29291952  23428 487148    0    0     0     0 102026 62129 53  5 42  0  0 2026-10-01 09:43:36
 4  0      0 29198656  23428 488084    0    0     0     0 97838 65065 47  4 48  0  0 2026-10-01 09:43:37
16  0      0 29132604  23428 489028    0    0     0     0 96173 68903 42  5 53  0  0 2026-10-01 09:43:38
procs -----------memory---------- ---swap-- -----io---- -system-- ------cpu----- -----timestamp-----
 r  b   swpd   free   buff  cache   si   so    bi    bo   in   cs us sy id wa st                 UTC
16  1      0 29021108  23436 489684    0    0     0    12 103971 64014 53  5 42  0  0 2026-10-01 09:43:39
 8  0      0 28994680  23436 490516    0    0     0     0 101305 72335 46  6 48  0  0 2026-10-01 09:43:40
 3  0      0 28701892  23436 491276    0    0     0     0 111819 63407 53  6 41  0  0 2026-10-01 09:43:41
 5  0      0 28694528  23436 492188    0    0     0     0 100941 65183 54  5 41  0  0 2026-10-01 09:43:42
 3  0      0 28494384  23436 492932    0    0     0     0 114110 65751 52  6 42  0  0 2026-10-01 09:43:43
 7  0      0 28489628  23436 493812    0    0     0     0 101528 66813 52  5 43  0  0 2026-10-01 09:43:44
16  0      0 28425908  23444 494396    0    0     0    12 111328 71297 50  5 45  0  0 2026-10-01 09:43:45
16  0      0 28325244  23444 495212    0    0     0     0 119022 74780 48  6 46  0  0 2026-10-01 09:43:46
 2  0      0 28194432  23444 496012    0    0     0     0 115906 62154 57  6 37  0  0 2026-10-01 09:43:47
16  0      0 27984920  23444 496620    0    0     0     0 121873 59338 59  6 35  0  0 2026-10-01 09:43:48
16  0      0 27904172  23444 497428    0    0     0     4 115562 61770 58  6 36  0  0 2026-10-01 09:43:49
 9  0      0 27892804  23444 498180    0    0     0     0 118316 81831 46  6 49  0  0 2026-10-01 09:43:50
 4  0      0 27730020  23452 498908    0    0     0    12 123463 60354 57  6 37  0  0 2026-10-01 09:43:51
 2  0      0 27729380  23452 499540    0    0     0     0 111355 62210 59  5 36  0  0 2026-10-01 09:43:52
 0  0      0 27730440  23452 500036    0    0     0     0 127534 88015 43  7 51  0  0 2026-10-01 09:43:53
 4  0      0 27516636  23452 500272    0    0     0    40 142404 81081 50  7 43  0  0 2026-10-01 09:43:54
 8  0      0 27481748  23452 500272    0    0     0     0 122636 77341 53  6 41  0  0 2026-10-01 09:43:55
16  0      0 27476332  23452 500816    0    0     0     0 124431 76872 52  7 41  0  0 2026-10-01 09:43:56
 9  0      0 27309952  23460 501864    0    0     0    12 129443 48482 69  7 24  0  0 2026-10-01 09:43:57
 8  0      0 27218788  23460 502792    0    0     0     0 130468 62948 63  7 30  0  0 2026-10-01 09:43:58
16  0      0 27161840  23460 503360    0    0     0     0 134382 79901 51  7 42  0  0 2026-10-01 09:43:59
procs -----------memory---------- ---swap-- -----io---- -system-- ------cpu----- -----timestamp-----
 r  b   swpd   free   buff  cache   si   so    bi    bo   in   cs us sy id wa st                 UTC
 5  0      0 27073320  23460 504088    0    0     0     0 136710 67620 60  7 33  0  0 2026-10-01 09:44:00
 2  0      0 27003876  23460 504608    0    0     0     0 122793 59122 55 13 32  0  0 2026-10-01 09:44:01
16  0      0 26991556  23468 505124    0    0     0    48 118768 30288 51 33 16  0  0 2026-10-01 09:44:02
 6  0      0 26966732  23468 505560    0    0     0     0 142617 68351 55 15 31  0  0 2026-10-01 09:44:03
 6  0      0 26768128  23468 505600    0    0     0     0 155548 86647 49  9 42  0  0 2026-10-01 09:44:04
 3  0      0 26767836  23468 505600    0    0     0     0 153158 114940 34  7 59  0  0 2026-10-01 09:44:05
16  0      0 26739456  23468 505600    0    0     0     8 143592 84485 57  7 36  0  0 2026-10-01 09:44:06
16  0      0 26717956  23468 505736    0    0     0   188 111317 35683 68 14 18  0  0 2026-10-01 09:44:07
16  0      0 26677820  23476 506484    0    0     0    36 106979 2741 48 52  0  0  0 2026-10-01 09:44:08
16  0      0 26721096  23476 507460    0    0     0     0 103004 7938 66 33  1  0  0 2026-10-01 09:44:09
16  0      0 26694932  23476 508172    0    0     0     0 93487 7280 62 38  0  0  0 2026-10-01 09:44:10
16  0      0 26715712  23476 508668    0    0     0     0 133224 24906 57 33 10  0  0 2026-10-01 09:44:11
16  0      0 26409940  23476 509348    0    0     0     4 127360 10275 61 36  3  0  0 2026-10-01 09:44:12
16  0      0 26408812  23484 510396    0    0     0    12 114415 5245 52 48  0  0  0 2026-10-01 09:44:13
27  0      0 26243460  23484 511036    0    0     0     0 114965 11151 56 44  0  0  0 2026-10-01 09:44:14
16  0      0 26193152  23484 511780    0    0     0     0 130869 14215 65 33  3  0  0 2026-10-01 09:44:15
 3  0      0 26179296  23484 511956    0    0     0     0 170386 93245 49 13 39  0  0 2026-10-01 09:44:16
 5  0      0 25960196  23484 511956    0    0     0     0 171719 89184 57  9 34  0  0 2026-10-01 09:44:17
10  0      0 25953152  23492 511956    0    0     0    16 180827 121370 40  9 51  0  0 2026-10-01 09:44:18
 5  0      0 25936800  23492 511956    0    0     0     0 164850 82889 62  7 30  0  0 2026-10-01 09:44:19
16  0      0 25897924  23492 511948    0    0     0     0 144519 49733 53 25 23  0  0 2026-10-01 09:44:20
procs -----------memory---------- ---swap-- -----io---- -system-- ------cpu----- -----timestamp-----
 r  b   swpd   free   buff  cache   si   so    bi    bo   in   cs us sy id wa st                 UTC
16  0      0 25821256  23492 512244    0    0     0     0 122237 5804 52 48  0  0  0 2026-10-01 09:44:21
16  0      0 25917040  23492 512684    0    0     0     0 84405 5207 62 37  0  0  0 2026-10-01 09:44:22
 1  0      0 25897672  23492 512740    0    0     0     0 145538 79096 44 23 34  0  0 2026-10-01 09:44:23
 0  0      0 25897672  23500 512740    0    0     0    16 8243 9349  1  0 99  0  0 2026-10-01 09:44:24
 0  0      0 31169068  23508 475160    0    0     0    24 73617 1263  0  6 94  0  0 2026-10-01 09:44:25
 0  0      0 31169068  23508 475160    0    0     0     0 14648  111  0  0 100  0  0 2026-10-01 09:44:26
 0  0      0 31169068  23508 475160    0    0     0    12  107  154  0  0 100  0  0 2026-10-01 09:44:27
 0  0      0 31169068  23508 475160    0    0     0     0   87  148  0  0 100  0  0 2026-10-01 09:44:28
 0  0      0 31169068  23508 475164    0    0     0     0   60  106  0  0 100  0  0 2026-10-01 09:44:29
 0  0      0 31168564  23516 475156    0    0     0   588  189  248  0  0 100  0  0 2026-10-01 09:44:30
 0  0      0 31165852  23516 475168    0    0     0     0  161  180  0  0 100  0  0 2026-10-01 09:44:31
