procs -----------memory---------- ---swap-- -----io---- -system-- ------cpu----- -----timestamp-----
 r  b   swpd   free   buff  cache   si   so    bi    bo   in   cs us sy id wa st                 UTC
 1  0      0 2591344  82736 938652    0    0    64   679  863 1653 12  3 85  0  0 2026-10-01 09:43:18
 4  0      0 2609420  82756 898180    0    0  1448 10404 1079 1871  8  4 84  5  0 2026-10-01 09:43:19
 0  0      0 2546924  82848 901332    0    0     0 21188 5979 11001 41  5 35 20  0 2026-10-01 09:43:20
 0  0      0 2546924  82848 901332    0    0     0  1412  172  308  0  1 98  2  0 2026-10-01 09:43:21
 0  0      0 2546924  82848 901332    0    0     0     0   32   38  0  0 100  0  0 2026-10-01 09:43:22
 0  0      0 2539392  82852 901928    0    0     0   372 1590 1624  3  2 94  2  0 2026-10-01 09:43:23
 0  1      0 2490108  82892 907408    0    0     0  3144 9522 10254 21  6 62 12  0 2026-10-01 09:43:24
 2  0      0 2465032  82916 914740    0    0     0  3328 14362 15530 36  7 47 10  0 2026-10-01 09:43:25
 4  0      0 2396564  82936 923580    0    0     0  3108 19628 20612 44 13 35  8  0 2026-10-01 09:43:26
 3  0      0 2336332  82960 931704    0    0     0  2132 19645 19528 49  9 35  6  0 2026-10-01 09:43:27
 2  0      0 2316424  82976 942936    0    0     0  2952 25600 24702 67 12 17  4  0 2026-10-01 09:43:28
 3  0      0 2227196  82996 953092    0    0     0  2096 26844 26454 59 16 22  4  0 2026-10-01 09:43:29
 2  0      0 2161384  83004 963664    0    0     0  1280 28389 21701 74 14 11  1  0 2026-10-01 09:43:30
 1  0      0 2146416  83020 975188    0    0     0  1632 30964 25486 76 11 11  2  0 2026-10-01 09:43:31
 3  0      0 2079924  83036 986032    0    0     0  1288 32613 25089 68 16 14  1  0 2026-10-01 09:43:32
 4  0      0 1961004  83052 997644    0    0     0  1996 33329 20626 77 20  3  1  0 2026-10-01 09:43:33
 4  0      0 1925776  83076 1008688    0    0     0  1572 33323 20615 84 11  4  0  0 2026-10-01 09:43:34
 5  0      0 1909588  83092 1020036    0    0     0  1864 36414 24522 79 14  5  1  0 2026-10-01 09:43:35
 4  0      0 1885700  83116 1031856    0    0     0  1328 37834 23284 78 17  5  1  0 2026-10-01 09:43:36
 5  0      0 1776164  83136 1042908    0    0     0  1412 39189 23527 79 17  3  0  0 2026-10-01 09:43:37
 3  0      0 1664100  83144 1051756    0    0     0   968 36332 18356 81 16  3  1  0 2026-10-01 09:43:38
procs -----------memory---------- ---swap-- -----io---- -system-- ------cpu----- -----timestamp-----
 r  b   swpd   free   buff  cache   si   so    bi    bo   in   cs us sy id wa st                 UTC
 4  0      0 1644580  83164 1063512    0    0     0  1640 38884 19458 81 16  4  1  0 2026-10-01 09:43:39
 5  0      0 1632088  83164 1073588    0    0     0  1232 40112 23842 80 14  5  1  0 2026-10-01 09:43:40
 4  0      0 1615508  83180 1084784    0    0     0  1752 40995 21554 79 17  3  1  0 2026-10-01 09:43:41
 4  0      0 1597320  83188 1095996    0    0     0  1252 41882 19328 78 18  3  0  0 2026-10-01 09:43:42
 5  0      0 1492080  83192 1106088    0    0     0   832 43907 21621 81 16  3  0  1 2026-10-01 09:43:43
 4  0      0 1380076  83204 1116116    0    0     0  1260 42090 16368 80 17  2  1  0 2026-10-01 09:43:44
 4  0      0 1328720  83204 1124704    0    0     0   472 39023 11499 81 17  2  1  0 2026-10-01 09:43:45
 6  0      0 1314580  83224 1135000    0    0     0  2156 44010 19996 79 17  3  1  0 2026-10-01 09:43:46
 4  0      0 1302116  83232 1144252    0    0     0 83328 45600 19044 79 19  3  0  0 2026-10-01 09:43:47
 4  0      0 1289080  83248 1153724    0    0     0  1116 46227 20858 82 15  3  1  0 2026-10-01 09:43:48
 4  0      0 1273732  83260 1164256    0    0     0  1484 44882 14706 79 19  1  2  0 2026-10-01 09:43:49
 4  0      0 1225120  83260 1173412    0    0     0   804 47266 18816 78 20  2  0  0 2026-10-01 09:43:50
 4  0      0 1117040  83268 1182444    0    0     0   664 48823 19378 76 22  2  0  0 2026-10-01 09:43:51
 3  1      0 1009188  83276 1189688    0    0     0 22236 43024 13458 80 19  1  0  0 2026-10-01 09:43:52
 4  0      0 981448  83284 1198136    0    0     0 160056 47505 8950 77 22  0  1  0 2026-10-01 09:43:53
 1  0      0 969644  83296 1206760    0    0     0   984 50452 18183 81 17  3  1  0 2026-10-01 09:43:54
 4  0      0 959480  83304 1214584    0    0     0   720 49854 19556 80 18  3  0  0 2026-10-01 09:43:55
 3  0      0 945476  83304 1224088    0    0     0   864 50432 13107 79 19  0  1  0 2026-10-01 09:43:56
 2  0      0 933968  83312 1232084    0    0     0   596 51134 18908 81 16  4  0  0 2026-10-01 09:43:57
 2  0      0 920888  83320 1240904    0    0     0  1088 51048 17010 79 19  2  0  0 2026-10-01 09:43:58
 2  0      0 880592  83332 1249704    0    0     0   808 50823 11582 81 18  0  0  0 2026-10-01 09:43:59
procs -----------memory---------- ---swap-- -----io---- -system-- ------cpu----- -----timestamp-----
 r  b   swpd   free   buff  cache   si   so    bi    bo   in   cs us sy id wa st                 UTC
 4  0      0 773320  83344 1257980    0    0     0   660 50179 9558 75 24  1  1  0 2026-10-01 09:44:00
 4  0      0 677040  83352 1265468    0    0     0   832 51645 16116 75 23  2  0  0 2026-10-01 09:44:01
 4  0      0 639260  83352 1270160    0    0     0     0 47091 3736 81 19  0  0  0 2026-10-01 09:44:02
 2  0      0 622504  83356 1278748    0    0     0  1500 52352 11857 78 20  1  1  0 2026-10-01 09:44:03
 4  0      0 615392  83356 1284040    0    0     0     0 59253 19949 78 20  2  0  0 2026-10-01 09:44:04
 4  0      0 608432  83360 1289536    0    0     0   808 57899 18049 78 21  2  1  0 2026-10-01 09:44:05
 4  0      0 600988  83368 1295384    0    0     0   352 56269 20905 77 21  2  0  0 2026-10-01 09:44:06
 3  0      0 587492  83380 1304104    0    0     0  1512 54492 11587 77 22  0  1  0 2026-10-01 09:44:07
 4  0      0 576920  83388 1312204    0    0     0  1064 53239 13426 75 21  4  1  0 2026-10-01 09:44:08
 5  0      0 568616  83388 1319680    0    0     0     0 51680 15298 76 20  4  0  0 2026-10-01 09:44:09
 4  0      0 556824  83388 1329432    0    0     0     0 51674 10204 78 20  2  0  0 2026-10-01 09:44:10
 3  0      0 465708  83388 1335428    0    0     0     0 58183 12005 74 24  1  0  0 2026-10-01 09:44:11
 2  0      0 364236  83388 1343620    0    0     0 52744 56587 10221 74 25  2  0  0 2026-10-01 09:44:12
 2  0      0 266836  83388 1349092    0    0     0   280 48161 4660 78 22  0  0  0 2026-10-01 09:44:13
 2  0      0 258236  83388 1354912    0    0     0     0 56928 11371 75 23  2  0  0 2026-10-01 09:44:14
 3  0      0 246948  83388 1362844    0    0     0     0 58705 8260 76 23  2  0  1 2026-10-01 09:44:15
 5  0      0 237932  83388 1368792    0    0     0     0 57720 10304 76 22  3  0  0 2026-10-01 09:44:16
 2  1      0 231128  83392 1373624    0    0     4 95368 62543 16927 76 23  1  1  0 2026-10-01 09:44:17
 4  0      0 224776  83392 1377608    0    0     0 34060 68170 9721 73 27  1  0  0 2026-10-01 09:44:18
 3  0      0 219568  83392 1382296    0    0     0   484 59189 17286 73 24  3  1  0 2026-10-01 09:44:19
 4  0      0 213520  83392 1388024    0    0     0    24 60295 12613 76 23  1  0  0 2026-10-01 09:44:20
procs -----------memory---------- ---swap-- -----io---- -system-- ------cpu----- -----timestamp-----
 r  b   swpd   free   buff  cache   si   so    bi    bo   in   cs us sy id wa st                 UTC
 3  0      0 207728  83392 1393268    0    0     0   392 61145 29214 57 19 24  0  0 2026-10-01 09:44:21
 4  0      0 201932  83392 1398396    0    0     0   196 50472 17386 65 18 17  0  0 2026-10-01 09:44:22
 0  0      0 191712  83392 1406136    0    0     0     0 49349 21955 70 19 11  0  0 2026-10-01 09:44:23
 0  0      0 191712  83392 1406420    0    0     0     0 23566 15888  5  7 88  0  0 2026-10-01 09:44:24
 2  0      0 191712  83392 1404932    0    0     0     0 35639 23744  9 12 80  0  0 2026-10-01 09:44:25
 0  0      0 275520  83392 1388572    0    0     0   264 47711 34887  8 19 73  0  0 2026-10-01 09:44:26
 0  0      0 275520  83392 1388572    0    0     0     0   41   37  1  0 100  0  0 2026-10-01 09:44:27
 0  0      0 272528  83392 1388572    0    0     0     0   83   65  0  0 100  0  0 2026-10-01 09:44:28
