procs -----------memory---------- ---swap-- -----io---- -system-- ------cpu----- -----timestamp-----
 r  b   swpd   free   buff  cache   si   so    bi    bo   in   cs us sy id wa st                 UTC
 1  0      0 2636816  76504 878528    0    0    67   712  966 1597 12  3 84  0  0 2026-10-01 09:43:18
 1  4      0 2677928  76516 833932    0    0  1260 10484  944 1691  5  4 88  4  0 2026-10-01 09:43:19
 0  0      0 2621632  76556 836980    0    0     0 20556 5655 10521 42  7 33 18  0 2026-10-01 09:43:20
 0  0      0 2621632  76556 836980    0    0     0  1384  182  322  0  0 99  2  0 2026-10-01 09:43:21
 0  0      0 2621632  76556 836980    0    0     0     0   33   39  1  0 100  0  0 2026-10-01 09:43:22
 1  0      0 2600336  76560 839076    0    0     0  1340 3748 4166 10  2 85  3  0 2026-10-01 09:43:23
 4  0      0 2543828  76632 848304    0    0     0  4952 16598 18539 47  7 32 14  0 2026-10-01 09:43:24
 2  0      0 2504532  76644 855108    0    0     0  2800 15335 17167 32  7 51 10  0 2026-10-01 09:43:25
 4  0      0 2422188  76672 864860    0    0     0  2700 21304 20212 58 12 24  6  0 2026-10-01 09:43:26
 4  0      0 2397748  76708 875948    0    0     0  3384 23574 22611 58 11 23  7  0 2026-10-01 09:43:27
 0  0      0 2316852  76720 886016    0    0     0  1900 26122 23944 64 13 21  3  0 2026-10-01 09:43:28
 4  0      0 2247272  76736 897768    0    0     0  2140 28344 21454 80 12  6  2  0 2026-10-01 09:43:29
 4  0      0 2228648  76760 910128    0    0     0  2808 31632 25004 77 16  6  2  0 2026-10-01 09:43:30
 4  0      0 2124860  76784 922616    0    0     0  2048 33260 22076 78 16  5  1  0 2026-10-01 09:43:31
 4  1      0 2012996  76800 933640    0    0     0  1924 31428 17067 81 16  2  2  0 2026-10-01 09:43:32
 6  0      0 1996556  76824 945628    0    0     0  1856 34122 21424 79 15  5  1  0 2026-10-01 09:43:33
 4  0      0 1980664  76840 956988    0    0     0  1424 35561 22781 77 16  6  1  0 2026-10-01 09:43:34
 3  0      0 1923664  76860 968868    0    0     0  2480 37308 21724 78 18  3  1  0 2026-10-01 09:43:35
 4  0      0 1811780  76884 980064    0    0     0  1380 39216 22920 75 20  4  0  0 2026-10-01 09:43:36
 5  0      0 1717880  76892 989228    0    0     0  1012 34494 14132 81 17  2  1  0 2026-10-01 09:43:37
 5  1      0 1703176  76908 1000560    0    0     0  1948 37780 19134 78 18  3  0  0 2026-10-01 09:43:38
procs -----------memory---------- ---swap-- -----io---- -system-- ------cpu----- -----timestamp-----
 r  b   swpd   free   buff  cache   si   so    bi    bo   in   cs us sy id wa st                 UTC
 7  0      0 1687380  76920 1011172    0    0     0  1332 40555 23030 78 16  5  1  0 2026-10-01 09:43:39
 5  0      0 1672972  76924 1022072    0    0     0  1596 41979 23970 78 18  3  1  0 2026-10-01 09:43:40
 4  0      0 1639116  76932 1033120    0    0     0  1236 42389 21758 75 22  2  0  0 2026-10-01 09:43:41
 4  0      0 1528988  76944 1043344    0    0     0   920 42547 20011 77 20  2  0  0 2026-10-01 09:43:42
 4  0      0 1423552  76948 1051692    0    0     0  1152 40636 18345 79 18  3  1  0 2026-10-01 09:43:43
 9  0      0 1384792  76956 1062124    0    0     0  1228 41326 14333 80 17  2  1  0 2026-10-01 09:43:44
 5  0      0 1373480  76972 1071496    0    0     0  1432 45217 21898 78 19  3  1  0 2026-10-01 09:43:45
 3  0      0 1359252  76972 1081080    0    0     0 82176 45549 20030 79 18  3  0  0 2026-10-01 09:43:46
 4  0      0 1344832  76972 1090652    0    0     0   960 46362 20835 80 18  2  1  0 2026-10-01 09:43:47
 5  0      0 1331192  76988 1100672    0    0     0  1432 45565 18286 82 15  2  0  0 2026-10-01 09:43:48
 4  0      0 1270456  76988 1110456    0    0     0   836 46541 14875 75 24  1  0  0 2026-10-01 09:43:49
 4  0      0 1158704  76988 1119988    0    0     0   548 46223 15249 79 19  2  1  0 2026-10-01 09:43:50
 4  0      0 1041664  76988 1126852    0    0     0 28136 40493 8736 77 21  1  1  0 2026-10-01 09:43:51
 4  0      0 1024776  76992 1136112    0    0     0 157356 48057 10314 77 22  1  1  0 2026-10-01 09:43:52
 7  0      0 1014444  76992 1143904    0    0     0   540 51411 19214 75 22  2  0  0 2026-10-01 09:43:53
 5  0      0 1004032  76996 1151104    0    0     0  1300 50406 21449 77 20  3  1  0 2026-10-01 09:43:54
 5  0      0 996740  77004 1157300    0    0     0   984 52744 24536 77 20  3  0  0 2026-10-01 09:43:55
 5  0      0 987920  77008 1164820    0    0     0  1484 52197 20737 77 22  2  0  0 2026-10-01 09:43:56
 5  0      0 971380  77020 1177300    0    0     0  2024 48682 10120 77 22  0  1  0 2026-10-01 09:43:57
 2  0      0 939636  77028 1186560    0    0     0   864 50358 9503 77 22  1  1  0 2026-10-01 09:43:58
 6  0      0 850792  77028 1193176    0    0     0     0 56835 19599 71 28  1  0  1 2026-10-01 09:43:59
procs -----------memory---------- ---swap-- -----io---- -system-- ------cpu----- -----timestamp-----
 r  b   swpd   free   buff  cache   si   so    bi    bo   in   cs us sy id wa st                 UTC
 2  0      0 742680  77028 1201496    0    0     0     0 53402 12437 74 24  2  0  0 2026-10-01 09:44:00
 3  0      0 651300  77028 1206036    0    0     0   400 44842 4787 80 20  0  0  0 2026-10-01 09:44:01
 4  1      0 633256  77032 1215992    0    0     0   704 51147 6403 79 21  0  0  0 2026-10-01 09:44:02
 4  0      0 626788  77036 1221468    0    0     0   608 57115 16718 75 21  4  1  0 2026-10-01 09:44:03
 3  0      0 620992  77040 1227040    0    0     0   764 53750 21623 78 20  3  0  0 2026-10-01 09:44:04
 2  0      0 611584  77048 1232312    0    0     0   700 59180 18731 75 23  1  0  0 2026-10-01 09:44:05
 3  0      0 604316  77052 1237536    0    0     0   344 55864 21047 75 23  3  0  0 2026-10-01 09:44:06
 2  0      0 621956  77068 1247040    0    0     0  1404 52730 8229 76 23  0  1  0 2026-10-01 09:44:07
 3  0      0 608168  77080 1256216    0    0     0   528 53876 10745 75 23  2  1  0 2026-10-01 09:44:08
 2  0      0 600716  77080 1262544    0    0     0   400 51113 12001 75 21  5  1  0 2026-10-01 09:44:09
 4  0      0 551196  77080 1273232    0    0     0     0 52103 8668 79 19  2  0  0 2026-10-01 09:44:10
 6  0      0 456732  77080 1277964    0    0     0     0 56902 11745 75 24  2  0  0 2026-10-01 09:44:11
 2  0      0 356800  77080 1286500    0    0     0 44792 54832 10776 71 27  2  0  0 2026-10-01 09:44:12
 2  0      0 286544  77080 1292520    0    0     0     0 51605 1377 77 23  0  0  0 2026-10-01 09:44:13
 3  0      0 276564  77080 1299732    0    0     0   304 51314 12855 78 20  3  0  0 2026-10-01 09:44:14
 3  0      0 269252  77080 1304768    0    0     0     0 63671 5877 72 27  1  0  0 2026-10-01 09:44:15
 3  0      0 262868  77088 1310100    0    0     4 136304 59126 16712 69 28  1  2  0 2026-10-01 09:44:16
 1  0      0 258332  77088 1314480    0    0     0     0 61968 17611 76 22  2  0  0 2026-10-01 09:44:17
 4  0      0 253796  77088 1318676    0    0     0     0 64939 14306 71 29  1  0  0 2026-10-01 09:44:18
 3  0      0 246068  77088 1323560    0    0     0     0 58445 16871 75 22  3  0  1 2026-10-01 09:44:19
 6  0      0 233160  77100 1333324    0    0     0  1512 58859 7505 75 25  0  0  0 2026-10-01 09:44:20
procs -----------memory---------- ---swap-- -----io---- -system-- ------cpu----- -----timestamp-----
 r  b   swpd   free   buff  cache   si   so    bi    bo   in   cs us sy id wa st                 UTC
 2  0      0 224088  77100 1340668    0    0     0   380 57025 9037 71 27  1  1  0 2026-10-01 09:44:21
 2  0      0 215808  77100 1347748    0    0     0     0 53036 10134 75 22  3  0  0 2026-10-01 09:44:22
 4  0      0 207784  77100 1354196    0    0     0     0 51536 20356 70 22  9  0  0 2026-10-01 09:44:23
 0  0      0 207280  77100 1354528    0    0     0     0 28679 15489 38  9 53  0  0 2026-10-01 09:44:24
 0  0      0 207280  77100 1352708    0    0     0     0 32940 21643  7 15 78  0  0 2026-10-01 09:44:25
 0  0      0 275584  77100 1336448    0    0     0   288 48015 35066  9 15 75  1  0 2026-10-01 09:44:26
 0  0      0 275584  77100 1336448    0    0     0     0   31   40  0  0 100  0  0 2026-10-01 09:44:27
 0  0      0 275584  77100 1336448    0    0     0     0   26   32  0  0 100  0  0 2026-10-01 09:44:28
 0  0      0 275584  77100 1336448    0    0     0  2936  245  400  0  0 99  2  0 2026-10-01 09:44:29
 0  0      0 275584  77100 1336452    0    0     0     0   29   36  0  0 100  0  0 2026-10-01 09:44:30
