procs -----------memory---------- ---swap-- -----io---- -system-- ------cpu----- -----timestamp-----
 r  b   swpd   free   buff  cache   si   so    bi    bo   in   cs us sy id wa st                 UTC
 1  0      0 2549308  76212 988308    0    0    66   590  235 1362 11  3 86  0  0 2026-10-01 09:33:08
 2  0      0 2571740  76236 947140    0    0     0  9340 1077 1860  5  2 90  2  0 2026-10-01 09:33:09
 0  1      0 2505296  76496 950508    0    0     0 21180 7072 12756 47  6 28 20  0 2026-10-01 09:33:10
 0  0      0 2505296  76500 950616    0    0     0    80   85   83  0  0 100  1  0 2026-10-01 09:33:11
 0  0      0 2505296  76500 950616    0    0     0     0   40   56  0  0 100  0  0 2026-10-01 09:33:12
 0  0      0 2501544  76504 950612    0    0     0   164  692  891  1  1 98  1  0 2026-10-01 09:33:13
 0  0      0 2451196  76568 954720    0    0     0  1984 15521 19265 30  7 56  7  0 2026-10-01 09:33:14
 0  0      0 2440472  76596 958580    0    0     0  1660 16304 20665 26  5 63  7  0 2026-10-01 09:33:15
 0  0      0 2395612  76660 964572    0    0     0  1924 19339 21567 38  9 46  7  0 2026-10-01 09:33:16
 2  0      0 2333368  76676 969788    0    0     0  1096 18614 18350 40 11 45  3  0 2026-10-01 09:33:17
 0  0      0 2318392  76696 975884    0    0     0   996 19645 19383 41  9 47  3  0 2026-10-01 09:33:18
 2  0      0 2300412  76708 981468    0    0     0   672 21157 21037 42  7 49  3  0 2026-10-01 09:33:19
 3  0      0 2227992  76724 988680    0    0     0  1328 24522 22219 53 11 34  2  0 2026-10-01 09:33:20
12  0      0 2177700  76736 995304    0    0     0   792 23308 19491 52 13 33  2  0 2026-10-01 09:33:21
 5  0      0 2168052  76740 1002332    0    0     0   512 25677 22222 52 10 37  2  0 2026-10-01 09:33:22
 3  0      0 2155604  76780 1010608    0    0     0  1312 26384 20421 57 13 27  3  0 2026-10-01 09:33:23
 1  0      0 2081812  76804 1017876    0    0     0   652 28176 22060 58 11 30  1  0 2026-10-01 09:33:24
 4  0      0 2009388  76824 1026476    0    0     0   628 27510 14682 76 11 12  1  0 2026-10-01 09:33:25
 4  0      0 1999152  76824 1034408    0    0     0    84 28123 19028 61 11 27  1  0 2026-10-01 09:33:26
 7  0      0 1988732  76832 1042276    0    0     0   420 30503 21595 63 10 26  1  0 2026-10-01 09:33:27
 5  0      0 1965912  76844 1050528    0    0     0   720 30003 18617 66 11 22  1  0 2026-10-01 09:33:28
procs -----------memory---------- ---swap-- -----io---- -system-- ------cpu----- -----timestamp-----
 r  b   swpd   free   buff  cache   si   so    bi    bo   in   cs us sy id wa st                 UTC
 3  0      0 1876084  76864 1059184    0    0     0   676 31530 16832 68 14 18  0  0 2026-10-01 09:33:29
 5  0      0 1804832  76868 1067536    0    0     0   328 29421 10489 76 14  9  0  0 2026-10-01 09:33:30
 8  0      0 1791936  76868 1076756    0    0     0   256 30355 10692 74 11 15  1  0 2026-10-01 09:33:31
 4  0      0 1781852  76868 1084276    0    0     0  1200 34948 22307 63 13 24  0  0 2026-10-01 09:33:32
 6  0      0 1768048  76872 1093324    0    0     0   556 33090 13527 69 16 14  1  0 2026-10-01 09:33:33
 3  0      0 1719548  76872 1101604    0    0     0   384 32536 11861 63 16 20  1  0 2026-10-01 09:33:34
 3  0      0 1628764  76872 1109220    0    0     0 53932 35129 15795 65 17 16  2  1 2026-10-01 09:33:35
 3  0      0 1556268  76872 1117460    0    0     0     0 30629 1619 80 17  3  0  0 2026-10-01 09:33:36
 3  0      0 1546480  76872 1125872    0    0     0   396 36001 14419 69 13 18  0  0 2026-10-01 09:33:37
 5  0      0 1537252  76880 1133632    0    0     0   232 37758 16410 64 15 21  0  0 2026-10-01 09:33:38
 4  0      0 1526932  76880 1141932    0    0     0    12 37278 13061 69 16 15  0  0 2026-10-01 09:33:39
 4  0      0 1519120  76880 1149024    0    0     0 126032 40400 18101 62 18 20  1  0 2026-10-01 09:33:40
 3  0      0 1490920  76884 1157160    0    0     0   172 37500 12034 72 17 12  0  0 2026-10-01 09:33:41
 2  0      0 1423412  76884 1162660    0    0     0     0 41474 22312 50 18 32  0  0 2026-10-01 09:33:42
 6  0      0 1349268  76884 1168480    0    0     0     0 39021 18504 60 17 23  0  0 2026-10-01 09:33:43
 5  0      0 1294664  76884 1174484    0    0     0   320 36928 10012 72 15 14  0  0 2026-10-01 09:33:44
 5  0      0 1284308  76884 1182212    0    0     0     0 40005 15691 68 15 17  0  0 2026-10-01 09:33:45
 6  0      0 1275460  76888 1188320    0    0     0  3020 42946 24096 55 17 27  2  0 2026-10-01 09:33:46
 5  0      0 1268332  76888 1193612    0    0     0     0 41800 26114 48 19 33  0  0 2026-10-01 09:33:47
 2  0      0 1260112  76888 1200248    0    0     0     0 39060 15802 61 18 21  0  0 2026-10-01 09:33:48
 2  0      0 1253952  76888 1204760    0    0     0     0 41186 24938 53 12 35  0  0 2026-10-01 09:33:49
procs -----------memory---------- ---swap-- -----io---- -system-- ------cpu----- -----timestamp-----
 r  b   swpd   free   buff  cache   si   so    bi    bo   in   cs us sy id wa st                 UTC
 3  0      0 1246012  76888 1209340    0    0     0     0 41518 23684 46 16 38  0  0 2026-10-01 09:33:50
 3  0      0 1238532  76888 1214972    0    0     0   108 41374 20923 58 17 26  0  0 2026-10-01 09:33:51
 6  0      0 1189476  76888 1219616    0    0     0     0 43507 25056 48 19 32  0  0 2026-10-01 09:33:52
 0  0      0 1111188  76888 1225052    0    0     0     0 43745 18986 60 20 20  0  0 2026-10-01 09:33:53
 2  0      0 1037964  76888 1228852    0    0     0     0 35674 16722 59 17 24  0  0 2026-10-01 09:33:54
 2  0      0 1027716  76888 1233072    0    0     0     0 44315 19632 57 17 26  0  0 2026-10-01 09:33:55
 2  0      0 1020996  76888 1237512    0    0     0   104 41324 25299 47 15 37  0  0 2026-10-01 09:33:56
 2  0      0 1015044  76888 1242556    0    0     0     0 45895 23262 57 18 25  0  1 2026-10-01 09:33:57
 2  0      0 1008896  76888 1246760    0    0     0     0 41164 23782 50 17 34  0  0 2026-10-01 09:33:58
 0  0      0 1005116  76888 1250448    0    0     0     0 46545 30798 43 16 40  0  0 2026-10-01 09:33:59
 6  0      0 997864  76888 1254560    0    0     0     0 45369 29574 50 15 35  0  0 2026-10-01 09:34:00
 3  0      0 990624  76888 1260564    0    0     0   112 39892 14709 66 15 20  0  0 2026-10-01 09:34:01
 7  0      0 987600  76888 1263364    0    0     0     0 48926 35662 38 18 44  0  0 2026-10-01 09:34:02
 2  0      0 982376  76888 1267688    0    0     0     0 41633 20422 54 15 31  0  0 2026-10-01 09:34:03
 0  0      0 976496  76888 1271592    0    0     0     0 44481 27497 44 16 40  0  0 2026-10-01 09:34:04
 7  0      0 918120  76888 1275984    0    0     0   136 43967 21535 57 18 25  0  0 2026-10-01 09:34:05
 0  0      0 863196  76888 1279484    0    0     0 23064 45311 29476 46 20 33  1  0 2026-10-01 09:34:06
 2  0      0 808012  76888 1281824    0    0     0     0 43806 25376 55 15 31  0  0 2026-10-01 09:34:07
 4  0      0 784828  76888 1286072    0    0     0     0 44748 21213 57 15 28  0  0 2026-10-01 09:34:08
 2  0      0 778208  76888 1290076    0    0     0     0 42361 20700 51 18 31  0  0 2026-10-01 09:34:09
 2  0      0 774680  76888 1293380    0    0     0   164 43581 24978 50 17 34  0  0 2026-10-01 09:34:10
procs -----------memory---------- ---swap-- -----io---- -system-- ------cpu----- -----timestamp-----
 r  b   swpd   free   buff  cache   si   so    bi    bo   in   cs us sy id wa st                 UTC
 0  0      0 770676  76888 1296952    0    0     0 90484 51282 36535 38 24 36  1  0 2026-10-01 09:34:11
 1  0      0 766236  76888 1300128    0    0     0     0 43718 26066 45 15 40  0  0 2026-10-01 09:34:12
 3  0      0 762568  76888 1302804    0    0     0     0 43000 25561 45 17 38  0  0 2026-10-01 09:34:13
 0  0      0 761056  76888 1304096    0    0     0     0 41606 26848 25 15 61  0  0 2026-10-01 09:34:14
 0  0      0 807152  76892 1297048    0    0     0   184 48618 35004  9 18 74  0  0 2026-10-01 09:34:15
 0  0      0 806904  76892 1291080    0    0     0 39816 5298 4113  1  3 92  3  0 2026-10-01 09:34:16
 0  0      0 806904  76892 1291080    0    0     0     0   42   44  0  0 100  0  0 2026-10-01 09:34:17
 0  0      0 806904  76892 1291080    0    0     0     0   34   43  0  0 100  0  0 2026-10-01 09:34:18
 0  0      0 806904  76892 1291084    0    0     0   764  114  203  0  1 99  1  0 2026-10-01 09:34:19
