procs -----------memory---------- ---swap-- -----io---- -system-- ------cpu----- -----timestamp-----
 r  b   swpd   free   buff  cache   si   so    bi    bo   in   cs us sy id wa st                 UTC
 0  0      0 31227212  19852 441548    0    0     6     2  672  493 12  2 86  0  0 2026-10-01 09:33:08
 0  0      0 31215920  19852 441592    0    0     0     0 1862 1686  1  0 99  0  0 2026-10-01 09:33:09
 0  0      0 31214184  19852 441592    0    0     0     0 2886 2258  1  0 99  0  0 2026-10-01 09:33:10
 0  0      0 31213456  19852 441592    0    0     0     0  124  209  0  0 100  0  0 2026-10-01 09:33:11
 0  0      0 31213456  19852 441592    0    0     0     0   71  129  0  0 100  0  0 2026-10-01 09:33:12
 0  0      0 31194304  19852 441592    0    0     0     0 17854 18794  5  1 94  0  0 2026-10-01 09:33:13
 0  0      0 31148468  19860 441592    0    0     0    48 34556 41820 10  1 89  0  0 2026-10-01 09:33:14
 0  0      0 31074296  19860 441560    0    0     0     0 43220 47684 17  2 82  0  0 2026-10-01 09:33:15
11  0      0 31020704  19860 441848    0    0     0     0 44928 50091 18  1 81  0  0 2026-10-01 09:33:16
 0  0      0 30935192  19860 442360    0    0     0     0 52848 54518 23  2 75  0  0 2026-10-01 09:33:17
 4  0      0 30800440  19860 443216    0    0     0     0 54765 52098 24  3 73  0  0 2026-10-01 09:33:18
 3  0      0 30700412  19868 444048    0    0     0    20 60806 56076 30  3 67  0  0 2026-10-01 09:33:19
 4  0      0 30624848  19868 444896    0    0     0     4 63625 58040 29  3 68  0  0 2026-10-01 09:33:20
 0  0      0 30508908  19868 445872    0    0     0     0 68262 61515 33  3 64  0  0 2026-10-01 09:33:21
 2  0      0 30418840  19868 446672    0    0     0     0 73428 61112 36  4 60  0  0 2026-10-01 09:33:22
 0  0      0 30252332  19868 447688    0    0     0     0 75608 59036 39  3 58  0  0 2026-10-01 09:33:23
16  0      0 30219584  19868 448600    0    0     0     0 78427 63592 37  3 60  0  0 2026-10-01 09:33:24
16  0      0 29939284  19876 449408    0    0     0    12 81626 55704 41  4 55  0  0 2026-10-01 09:33:25
 1  0      0 29905692  19876 450360    0    0     0     4 83202 60867 45  4 51  0  0 2026-10-01 09:33:26
 3  0      0 29674612  19876 451280    0    0     0     0 91345 64912 41  5 54  0  0 2026-10-01 09:33:27
16  0      0 29665208  19876 452088    0    0     0     0 86746 62053 46  4 50  0  0 2026-10-01 09:33:28
procs -----------memory---------- ---swap-- -----io---- -system-- ------cpu----- -----timestamp-----
 r  b   swpd   free   buff  cache   si   so    bi    bo   in   cs us sy id wa st                 UTC
 5  1      0 29459676  19884 452960    0    0     0    12 99930 62949 45  5 50  0  0 2026-10-01 09:33:29
16  0      0 29342040  19884 453912    0    0     0     0 97317 58413 50  5 45  0  0 2026-10-01 09:33:30
 6  0      0 29254848  19884 454728    0    0     0     0 96412 56388 52  5 43  0  0 2026-10-01 09:33:31
16  0      0 29030308  19884 455432    0    0     0   624 102769 62838 47  5 48  0  0 2026-10-01 09:33:32
 5  0      0 28950652  19884 456392    0    0     0     0 98764 53354 58  5 37  0  0 2026-10-01 09:33:33
 6  0      0 28874508  19884 456960    0    0     0     0 102495 70947 41  5 54  0  0 2026-10-01 09:33:34
 1  0      0 28653312  19892 457840    0    0     0    36 113890 54586 55  6 39  0  0 2026-10-01 09:33:35
 0  0      0 28650376  19892 458640    0    0     0     0 102201 56397 55  5 39  0  0 2026-10-01 09:33:36
 0  0      0 28495336  19892 459280    0    0     0     0 112938 56060 53  6 40  0  0 2026-10-01 09:33:37
16  0      0 28484348  19892 460072    0    0     0     4 103228 54259 54  5 41  0  0 2026-10-01 09:33:38
 4  0      0 28178428  19892 460952    0    0     0     0 124479 50590 56  6 38  0  0 2026-10-01 09:33:39
16  0      0 28175340  19892 461288    0    0     0     0 113561 58698 52  5 43  0  0 2026-10-01 09:33:40
 0  0      0 28165356  19900 461840    0    0     0    12 118614 69611 40  6 54  0  0 2026-10-01 09:33:41
 4  0      0 28080620  19900 462184    0    0     0   572 120406 53227 54  6 39  0  0 2026-10-01 09:33:42
 7  0      0 28079396  19900 462488    0    0     0     0 115881 57374 51  5 43  0  0 2026-10-01 09:33:43
 2  0      0 28073536  19900 463212    0    0     0    40 117141 60096 50  6 44  0  0 2026-10-01 09:33:44
 1  0      0 28062124  19900 463716    0    0     0     0 126629 73408 38  6 56  0  0 2026-10-01 09:33:45
 4  0      0 27985388  19900 464124    0    0     0     0 121989 56761 52  6 42  0  0 2026-10-01 09:33:46
11  0      0 27910440  19908 464372    0    0     0    28 124365 57886 54  6 40  0  0 2026-10-01 09:33:47
16  0      0 27855564  19908 464932    0    0     0     0 128158 66086 48  6 46  0  0 2026-10-01 09:33:48
 0  0      0 27848260  19908 465372    0    0     0     0 123799 70745 42  6 52  0  0 2026-10-01 09:33:49
procs -----------memory---------- ---swap-- -----io---- -system-- ------cpu----- -----timestamp-----
 r  b   swpd   free   buff  cache   si   so    bi    bo   in   cs us sy id wa st                 UTC
 4  0      0 27765404  19908 465676    0    0     0     4 131291 65067 49  6 44  0  0 2026-10-01 09:33:50
 3  0      0 27687628  19908 466220    0    0     0     0 119022 51379 56  6 38  0  0 2026-10-01 09:33:51
 3  0      0 27679424  19908 466612    0    0     0     0 136271 86547 36  6 58  0  0 2026-10-01 09:33:52
 2  0      0 27588688  19916 467036    0    0     0    12 125168 55781 54  6 40  0  0 2026-10-01 09:33:53
16  0      0 27537532  19916 467428    0    0     0     0 123909 65393 46  5 48  0  0 2026-10-01 09:33:54
 6  0      0 27531544  19916 467812    0    0     0     0 126302 73921 41  5 54  0  0 2026-10-01 09:33:55
 4  0      0 27472784  19916 468020    0    0     0     4 123104 57994 52  6 41  0  0 2026-10-01 09:33:56
16  0      0 27387592  19916 468452    0    0     0     0 138944 74513 50  7 43  0  0 2026-10-01 09:33:57
 5  0      0 27375868  19916 468988    0    0     0     0 125006 70437 39  6 56  0  0 2026-10-01 09:33:58
 5  0      0 27291216  19924 469020    0    0     0    12 138447 69116 49  7 44  0  0 2026-10-01 09:33:59
16  0      0 27282568  19924 469396    0    0     0     0 124033 63159 49  6 45  0  0 2026-10-01 09:34:00
11  0      0 27209408  19932 470144    0    0     0    52 134287 71850 44  7 49  0  0 2026-10-01 09:34:01
16  0      0 27127792  19932 470144    0    0     0     4 136340 66907 55  6 39  0  0 2026-10-01 09:34:02
 2  0      0 27123424  19932 470712    0    0     0     0 123387 71637 35  6 58  0  0 2026-10-01 09:34:03
 2  0      0 27052004  19932 470824    0    0     0     0 138213 64299 55  6 39  0  0 2026-10-01 09:34:04
16  0      0 27048952  19932 471384    0    0     0     0 124659 64648 45 12 43  0  0 2026-10-01 09:34:05
16  0      0 26982284  19932 471792    0    0     0     0 123830 58589 46 14 40  0  0 2026-10-01 09:34:06
16  0      0 26947284  19940 471960    0    0     0    36 136395 78677 41 10 48  0  0 2026-10-01 09:34:07
 0  0      0 26892344  19940 472104    0    0     0     4 115749 28376 46 32 21  0  0 2026-10-01 09:34:08
15  0      0 26811960  19940 472808    0    0     0     0 112901 29164 55 28 17  0  0 2026-10-01 09:34:10
 5  0      0 26805436  19940 472984    0    0     0     0 137774 88229 31 13 57  0  0 2026-10-01 09:34:11
procs -----------memory---------- ---swap-- -----io---- -system-- ------cpu----- -----timestamp-----
 r  b   swpd   free   buff  cache   si   so    bi    bo   in   cs us sy id wa st                 UTC
16  0      0 26700188  19940 472984    0    0     0     0 132705 48158 58 16 26  0  0 2026-10-01 09:34:12
14  0      0 26696328  19940 473600    0    0     0     0 118074 56908 33 28 38  0  0 2026-10-01 09:34:13
 0  0      0 26657764  19948 473592    0    0     0    12 124203 52081 45 11 44  0  0 2026-10-01 09:34:14
 1  0      0 31067876  19948 472088    0    0     0     4 30088 2732  0  3 97  0  0 2026-10-01 09:34:15
 0  0      0 31223160  19956 442072    0    0     0    24 48124  580  0  2 98  0  0 2026-10-01 09:34:16
 0  0      0 31223188  19956 442072    0    0     0     0   86  143  0  0 100  0  0 2026-10-01 09:34:17
 0  0      0 31223188  19956 442072    0    0     0    20   77  122  0  0 100  0  0 2026-10-01 09:34:18
 0  0      0 31223188  19956 442072    0    0     0     0   92  128  0  0 100  0  0 2026-10-01 09:34:19
 0  0      0 31223188  19956 442076    0    0     0     0   91  166  0  0 100  0  0 2026-10-01 09:34:20
 1  0      0 31204848  19964 442076    0    0     0    44  641  611  0  0 99  0  0 2026-10-01 09:34:21
