procs -----------memory---------- ---swap-- -----io---- -system-- ------cpu----- -----timestamp-----
 r  b   swpd   free   buff  cache   si   so    bi    bo   in   cs us sy id wa st                 UTC
 1  0      0 2451860  79684 1081060    0    0    64   567  158 1402 11  3 86  0  0 2026-10-01 09:33:08
 2  1      0 2447512  79712 1048104    0    0     0  9668  983 1710  6  3 89  3  0 2026-10-01 09:33:09
 0  0      0 2378240  79908 1050980    0    0     0 20936 5255 9824 43  4 32 21  0 2026-10-01 09:33:10
 0  0      0 2378240  79908 1050980    0    0     0     0   37   45  0  0 100  0  0 2026-10-01 09:33:11
 0  0      0 2378240  79908 1050980    0    0     0     0   31   42  0  0 100  0  0 2026-10-01 09:33:12
 2  1      0 2393752  79912 1051376    0    0     0   332  981 1004  3  0 95  1  0 2026-10-01 09:33:13
 0  0      0 2363852  79992 1055888    0    0     0  2440 8125 8200 21  6 64  9  0 2026-10-01 09:33:14
 5  2      0 2328080  80008 1060004    0    0     0  1844 8428 7429 22  3 67  7  0 2026-10-01 09:33:15
 3  1      0 2289944  80040 1064196    0    0     0   936 10475 9087 26  6 65  2  0 2026-10-01 09:33:16
 9  0      0 2268764  80080 1069932    0    0     0  1560 14975 15166 40  6 50  5  1 2026-10-01 09:33:17
 0  1      0 2247068  80112 1076576    0    0     0  1712 17044 16467 44  6 46  5  0 2026-10-01 09:33:18
 7  0      0 2176436  80156 1083580    0    0     0  1388 18996 16636 46  8 42  4  0 2026-10-01 09:33:19
 0  0      0 2147864  80184 1090136    0    0     0   496 18853 14781 47 10 41  2  0 2026-10-01 09:33:20
 4  0      0 2136940  80208 1097408    0    0     0   812 21703 18351 51  8 39  2  0 2026-10-01 09:33:21
 8  0      0 2087168  80252 1104780    0    0     0  1000 23503 18269 51 12 36  1  0 2026-10-01 09:33:22
 5  0      0 2015600  80264 1111860    0    0     0   344 23850 17759 54 11 36  1  0 2026-10-01 09:33:23
 5  0      0 1988444  80276 1119256    0    0     0   364 24247 16658 63  9 28  1  0 2026-10-01 09:33:24
 4  0      0 1978964  80300 1126632    0    0     0   452 26547 19299 56  9 34  2  0 2026-10-01 09:33:25
 4  0      0 1960928  80332 1135404    0    0     0   828 27447 17057 62 12 24  2  0 2026-10-01 09:33:26
 4  0      0 1887512  80344 1142660    0    0     0   668 29153 20866 56 12 31  1  0 2026-10-01 09:33:27
 3  0      0 1794128  80360 1150604    0    0     0   836 28233 13362 70 13 17  0  0 2026-10-01 09:33:28
procs -----------memory---------- ---swap-- -----io---- -system-- ------cpu----- -----timestamp-----
 r  b   swpd   free   buff  cache   si   so    bi    bo   in   cs us sy id wa st                 UTC
 4  0      0 1781456  80372 1159876    0    0     0   568 28939 11976 70 12 17  2  0 2026-10-01 09:33:29
 3  0      0 1770604  80372 1167540    0    0     0   208 30988 18795 61 11 27  1  0 2026-10-01 09:33:30
 6  0      0 1758952  80380 1176416    0    0     0   368 32354 16346 69 12 18  1  0 2026-10-01 09:33:31
 4  0      0 1710440  80400 1185036    0    0     0   640 31169 13391 69 14 16  1  0 2026-10-01 09:33:32
 4  0      0 1611696  80400 1194404    0    0     0   400 33648 13028 73 16 10  0  0 2026-10-01 09:33:33
 4  0      0 1542788  80400 1200976    0    0     0    12 31528 12775 70 13 18  0  0 2026-10-01 09:33:34
 8  0      0 1528688  80416 1210176    0    0     0 84756 34479 10473 79 11  9  1  1 2026-10-01 09:33:35
 3  0      0 1518284  80416 1217988    0    0     0     0 35607 15704 67 13 21  0  0 2026-10-01 09:33:36
 3  0      0 1507768  80424 1226532    0    0     0   260 35295 13088 73 10 16  1  0 2026-10-01 09:33:37
 8  0      0 1496424  80424 1234648    0    0     0     0 37798 17807 65 15 20  0  0 2026-10-01 09:33:38
 4  0      0 1437456  80424 1242604    0    0     0   332 38524 15828 68 17 15  0  0 2026-10-01 09:33:39
 0  0      0 1347028  80424 1250096    0    0     0 88080 40108 14724 64 18 18  0  0 2026-10-01 09:33:40
 2  0      0 1271944  80424 1256492    0    0     0     0 37185 11527 75 14 11  0  0 2026-10-01 09:33:41
 7  0      0 1265392  80424 1262672    0    0     0   148 39915 18295 58 15 26  0  0 2026-10-01 09:33:42
 2  0      0 1257284  80424 1268432    0    0     0     0 39759 19829 58 13 30  0  0 2026-10-01 09:33:43
 3  0      0 1248560  80424 1275412    0    0     0     0 39816 19098 64 16 21  0  0 2026-10-01 09:33:44
 0  0      0 1240172  80424 1281488    0    0     0     0 40083 18370 59 13 28  0  0 2026-10-01 09:33:45
 2  0      0 1233256  80424 1286904    0    0     0     0 41602 23242 60 14 26  0  0 2026-10-01 09:33:46
 3  0      0 1226788  80424 1292136    0    0     0   104 41609 25351 51 15 35  0  0 2026-10-01 09:33:47
 2  0      0 1201152  80428 1297976    0    0     0   124 40279 19059 60 17 23  0  0 2026-10-01 09:33:48
 2  0      0 1136512  80428 1303112    0    0     0     0 42694 23784 53 16 30  0  0 2026-10-01 09:33:49
procs -----------memory---------- ---swap-- -----io---- -system-- ------cpu----- -----timestamp-----
 r  b   swpd   free   buff  cache   si   so    bi    bo   in   cs us sy id wa st                 UTC
 0  0      0 1066680  80428 1308240    0    0     0     0 40442 19678 53 15 32  0  0 2026-10-01 09:33:50
 7  0      0 1008004  80428 1312508    0    0     0     0 37737 13896 68 15 16  0  0 2026-10-01 09:33:51
 2  0      0 1001100  80428 1317960    0    0     0     0 42468 22971 50 18 31  0  0 2026-10-01 09:33:52
 5  0      0 990768  80432 1325024    0    0     0  3152 42484 17426 63 16 21  1  0 2026-10-01 09:33:53
 1  0      0 986064  80432 1328624    0    0     0     0 42576 26756 46 16 39  0  0 2026-10-01 09:33:54
 2  0      0 981064  80432 1332564    0    0     0     0 42625 25151 49 15 36  0  0 2026-10-01 09:33:55
 3  0      0 974260  80432 1337132    0    0     0     0 42098 24794 45 15 40  0  0 2026-10-01 09:33:56
 2  0      0 966908  80432 1341988    0    0     0     0 43867 24746 52 20 28  0  0 2026-10-01 09:33:57
 0  0      0 960564  80432 1346184    0    0     0   132 41392 20774 50 16 34  0  0 2026-10-01 09:33:58
 7  0      0 955496  80432 1349252    0    0     0     0 45953 31281 39 16 45  0  0 2026-10-01 09:33:59
 5  0      0 948412  80432 1353828    0    0     0     0 45820 27480 53 17 31  0  0 2026-10-01 09:34:00
 9  0      0 890020  80432 1359524    0    0     0     0 39120 13191 68 14 18  0  0 2026-10-01 09:34:01
 0  0      0 840376  80432 1362528    0    0     0     0 49994 34582 39 18 44  0  0 2026-10-01 09:34:02
 2  0      0 769676  80432 1365904    0    0     0   124 39756 18662 61 15 24  1  0 2026-10-01 09:34:03
 0  0      0 760800  80440 1370288    0    0     0   224 44276 19914 55 17 27  0  0 2026-10-01 09:34:04
12  0      0 753056  80440 1374948    0    0     0     0 45491 24290 56 16 27  0  0 2026-10-01 09:34:05
 0  0      0 747744  80440 1378764    0    0     0 39988 46821 27851 47 18 34  0  0 2026-10-01 09:34:06
 3  0      0 744960  80440 1380708    0    0     0   212 47789 36186 35 17 48  0  0 2026-10-01 09:34:07
 0  0      0 771316  80440 1384712    0    0     0     0 48053 32759 44 19 37  0  0 2026-10-01 09:34:08
 3  0      0 765096  80440 1389288    0    0     0   156 43471 22351 54 15 30  0  1 2026-10-01 09:34:09
 2  0      0 758292  80440 1392444    0    0     0    20 42828 23764 53 17 30  0  0 2026-10-01 09:34:10
procs -----------memory---------- ---swap-- -----io---- -system-- ------cpu----- -----timestamp-----
 r  b   swpd   free   buff  cache   si   so    bi    bo   in   cs us sy id wa st                 UTC
 3  0      0 752720  80440 1396240    0    0     0 81304 51968 35698 40 20 39  2  0 2026-10-01 09:34:11
 8  0      0 748264  80440 1398672    0    0     0     0 44563 28191 40 15 44  0  0 2026-10-01 09:34:12
 0  0      0 744568  80440 1401612    0    0     0    68 42712 24083 47 16 37  0  0 2026-10-01 09:34:13
 0  0      0 743560  80444 1402904    0    0     0   164 41762 26973 24 13 63  0  0 2026-10-01 09:34:14
 0  0      0 743560  80444 1394808    0    0     0     0 50390 36053  8 19 73  0  0 2026-10-01 09:34:15
 0  0      0 743560  80444 1389704    0    0     0 33516 4741 3741  1  2 95  3  0 2026-10-01 09:34:16
 0  0      0 743560  80444 1389708    0    0     0    24   42   43  0  0 100  0  0 2026-10-01 09:34:17
 0  0      0 743560  80444 1389708    0    0     0     0   45   39  1  0 100  0  0 2026-10-01 09:34:18
