procs -----------memory---------- ---swap-- -----io---- -system-- ------cpu----- -----timestamp-----
 r  b   swpd   free   buff  cache   si   so    bi    bo   in   cs us sy id wa st                 UTC
 1  0      0 2630952  29036 401968    0    0   246   446  886 1678  8  9 82  1  0 2026-10-01 09:33:08
 0  1      0 2595960  29048 423240    0    0 17396   260 1639 2764  4  4 87  6  0 2026-10-01 09:33:09
 0  0      0 2513904  30660 429564    0    0  1348 31200 7618 12927 50  9 20 22  0 2026-10-01 09:33:10
 0  0      0 2513904  30680 429600    0    0     0   176  443  681  0  0 99  1  0 2026-10-01 09:33:11
 0  0      0 2513904  30680 429600    0    0     0     0  234  408  0  0 100  0  0 2026-10-01 09:33:12
 1  0      0 2510712  30720 429724    0    0     0   376 3111 2344  3  1 95  1  0 2026-10-01 09:33:13
 5  0      0 2493152  30904 431732    0    0     0  1696 23367 15612 14 11 71  4  0 2026-10-01 09:33:14
 0  0      0 2462332  31112 434704    0    0     0  1244 28134 19295 19 15 62  3  0 2026-10-01 09:33:15
 0  0      0 2427796  31228 437616    0    0     0  1008 34125 21718 19 16 62  3  0 2026-10-01 09:33:16
 0  0      0 2383388  31368 441440    0    0     0   972 39684 24535 26 20 51  2  0 2026-10-01 09:33:17
 2  0      0 2343648  31440 444632    0    0     0   544 43778 26205 23 20 56  1  0 2026-10-01 09:33:18
 0  0      0 2291680  31556 449188    0    0   116   996 50675 31513 36 28 35  1  0 2026-10-01 09:33:19
 6  0      0 2263000  31644 453164    0    0     0   892 53123 30962 30 24 45  2  0 2026-10-01 09:33:20
 2  0      0 2231108  31756 458196    0    0     0   908 59618 35373 39 31 29  1  0 2026-10-01 09:33:21
17  0      0 2191956  31840 463192    0    0     0  1088 62285 34117 37 36 26  2  0 2026-10-01 09:33:22
 5  0      0 2136864  31872 468372    0    0     0  1960 65797 34617 38 39 23  0  0 2026-10-01 09:33:23
 5  0      0 2073236  31992 474336    0    0     0  1152 66948 32593 45 41 13  1  0 2026-10-01 09:33:24
 6  0      0 2009228  32072 479360    0    0     0  1276 71706 29783 44 43 12  0  0 2026-10-01 09:33:25
 4  0      0 1990748  32180 485148    0    0     0  1312 81457 22303 50 49  1  0  0 2026-10-01 09:33:26
 5  0      0 1952964  32316 490896    0    0     0  1672 75174 32070 42 47 10  1  0 2026-10-01 09:33:27
 5  0      0 1927092  32432 497024    0    0     0  1620 76567 27302 51 44  5  0  0 2026-10-01 09:33:28
procs -----------memory---------- ---swap-- -----io---- -system-- ------cpu----- -----timestamp-----
 r  b   swpd   free   buff  cache   si   so    bi    bo   in   cs us sy id wa st                 UTC
 6  0      0 1866960  32488 503296    0    0     0  1304 80294 27649 49 51  0  0  0 2026-10-01 09:33:29
 5  0      0 1805740  32540 508716    0    0     4 35752 79989 27078 44 51  5  1  0 2026-10-01 09:33:30
 5  0      0 1734944  32572 513416    0    0     0  1268 82429 25052 48 52  0  0  0 2026-10-01 09:33:31
10  0      0 1704800  32600 518632    0    0     0  1492 81307 22927 48 52  0  0  0 2026-10-01 09:33:32
 6  0      0 1677544  32608 523848    0    0     0  1464 83859 21262 48 52  0  0  0 2026-10-01 09:33:33
 5  0      0 1653492  32664 529344    0    0     0  1056 81590 16728 45 55  0  0  0 2026-10-01 09:33:34
 6  0      0 1616940  32752 534352    0    0     0 21396 84196 10161 48 53  0  0  0 2026-10-01 09:33:35
 5  0      0 1595004  32800 539520    0    0     0   980 84064 14011 42 58  0  0  0 2026-10-01 09:33:36
 7  0      0 1556188  32848 544496    0    0     0   972 83647 10103 44 56  0  0  0 2026-10-01 09:33:37
 5  0      0 1497200  32904 548832    0    0     0   884 83821 8262 40 60  0  0  0 2026-10-01 09:33:38
 7  0      0 1448484  32956 553136    0    0     0   812 83147 6125 41 60  0  0  0 2026-10-01 09:33:39
 6  0      0 1381820  32992 557272    0    0     0   760 87843 6718 39 61  0  0  0 2026-10-01 09:33:40
 5  0      0 1346336  33072 560380    0    0     0  1240 85026 7432 42 58  1  0  0 2026-10-01 09:33:41
 5  0      0 1331756  33168 564560    0    0     0  1364 83929 5138 41 59  0  0  0 2026-10-01 09:33:42
 4  0      0 1317428  33216 567964    0    0     0  1076 83565 4380 42 58  0  0  0 2026-10-01 09:33:43
 6  0      0 1301336  33260 571768    0    0     0  1020 86853 7069 41 59  0  0  0 2026-10-01 09:33:44
 5  0      0 1286528  33304 575416    0    0     0   928 86811 10139 35 65  0  0  0 2026-10-01 09:33:45
 5  0      0 1272200  33356 578988    0    0     0   900 85813 6230 41 59  0  0  0 2026-10-01 09:33:46
11  0      0 1261124  33404 582308    0    0     0   856 86156 7980 35 65  0  0  0 2026-10-01 09:33:47
20  0      0 1239524  33460 586284    0    0     0   808 86337 6795 42 58  0  0  1 2026-10-01 09:33:48
 5  0      0 1227716  33488 589472    0    0     0   692 84384 5690 39 61  0  0  0 2026-10-01 09:33:49
procs -----------memory---------- ---swap-- -----io---- -system-- ------cpu----- -----timestamp-----
 r  b   swpd   free   buff  cache   si   so    bi    bo   in   cs us sy id wa st                 UTC
 6  0      0 1193468  33504 593032    0    0     0 52300 83047 4733 41 59  0  0  0 2026-10-01 09:33:50
 6  0      0 1153728  33512 596568    0    0     0   712 85360 9321 35 65  0  0  0 2026-10-01 09:33:51
 3  0      0 1108688  33520 599068    0    0     0   596 84916 6487 41 59  0  0  0 2026-10-01 09:33:52
 5  0      0 1067172  33572 600936    0    0     0   692 89527 8093 39 61  0  0  0 2026-10-01 09:33:53
 5  0      0 1056624  33600 604076    0    0     0   544 80946 4099 41 59  0  0  0 2026-10-01 09:33:54
 7  0      0 1041048  33620 607368    0    0     0   492 87651 12696 37 63  0  0  0 2026-10-01 09:33:55
 5  0      0 1024076  33628 609664    0    0     0   440 81865 3842 39 61  0  0  0 2026-10-01 09:33:56
 4  0      0 1010744  33652 612388    0    0     0   392 92922 17944 33 68  0  0  0 2026-10-01 09:33:57
 5  0      0 991008  33664 615844    0    0     0   372 84582 5831 43 57  0  0  0 2026-10-01 09:33:58
 4  0      0 975620  33676 618224    0    0     0   372 86639 13700 36 64  0  0  0 2026-10-01 09:33:59
 5  0      0 964160  33688 620852    0    0     0   340 90780 18246 36 64  0  0  0 2026-10-01 09:34:00
 7  0      0 936080  33708 623700    0    0     0   308 84277 4325 38 62  0  0  0 2026-10-01 09:34:01
 8  0      0 926252  33712 626220    0    0     0   388 89415 9286 33 67  0  0  0 2026-10-01 09:34:02
 7  0      0 935788  33724 629168    0    0     0   524 86498 7980 40 60  0  0  0 2026-10-01 09:34:03
 5  0      0 917332  33732 631572    0    0     0   356 87216 9885 37 63  0  0  0 2026-10-01 09:34:04
 8  0      0 890456  33732 635012    0    0     0   380 90063 11121 34 66  0  0  0 2026-10-01 09:34:05
11  0      0 826456  33756 636520    0    0     0   412 90357 5825 41 59  0  0  0 2026-10-01 09:34:06
 4  0      0 821116  33768 638988    0    0     0   636 92432 7181 36 64  0  0  0 2026-10-01 09:34:07
 5  0      0 792424  33776 641332    0    0     0   372 90980 13942 32 68  0  0  0 2026-10-01 09:34:08
 6  0      0 734808  33800 643000    0    0     0   368 82147 3086 43 57  0  0  0 2026-10-01 09:34:09
 5  0      0 714432  33828 645480    0    0     0   360 86516 7684 34 67  0  0  0 2026-10-01 09:34:10
procs -----------memory---------- ---swap-- -----io---- -system-- ------cpu----- -----timestamp-----
 r  b   swpd   free   buff  cache   si   so    bi    bo   in   cs us sy id wa st                 UTC
 7  0      0 774728  33848 646440    0    0     0 37908 96407 22398 30 71  0  0  0 2026-10-01 09:34:11
 6  0      0 731168  33888 649788    0    0     0   536 84033 6609 38 62  0  0  0 2026-10-01 09:34:12
 7  0      0 698876  33928 651816    0    0   116   592 81763 6642 36 64  0  0  0 2026-10-01 09:34:13
 0  0      0 764048  33956 652752    0    0   332   620 58057 18223 19 48 33  0  0 2026-10-01 09:34:14
 6  0      0 1020524  33980 599312    0    0     4   368 65979 20440 18 59 24  0  0 2026-10-01 09:34:15
