procs -----------memory---------- ---swap-- -----io---- -system-- ------cpu----- -----timestamp-----
 r  b   swpd   free   buff  cache   si   so    bi    bo   in   cs us sy id wa st                 UTC
 1  0      0 3272760  15132 324360    0    0  1244    53  128  230  2  4 94  1  0 2026-10-01 10:19:33
 0  0      0 3272508  15132 324628    0    0     0     0  178  220  0  0 100  0  0 2026-10-01 10:19:34
 3  1      0 3166692  16936 368648    0    0 21292 22500 4481 8174 35  6 38 22  0 2026-10-01 10:19:35
 0  0      0 3143760  17760 370876    0    0   144  9360 3018 5103 13  3 73 12  0 2026-10-01 10:19:36
 0  0      0 3143760  17760 370876    0    0     0     0   30   39  0  0 100  0  0 2026-10-01 10:19:37
 0  0      0 3143760  17760 370876    0    0     0   224   45   42  0  0 100  0  0 2026-10-01 10:19:38
 0  1      0 3119624  18056 373080    0    0    56  1248 9815 12566 15  5 76  5  0 2026-10-01 10:19:39
 0  0      0 3072860  18584 377836    0    0     0  2228 17460 22109 28  7 58  8  0 2026-10-01 10:19:40
 0  0      0 3058340  18840 381576    0    0     0  1064 17117 20660 28  7 63  3  0 2026-10-01 10:19:41
 0  0      0 3032296  19128 386568    0    0     0  1220 18902 21976 33  9 55  4  0 2026-10-01 10:19:42
 5  0      0 2982188  19448 392196    0    0     0  1348 20565 22189 40  7 50  4  0 2026-10-01 10:19:43
 3  0      0 2956128  19704 397716    0    0     0  1112 19859 20213 40  8 48  3  0 2026-10-01 10:19:44
 4  0      0 2945192  19960 404396    0    0     0  1152 23056 23177 45  9 43  3  0 2026-10-01 10:19:45
 0  0      0 2883056  20224 411868    0    0     0  1152 25507 23437 51 12 34  3  0 2026-10-01 10:19:46
 1  0      0 2825740  20384 418180    0    0     0   672 21955 16810 48 10 40  2  0 2026-10-01 10:19:47
 5  0      0 2813136  20512 426060    0    0     0   636 26324 21380 56 10 33  1  0 2026-10-01 10:19:48
 5  0      0 2805700  20592 431748    0    0     0   876 26766 24273 46 10 44  1  1 2026-10-01 10:19:49
 4  1      0 2748612  20736 440152    0    0     0   700 28242 21070 61 11 27  1  0 2026-10-01 10:19:50
 3  0      0 2673888  20832 447160    0    0     0   484 27698 20027 55 10 34  1  0 2026-10-01 10:19:51
 3  0      0 2645648  20904 455712    0    0     0   420 27969 17213 63 16 20  0  0 2026-10-01 10:19:52
 4  0      0 2636508  20936 462412    0    0     0   208 29345 21531 51 11 38  1  0 2026-10-01 10:19:53
procs -----------memory---------- ---swap-- -----io---- -system-- ------cpu----- -----timestamp-----
 r  b   swpd   free   buff  cache   si   so    bi    bo   in   cs us sy id wa st                 UTC
 3  0      0 2623836  21056 471620    0    0     0   624 30210 17225 64 14 20  1  0 2026-10-01 10:19:54
 6  0      0 2574988  21112 478396    0    0     0   256 30786 20629 56 12 31  1  0 2026-10-01 10:19:55
 5  0      0 2479100  21192 487788    0    0     0   460 31817 14496 69 16 15  0  0 2026-10-01 10:19:56
 7  0      0 2445216  21224 494916    0    0    76   208 28951 13066 65 13 22  0  0 2026-10-01 10:19:57
 6  0      0 2432600  21264 503744    0    0     0   256 32091 14284 64 16 20  1  0 2026-10-01 10:19:58
 4  0      0 2422644  21296 511412    0    0     0   212 33069 17669 66  9 24  1  0 2026-10-01 10:19:59
 3  0      0 2410716  21336 519948    0    0     0   264 33256 14180 62 16 22  0  0 2026-10-01 10:20:00
 5  0      0 2355724  21336 527668    0    0     0     0 33187 13622 64 13 23  0  0 2026-10-01 10:20:01
 3  0      0 2256984  21416 536696    0    0     0   484 33999 9835 67 17 14  2  0 2026-10-01 10:20:02
 4  0      0 2205632  21416 544176    0    0     0     8 32929 10026 76 13 11  0  0 2026-10-01 10:20:03
 4  0      0 2195352  21464 552384    0    0     0   328 35578 13541 68 12 20  1  0 2026-10-01 10:20:04
 3  0      0 2184936  21464 560800    0    0     0     0 37554 13902 72 12 16  0  0 2026-10-01 10:20:05
 3  0      0 2175992  21464 567584    0    0     0  2176 37592 17707 55 18 27  0  0 2026-10-01 10:20:06
 6  0      0 2163624  21464 575900    0    0     0     0 38064 12528 69 15 16  0  0 2026-10-01 10:20:07
10  0      0 2132348  21480 582136    0    0     0   337 40188 19956 56 17 27  0  1 2026-10-01 10:20:08
 5  0      0 2051728  21496 588804    0    0     0   156 40773 17751 60 17 24  0  0 2026-10-01 10:20:09
 2  0      0 1951696  21496 595816    0    0     0     0 37025 8455 74 17  9  0  0 2026-10-01 10:20:10
 2  0      0 1939852  21496 601432    0    0     0 73752 39326 14195 60 14 23  3  0 2026-10-01 10:20:11
 2  0      0 1926592  21496 609804    0    0     0   204 40065 10197 69 17 14  0  0 2026-10-01 10:20:12
 3  0      0 1919648  21496 615416    0    0     0     0 44041 21037 58 15 27  0  0 2026-10-01 10:20:13
 3  0      0 1913988  21504 619640    0    0     0   144 39970 24727 42 15 43  0  0 2026-10-01 10:20:14
procs -----------memory---------- ---swap-- -----io---- -system-- ------cpu----- -----timestamp-----
 r  b   swpd   free   buff  cache   si   so    bi    bo   in   cs us sy id wa st                 UTC
 4  0      0 1901052  21520 626596    0    0     0  1828 40822 17783 62 14 24  0  0 2026-10-01 10:20:15
 3  0      0 1893464  21544 631996    0    0     0 98852 42391 21510 54 20 25  1  0 2026-10-01 10:20:16
 2  0      0 1886644  21560 636288    0    0     0   172 42383 22570 46 13 41  1  0 2026-10-01 10:20:17
10  0      0 1865640  21560 640504    0    0     0     0 40055 21203 51 16 33  0  0 2026-10-01 10:20:18
 1  0      0 1802164  21560 645336    0    0     0    68 43438 22707 45 18 37  0  0 2026-10-01 10:20:19
 4  0      0 1740568  21560 649720    0    0     0     0 38413 19699 48 16 35  0  0 2026-10-01 10:20:20
 0  0      0 1676756  21560 653264    0    0     0 38880 39067 13615 65 16 19  0  0 2026-10-01 10:20:21
 2  0      0 1669628  21568 658096    0    0     0   128 40242 19994 53 16 32  0  0 2026-10-01 10:20:22
 4  0      0 1663564  21568 661448    0    0     0     0 44681 28350 42 20 38  0  0 2026-10-01 10:20:23
 3  0      0 1658972  21576 664212    0    0     0   112 39572 22785 42 14 44  1  1 2026-10-01 10:20:24
 2  0      0 1654716  21576 668136    0    0     0     0 44181 28342 44 14 43  0  0 2026-10-01 10:20:25
 9  0      0 1647560  21576 673352    0    0     0     0 39898 18026 59 12 29  0  0 2026-10-01 10:20:26
 0  0      0 1641988  21576 676796    0    0     0 18896 41426 23542 41 16 42  1  0 2026-10-01 10:20:27
 1  0      0 1670808  21576 679164    0    0     0     0 43058 28774 37 16 48  0  0 2026-10-01 10:20:28
 0  0      0 1664212  21584 683028    0    0     0   124 42400 24007 46 15 38  0  0 2026-10-01 10:20:29
 3  0      0 1657612  21584 687092    0    0     0     0 37882 20764 46 14 40  0  0 2026-10-01 10:20:30
 0  0      0 1648952  21584 689620    0    0     0     0 44632 29332 40 14 46  0  0 2026-10-01 10:20:31
 4  0      0 1644120  21584 692160    0    0     0  9252 42532 27824 40 16 43  1  0 2026-10-01 10:20:32
 0  0      0 1612200  21584 695104    0    0     0     8 42104 27133 39 15 46  0  0 2026-10-01 10:20:33
 4  0      0 1563968  21592 697116    0    0     0   108 38865 24046 40 14 45  0  0 2026-10-01 10:20:34
 2  0      0 1495844  21592 700780    0    0     0     0 38958 16630 56 17 27  0  0 2026-10-01 10:20:35
procs -----------memory---------- ---swap-- -----io---- -system-- ------cpu----- -----timestamp-----
 r  b   swpd   free   buff  cache   si   so    bi    bo   in   cs us sy id wa st                 UTC
 0  0      0 1480836  21592 704564    0    0     0     0 42482 20631 51 15 34  0  0 2026-10-01 10:20:36
 0  0      0 1477180  21592 706812    0    0     0  3372 43488 28329 37 13 50  0  0 2026-10-01 10:20:37
 3  0      0 1470348  21592 709664    0    0     0     0 44094 26605 41 15 44  0  0 2026-10-01 10:20:38
 2  0      0 1466876  21600 712680    0    0  1284   132 44768 31129 26 13 61  1  0 2026-10-01 10:20:39
 3  0      0 1466876  21600 712748    0    0     0     0 8134 6122  0  3 97  0  0 2026-10-01 10:20:40
 0  0      0 1508556  21600 699912    0    0     0     0 54152 39525  8 15 77  0  0 2026-10-01 10:20:41
 1  0      0 1490196  21600 699916    0    0     0 23028  511  716  5  3 92  2  0 2026-10-01 10:20:42
