procs -----------memory---------- ---swap-- -----io---- -system-- ------cpu----- -----timestamp-----
 r  b   swpd   free   buff  cache   si   so    bi    bo   in   cs us sy id wa st                 UTC
 0  0      0 31169504  25972 476592    0    0     4     2  220  148 17  4 79  0  0 2026-10-01 10:19:33
 0  0      0 31159200  25972 476636    0    0     0     0 1669 1629  1  0 99  0  0 2026-10-01 10:19:34
 0  0      0 31158948  25972 476636    0    0     0     0  108  136  0  0 100  0  0 2026-10-01 10:19:35
 0  0      0 31156792  25972 476636    0    0     0     0 3339 2450  1  0 99  0  0 2026-10-01 10:19:36
 0  0      0 31156792  25972 476636    0    0     0     0   95  161  0  0 100  0  0 2026-10-01 10:19:37
 1  0      0 31156792  25980 476628    0    0     0    52  247  396  0  0 100  0  0 2026-10-01 10:19:38
 1  0      0 31120600  25980 476636    0    0     0     0 37884 42766 14  1 85  0  0 2026-10-01 10:19:39
 3  0      0 31059940  25980 476636    0    0     0     0 38419 45609 13  2 86  0  0 2026-10-01 10:19:40
 1  0      0 30974324  25980 476764    0    0     0     0 50980 55191 20  2 78  0  0 2026-10-01 10:19:41
 0  0      0 30876240  25980 477308    0    0     0     0 50448 50607 24  2 74  0  0 2026-10-01 10:19:42
 2  0      0 30770840  25980 478172    0    0     0     0 58360 54465 26  3 71  0  0 2026-10-01 10:19:43
 0  0      0 30677612  25988 479140    0    0     0    12 59591 54682 29  2 69  0  0 2026-10-01 10:19:44
12  0      0 30566876  25988 480068    0    0     0     0 63720 56415 31  3 66  0  0 2026-10-01 10:19:45
16  0      0 30432092  25988 481004    0    0     0     0 72413 61264 35  4 62  0  0 2026-10-01 10:19:46
 3  0      0 30278708  25988 481996    0    0     0     0 74863 61346 34  4 62  0  0 2026-10-01 10:19:47
 2  0      0 30126776  25988 483084    0    0     0     0 76513 57489 40  3 57  0  0 2026-10-01 10:19:48
 0  0      0 30056964  25996 483932    0    0     0    12 81707 62697 36  4 60  0  0 2026-10-01 10:19:49
 8  0      0 29966416  25996 484540    0    0     0     0 83296 63879 35  4 61  0  0 2026-10-01 10:19:50
16  0      0 29796636  25996 485436    0    0     0     0 89254 55750 44  5 51  0  0 2026-10-01 10:19:51
16  0      0 29668708  25996 486148    0    0     0     0 93249 63327 41  4 55  0  0 2026-10-01 10:19:52
14  0      0 29541708  25996 487092    0    0     0     0 93141 64166 41  4 54  0  0 2026-10-01 10:19:53
procs -----------memory---------- ---swap-- -----io---- -system-- ------cpu----- -----timestamp-----
 r  b   swpd   free   buff  cache   si   so    bi    bo   in   cs us sy id wa st                 UTC
 8  1      0 29478156  26004 487740    0    0     0    12 94505 62427 44  5 51  0  0 2026-10-01 10:19:54
 7  0      0 29322072  26004 488628    0    0     0     0 94544 57457 46  5 49  0  0 2026-10-01 10:19:55
 1  0      0 29262992  26004 489396    0    0     0     0 96769 67475 42  5 53  0  0 2026-10-01 10:19:56
 1  0      0 29064564  26004 490340    0    0     0     0 97687 54308 52  6 42  0  0 2026-10-01 10:19:57
16  0      0 29057308  26004 490948    0    0     0     0 90178 60480 43  4 53  0  0 2026-10-01 10:19:58
 1  0      0 28775352  26004 491388    0    0     0     0 105896 59745 48  5 47  0  0 2026-10-01 10:19:59
 4  0      0 28767048  26012 492356    0    0     0    12 95236 55171 52  5 43  0  0 2026-10-01 10:20:00
16  0      0 28760384  26012 492948    0    0     0     0 102495 68931 41  4 54  0  0 2026-10-01 10:20:01
 2  0      0 28583184  26012 493772    0    0     0     0 111759 60725 50  6 45  0  0 2026-10-01 10:20:02
 5  0      0 28499332  26012 494468    0    0     0     0 107038 52614 57  6 37  0  0 2026-10-01 10:20:03
 0  0      0 28341552  26012 495140    0    0     0  1352 111344 55912 50  6 44  0  0 2026-10-01 10:20:04
16  0      0 28234972  26012 495708    0    0     0     0 110553 56943 52  5 42  0  0 2026-10-01 10:20:05
16  0      0 28236760  26020 496268    0    0     0    56 112862 57811 50  6 44  0  0 2026-10-01 10:20:06
12  0      0 28155832  26020 496908    0    0     0     0 112308 61059 47  6 47  0  0 2026-10-01 10:20:07
16  0      0 28032216  26020 497476    0    0     0     0 119922 53261 52  7 41  0  0 2026-10-01 10:20:08
 0  0      0 27945832  26020 498056    0    0     0     0 120308 57204 58  6 36  0  0 2026-10-01 10:20:09
12  0      0 27940708  26020 498512    0    0     0     0 119695 70483 40  5 55  0  0 2026-10-01 10:20:10
 3  0      0 27937376  26028 499256    0    0     0    12 117299 63164 53  7 41  0  0 2026-10-01 10:20:11
 6  0      0 27753540  26028 499680    0    0     0     0 131436 58786 53  7 41  0  0 2026-10-01 10:20:12
16  0      0 27753728  26028 500080    0    0     0     0 120864 65538 48  5 46  0  0 2026-10-01 10:20:13
 5  0      0 27747812  26028 500312    0    0     0     0 119148 68384 39  6 56  0  0 2026-10-01 10:20:14
procs -----------memory---------- ---swap-- -----io---- -system-- ------cpu----- -----timestamp-----
 r  b   swpd   free   buff  cache   si   so    bi    bo   in   cs us sy id wa st                 UTC
 6  0      0 27572084  26028 500640    0    0     0     0 135074 54450 55  7 39  0  0 2026-10-01 10:20:15
16  0      0 27566672  26028 501312    0    0     0     0 124689 69606 44  7 49  0  0 2026-10-01 10:20:16
16  0      0 27564316  26036 501560    0    0     0    12 118464 65545 42  5 52  0  0 2026-10-01 10:20:17
 2  0      0 27541340  26036 501912    0    0     0     0 120421 58036 54  6 40  0  0 2026-10-01 10:20:18
 6  0      0 27538516  26036 502432    0    0     0     0 124518 72888 37  6 57  0  0 2026-10-01 10:20:19
 2  0      0 27469920  26036 502912    0    0     0     0 111659 51606 48  6 46  0  0 2026-10-01 10:20:20
16  0      0 27428368  26036 502992    0    0     0     0 126897 70284 44  6 50  0  0 2026-10-01 10:20:21
 5  0      0 27385700  26036 503296    0    0     0     0 130596 75308 39  7 54  0  0 2026-10-01 10:20:22
 2  0      0 27300276  26044 503976    0    0     0    12 120272 50671 53  6 40  0  0 2026-10-01 10:20:23
 5  0      0 27299772  26044 504112    0    0     0     0 123129 77072 31  5 64  0  0 2026-10-01 10:20:24
16  0      0 27210904  26044 504488    0    0     0     0 119735 53883 54  6 40  0  0 2026-10-01 10:20:25
16  0      0 27208944  26044 504976    0    0     0     0 122774 67481 41  6 52  0  0 2026-10-01 10:20:26
 8  0      0 27135948  26044 505064    0    0     0     0 125963 70422 39  6 55  0  0 2026-10-01 10:20:27
12  0      0 27082832  26044 505120    0    0     0     0 124685 62368 50  7 43  0  0 2026-10-01 10:20:28
 6  0      0 27076308  26052 505704    0    0     0    12 126152 74841 39  6 55  0  0 2026-10-01 10:20:29
10  0      0 27037248  26052 506104    0    0     0     0 116356 65771 45  5 50  0  0 2026-10-01 10:20:30
16  0      0 27036240  26052 506184    0    0     0     0 131699 80982 37  6 57  0  0 2026-10-01 10:20:31
16  0      0 26929196  26052 506664    0    0     0     0 120520 52273 51 12 37  0  0 2026-10-01 10:20:32
16  0      0 26927936  26052 506736    0    0     0     0 109219 53348 30 26 44  0  0 2026-10-01 10:20:33
16  0      0 26856004  26060 507080    0    0     0    12 118818 48321 52 14 35  0  0 2026-10-01 10:20:34
16  0      0 26854292  26060 507336    0    0     0     8 121886 67475 33 15 52  0  0 2026-10-01 10:20:35
procs -----------memory---------- ---swap-- -----io---- -system-- ------cpu----- -----timestamp-----
 r  b   swpd   free   buff  cache   si   so    bi    bo   in   cs us sy id wa st                 UTC
16  0      0 26767828  26060 507760    0    0     0    40 115228 28803 54 28 18  0  0 2026-10-01 10:20:36
 0  0      0 26767576  26060 507920    0    0     0     0 116026 69140 28 16 56  0  0 2026-10-01 10:20:37
 0  0      0 26718968  26060 508048    0    0     0     0 121516 55501 51 11 38  0  0 2026-10-01 10:20:38
 0  0      0 26714400  26068 508152    0    0     0    20 108111 80680 14  5 81  0  0 2026-10-01 10:20:39
 0  0      0 31178648  26068 476928    0    0     0     0 45786 2504  0  3 97  0  0 2026-10-01 10:20:40
 0  0      0 31179388  26068 476856    0    0     0     0 28765  145  0  0 100  0  0 2026-10-01 10:20:41
 0  0      0 31179388  26068 476856    0    0     0     0   69  117  0  0 100  0  0 2026-10-01 10:20:42
 0  0      0 31179388  26068 476856    0    0     0     0   67  108  0  0 100  0  0 2026-10-01 10:20:43
 1  0      0 31154320  26068 476860    0    0     0     0  803  725  1  0 98  0  0 2026-10-01 10:20:44
