procs -----------memory---------- ---swap-- -----io---- -system-- ------cpu----- -----timestamp-----
 r  b   swpd   free   buff  cache   si   so    bi    bo   in   cs us sy id wa st                 UTC
 1  0      0 2676744  16008 417676    0    0  1598   153  292  539  3  5 91  1  0 2026-10-01 10:19:33
 0  0      0 2676744  16032 417876    0    0     0   124  847 1366  2  2 95  1  0 2026-10-01 10:19:34
 0  1      0 2587308  17536 462392    0    0 21208 21752 4916 8855 38  7 36 19  0 2026-10-01 10:19:35
 0  0      0 2559588  18408 464292    0    0   268 10400 3795 5739 12  2 77  9  0 2026-10-01 10:19:36
 0  0      0 2559588  18432 464296    0    0     0   164  320  546  0  0 99  0  0 2026-10-01 10:19:37
 0  0      0 2559588  18432 464296    0    0     0   352  258  411  0  0 100  0  0 2026-10-01 10:19:38
 1  0      0 2521156  18920 468476    0    0   116  2056 19068 16810 25 11 60  6  0 2026-10-01 10:19:39
 1  0      0 2483372  19432 472484    0    0    16  3200 25581 19243 22 12 58  7  1 2026-10-01 10:19:40
 6  1      0 2422984  19972 479304    0    0    76  2232 36577 27662 44 22 29  4  0 2026-10-01 10:19:41
 2  1      0 2389680  20492 486756    0    0     0  2160 38213 28970 47 23 26  4  0 2026-10-01 10:19:42
 5  0      0 2320440  20744 494120    0    0     0  1096 46597 31793 49 26 23  2  0 2026-10-01 10:19:43
 4  1      0 2252008  20932 500780    0    0    64   856 48691 32917 44 35 20  2  0 2026-10-01 10:19:44
14  0      0 2173244  21144 508832    0    0     0  1064 52510 30197 56 34  9  1  0 2026-10-01 10:19:45
 9  0      0 2136552  21352 516624    0    0     0  1144 58496 33231 61 37  1  1  0 2026-10-01 10:19:46
22  0      0 2099728  21536 524808    0    0     0  1000 60577 31439 63 33  3  1  0 2026-10-01 10:19:47
 7  0      0 2031556  21760 532744    0    0     0  1172 62435 28970 53 43  2  1  0 2026-10-01 10:19:48
11  0      0 1961816  21928 539196    0    0     0  1008 67510 33921 57 42  1  1  0 2026-10-01 10:19:49
10  0      0 1846456  22104 544816    0    0    32   888 65382 25093 50 47  3  1  0 2026-10-01 10:19:50
 5  0      0 1820376  22240 551536    0    0     0   884 68586 26696 53 45  2  1  0 2026-10-01 10:19:51
 4  0      0 1786792  22360 558084    0    0     0   816 70944 24625 57 42  1  0  0 2026-10-01 10:19:52
 4  0      0 1756096  22624 565192    0    0     0  1580 74439 29822 53 45  2  1  0 2026-10-01 10:19:53
procs -----------memory---------- ---swap-- -----io---- -system-- ------cpu----- -----timestamp-----
 r  b   swpd   free   buff  cache   si   so    bi    bo   in   cs us sy id wa st                 UTC
11  0      0 1725004  22768 570324    0    0     0   836 76684 25277 54 44  1  1  0 2026-10-01 10:19:54
 4  0      0 1686232  22928 576780    0    0     0  1024 73921 20659 53 46  1  1  0 2026-10-01 10:19:55
 7  0      0 1619772  22984 581152    0    0     0   424 79489 26560 55 45  0  0  0 2026-10-01 10:19:56
 4  0      0 1548460  23160 588488    0    0     0  1096 78279 21698 50 48  2  1  0 2026-10-01 10:19:57
 8  0      0 1486104  23224 592500    0    0     0   428 78188 20594 48 52  0  1  0 2026-10-01 10:19:58
 9  0      0 1444136  23352 597224    0    0     0   772 79672 21960 51 48  1  1  0 2026-10-01 10:19:59
 5  0      0 1411008  23504 603712    0    0     0 77452 82832 17775 52 48  0  0  0 2026-10-01 10:20:00
 8  0      0 1382568  23536 607860    0    0     0   460 80117 13828 47 53  0  0  0 2026-10-01 10:20:01
 5  0      0 1362468  23600 613120    0    0     0   476 84552 19730 44 56  0  0  0 2026-10-01 10:20:02
 6  0      0 1339848  23664 618440    0    0     0  1304 84925 19691 51 49  1  0  0 2026-10-01 10:20:03
 4  0      0 1315144  23688 621820    0    0     0   392 82572 12752 42 58  0  0  0 2026-10-01 10:20:04
 5  1      0 1293880  23720 626520    0    0     0  6152 84213 9599 46 54  0  0  0 2026-10-01 10:20:05
 4  0      0 1263392  23744 631976    0    0     0 19180 82922 4813 39 61  0  0  0 2026-10-01 10:20:06
 8  0      0 1241276  23800 636300    0    0     0   704 83131 7902 50 50  0  0  0 2026-10-01 10:20:07
 5  0      0 1200448  23896 638904    0    0     0   932 85895 10011 46 55  0  0  0 2026-10-01 10:20:08
 5  0      0 1175440  23980 643524    0    0     0  1332 88612 5890 41 59  0  0  0 2026-10-01 10:20:09
 4  0      0 1113380  24052 647284    0    0     0  1216 83934 5469 44 57  0  0  0 2026-10-01 10:20:10
 5  0      0 1057244  24140 650400    0    0     0  1256 82564 7158 44 56  0  0  0 2026-10-01 10:20:11
 4  0      0 1008460  24212 652936    0    0     0  1112 86621 6257 43 56  0  0  0 2026-10-01 10:20:12
 4  0      0 995404  24292 656184    0    0     0  1100 85548 4334 47 53  0  0  0 2026-10-01 10:20:13
 6  0      0 981556  24372 659952    0    0     0  1080 80544 6081 44 57  0  0  0 2026-10-01 10:20:14
procs -----------memory---------- ---swap-- -----io---- -system-- ------cpu----- -----timestamp-----
 r  b   swpd   free   buff  cache   si   so    bi    bo   in   cs us sy id wa st                 UTC
 4  0      0 965968  24428 663884    0    0     0  1144 85705 5193 42 58  0  0  0 2026-10-01 10:20:15
 4  0      0 965460  24500 668008    0    0     0  1076 90353 4440 42 58  0  0  0 2026-10-01 10:20:16
 5  0      0 933348  24588 670504    0    0     0  1076 85936 5792 43 57  0  0  0 2026-10-01 10:20:17
 4  0      0 918712  24668 674020    0    0     0  1004 82577 5613 36 65  0  0  0 2026-10-01 10:20:18
 4  0      0 901852  24756 678132    0    0     0  1052 81805 4214 42 58  0  0  0 2026-10-01 10:20:19
 7  0      0 879776  24820 682116    0    0     0   980 78470 3543 45 55  0  0  0 2026-10-01 10:20:20
 4  0      0 861920  24892 684428    0    0     0 51536 83135 4926 40 61  0  0  0 2026-10-01 10:20:21
 4  0      0 850340  25012 688576    0    0     0  1356 83767 7431 35 65  0  0  0 2026-10-01 10:20:22
 4  0      0 878444  25076 692004    0    0     0   964 90557 4105 43 57  0  0  0 2026-10-01 10:20:23
 4  0      0 808664  25148 695136    0    0     0   924 76869 4771 45 56  0  0  0 2026-10-01 10:20:24
 6  0      0 758388  25212 698232    0    0     0   824 80828 3638 43 57  0  0  0 2026-10-01 10:20:25
 5  0      0 709588  25268 702540    0    0     0   748 80435 3757 39 61  0  0  0 2026-10-01 10:20:26
 4  0      0 670792  25324 704788    0    0     0   732 79209 4896 44 56  0  0  1 2026-10-01 10:20:27
 5  0      0 650896  25380 706560    0    0     0   672 81451 4493 46 55  0  0  0 2026-10-01 10:20:28
 4  0      0 640876  25436 710412    0    0     0   676 83487 4219 44 56  0  0  0 2026-10-01 10:20:29
 4  0      0 621356  25500 713724    0    0    16   644 80879 6000 45 55  0  0  0 2026-10-01 10:20:30
 6  0      0 606488  25556 716580    0    0     0   644 81401 6143 36 64  0  0  0 2026-10-01 10:20:31
 7  0      0 593392  25588 720412    0    0     0   564 81513 5640 39 62  0  0  0 2026-10-01 10:20:32
 6  0      0 585860  25628 722624    0    0     0   584 78594 6354 36 64  0  0  0 2026-10-01 10:20:33
 5  0      0 573096  25668 725944    0    0     0   560 81098 7256 42 58  0  0  0 2026-10-01 10:20:34
 4  0      0 563052  25716 729188    0    0     0   580 84113 8006 41 60  0  0  0 2026-10-01 10:20:35
procs -----------memory---------- ---swap-- -----io---- -system-- ------cpu----- -----timestamp-----
 r  b   swpd   free   buff  cache   si   so    bi    bo   in   cs us sy id wa st                 UTC
 4  0      0 551988  25788 732964    0    0     0   744 83274 3543 40 60  0  0  0 2026-10-01 10:20:36
 4  0      0 533428  25844 735048    0    0     0   648 80417 8471 46 54  0  0  0 2026-10-01 10:20:37
 4  0      0 522184  25892 737204    0    0     0   580 82136 3995 43 57  0  0  0 2026-10-01 10:20:38
 3  0      0 582300  25940 741440    0    0  1028   636 83257 11052 36 64  0  0  0 2026-10-01 10:20:39
 3  0      0 569736  25988 740672    0    0     0   584 14024 5655  7 14 79  1  0 2026-10-01 10:20:40
 1  0      0 945440  26096 675104    0    0  8912 38476 72787 25657 24 65  8  2  0 2026-10-01 10:20:41
