procs -----------memory---------- ---swap-- -----io---- -system-- ------cpu----- -----timestamp-----
 r  b   swpd   free   buff  cache   si   so    bi    bo   in   cs us sy id wa st                 UTC
 1  0      0 3254600  14976 328792    0    0  1200    76  167  290  2  4 93  1  0 2026-10-01 10:19:33
 0  0      0 3254600  14976 329016    0    0    28     0  105  156  0  1 100  0  0 2026-10-01 10:19:34
 5  1      0 3147260  16668 373248    0    0 21120 21524 4867 9132 36  7 38 20  0 2026-10-01 10:19:35
 0  0      0 3125880  17624 375676    0    0   692  9592 2963 5436 13  1 74 12  0 2026-10-01 10:19:36
 0  0      0 3125880  17624 375676    0    0     0     0   37   42  0  0 100  0  0 2026-10-01 10:19:37
 0  0      0 3125880  17624 375676    0    0     0     8   34   40  0  0 100  0  0 2026-10-01 10:19:38
 0  0      0 3106544  17880 377932    0    0     0  1060 4279 4397 11  3 82  5  0 2026-10-01 10:19:39
 0  1      0 3082884  18256 380864    0    0     0  1516 5625 5737 14  3 77  6  0 2026-10-01 10:19:40
 0  0      0 3036360  18696 385972    0    0     0  1668 10730 10278 30  4 60  7  0 2026-10-01 10:19:41
 0  0      0 3028724  18872 389596    0    0     0   736 8433 7861 22  3 72  3  0 2026-10-01 10:19:42
 0  1      0 3017116  19124 395036    0    0     0  1040 13167 12326 31  6 60  4  0 2026-10-01 10:19:43
 5  0      0 2964360  19440 400840    0    0     0  1288 15210 14348 32  9 55  5  0 2026-10-01 10:19:44
 0  0      0 2906776  19656 406496    0    0     0   852 15391 12200 41  8 49  2  0 2026-10-01 10:19:45
 1  0      0 2899620  19696 411708    0    0     0   184 18063 17959 34  8 58  1  0 2026-10-01 10:19:46
 1  1      0 2888696  19896 418444    0    0     0   884 18748 14630 42 10 45  3  0 2026-10-01 10:19:47
11  0      0 2854788  20048 423996    0    0     0   636 19932 17521 37  8 53  2  1 2026-10-01 10:19:48
 7  0      0 2779352  20312 432420    0    0     0  1184 23375 16529 54 11 32  3  0 2026-10-01 10:19:49
 6  0      0 2737784  20376 439364    0    0     0   364 22281 15235 58  7 34  1  0 2026-10-01 10:19:50
 2  0      0 2727036  20512 446644    0    0     0   592 25019 19925 49  9 40  2  0 2026-10-01 10:19:51
 2  0      0 2716440  20584 453960    0    0     0   384 25797 19326 54  8 37  1  0 2026-10-01 10:19:52
 4  0      0 2673192  20616 460972    0    0     0   188 27214 20329 51 11 38  1  0 2026-10-01 10:19:53
procs -----------memory---------- ---swap-- -----io---- -system-- ------cpu----- -----timestamp-----
 r  b   swpd   free   buff  cache   si   so    bi    bo   in   cs us sy id wa st                 UTC
 6  0      0 2599828  20616 468268    0    0     0     0 28624 20418 57  9 34  0  0 2026-10-01 10:19:54
 4  0      0 2544024  20688 475748    0    0     0   392 26580 14172 66 10 23  1  0 2026-10-01 10:19:55
 3  0      0 2531704  20784 484132    0    0     0   468 29844 18773 62 11 26  0  0 2026-10-01 10:19:56
 4  0      0 2521888  20856 490988    0    0     0   424 29715 20151 52 13 34  0  0 2026-10-01 10:19:57
 3  0      0 2511232  20856 499220    0    0     0     0 28972 12821 63 11 26  0  0 2026-10-01 10:19:58
 1  0      0 2458044  20936 506368    0    0     0   424 31161 17300 57 13 29  1  0 2026-10-01 10:19:59
 2  0      0 2373200  20936 514432    0    0     0     0 32579 16076 60 16 23  0  0 2026-10-01 10:20:00
 4  0      0 2328624  20936 521420    0    0     0     0 29984 10494 68 13 19  0  0 2026-10-01 10:20:01
 4  0      0 2317784  20936 529384    0    0     0     8 33701 16867 67 12 21  0  0 2026-10-01 10:20:02
 4  0      0 2308696  20936 535424    0    0     0     0 35251 21266 51 14 35  0  0 2026-10-01 10:20:03
 6  0      0 2297464  20944 543972    0    0     0   608 32988 11609 69 11 20  0  0 2026-10-01 10:20:04
 7  0      0 2285476  20984 550028    0    0     0   236 36272 21524 54 13 33  1  0 2026-10-01 10:20:05
 4  0      0 2221760  20984 557732    0    0     0  2496 36185 14589 64 17 20  0  0 2026-10-01 10:20:06
 6  0      0 2138380  20984 564488    0    0     0     0 36284 16609 58 16 25  0  0 2026-10-01 10:20:07
 4  0      0 2083684  20984 569568    0    0     0   185 34399 10931 67 13 20  0  1 2026-10-01 10:20:08
 3  0      0 2073180  21048 578244    0    0     0  5736 37455 15465 59 15 26  1  0 2026-10-01 10:20:09
 6  0      0 2067384  21056 583544    0    0     0    88 39925 21229 57 12 31  0  0 2026-10-01 10:20:10
 2  0      0 2059624  21056 589460    0    0     0 60744 37455 18063 58 15 25  2  0 2026-10-01 10:20:11
 3  0      0 2051172  21072 596516    0    0     0   156 39450 17015 61 14 25  1  0 2026-10-01 10:20:12
 2  0      0 2042420  21112 601952    0    0     0   232 40616 19913 53 19 29  0  0 2026-10-01 10:20:13
 6  0      0 2035784  21112 606716    0    0     0    16 38336 22916 43 16 41  0  0 2026-10-01 10:20:14
procs -----------memory---------- ---swap-- -----io---- -system-- ------cpu----- -----timestamp-----
 r  b   swpd   free   buff  cache   si   so    bi    bo   in   cs us sy id wa st                 UTC
 0  0      0 1980612  21112 611620    0    0     0     0 38634 18516 53 14 33  0  0 2026-10-01 10:20:15
 2  0      0 1913832  21112 616528    0    0     0 85368 39982 21641 51 18 30  1  0 2026-10-01 10:20:16
 6  0      0 1841492  21112 620724    0    0     0     0 36697 16829 65 15 19  0  0 2026-10-01 10:20:17
 2  0      0 1833664  21120 625104    0    0     0   144 39473 21542 48 15 37  0  0 2026-10-01 10:20:18
 2  0      0 1826020  21120 628968    0    0     0     0 40756 24820 44 15 41  0  0 2026-10-01 10:20:19
 3  0      0 1820912  21120 633004    0    0     0     8 38244 23937 41 15 44  0  0 2026-10-01 10:20:20
 2  0      0 1845584  21120 636868    0    0     0 48296 40338 22967 49 15 35  2  0 2026-10-01 10:20:21
 0  0      0 1838456  21120 640068    0    0     0     0 40475 27392 35 15 50  0  0 2026-10-01 10:20:22
 3  0      0 1832800  21128 643904    0    0     0   112 40563 25114 46 16 38  0  0 2026-10-01 10:20:23
 1  0      0 1828796  21128 647224    0    0     0     0 39491 25733 36 12 51  0  0 2026-10-01 10:20:24
 3  0      0 1823424  21136 650536    0    0     0   112 41068 28580 36 12 51  0  0 2026-10-01 10:20:25
14  0      0 1816324  21136 654888    0    0     0 14592 39343 21903 49 15 35  1  0 2026-10-01 10:20:26
 2  0      0 1810388  21136 657564    0    0     0     0 38326 23711 34 15 51  0  1 2026-10-01 10:20:27
 5  0      0 1764900  21136 660752    0    0     0     0 40793 26180 41 16 43  0  0 2026-10-01 10:20:28
 2  0      0 1709976  21136 664184    0    0     0     0 40991 24118 46 15 40  0  0 2026-10-01 10:20:29
 2  0      0 1650144  21144 667496    0    0     0   124 36207 21354 45 17 38  0  0 2026-10-01 10:20:30
 3  0      0 1630208  21144 669744    0    0     0  9512 39670 22873 42 16 42  0  0 2026-10-01 10:20:31
 3  0      0 1626316  21144 671760    0    0     0    12 39860 27877 36 13 51  0  0 2026-10-01 10:20:32
 0  0      0 1620252  21144 675348    0    0     0     0 40375 25111 47 14 40  0  0 2026-10-01 10:20:33
 0  0      0 1615212  21144 677728    0    0     0     0 37468 24317 39 11 50  0  0 2026-10-01 10:20:34
 2  0      0 1610564  21152 681104    0    0     0   112 41774 27772 36 14 49  0  0 2026-10-01 10:20:35
procs -----------memory---------- ---swap-- -----io---- -system-- ------cpu----- -----timestamp-----
 r  b   swpd   free   buff  cache   si   so    bi    bo   in   cs us sy id wa st                 UTC
 0  0      0 1606196  21152 683940    0    0     0     0 40962 28054 35 17 48  0  0 2026-10-01 10:20:36
 2  0      0 1603272  21152 685724    0    0     0  1568 41254 30065 29 15 57  0  0 2026-10-01 10:20:37
 0  0      0 1597924  21152 688648    0    0     0     8 41022 27066 43 13 45  0  0 2026-10-01 10:20:38
 0  0      0 1593248  21152 692476    0    0  1952   108 43346 29008 31 14 55  1  0 2026-10-01 10:20:39
 0  0      0 1593248  21160 692644    0    0     0   124 7154 5364  2  2 97  0  0 2026-10-01 10:20:40
 0  0      0 1636644  21160 680948    0    0     0     0 49866 36957  9 14 77  0  0 2026-10-01 10:20:41
 0  0      0 1636644  21160 680948    0    0     0 16468  166  232  0  0 98  2  0 2026-10-01 10:20:42
 1  0      0 1626596  21160 680948    0    0     0     0  288  446  2  1 97  0  0 2026-10-01 10:20:43
